1.532483989991066551e+02
1.437599672094308119e+02
1.385226420278202681e+02
1.329851365180024345e+02
1.269693786425135613e+02
1.303767547623141922e+02
1.295495814508705053e+02
1.281633479693836080e+02
1.204682198678094949e+02
1.206268507573664976e+02
1.199797756853864996e+02
1.125488228791112277e+02
1.261495271625747989e+02
1.300536563613073042e+02
1.302677583640900707e+02
1.337503815402330076e+02
1.305443859812589835e+02
1.264930619757680290e+02
1.232505176527656943e+02
1.287695241583809320e+02
1.235994006540821459e+02
1.266268800578949367e+02
1.190754491312944765e+02
1.162001348954624405e+02
1.169316572043770037e+02
1.169821739327553018e+02
1.162628918760447618e+02
1.201035335153195831e+02
1.193146505998209363e+02
1.202933208085900674e+02
1.214861790990078987e+02
1.267696550848922072e+02
1.280718345562899003e+02
1.197605143706107640e+02
1.221554790176775782e+02
1.280877309984176122e+02
1.233356359374991484e+02
1.213390318089871869e+02
1.215735989499828236e+02
1.233823085069294336e+02
1.194856652450257428e+02
1.212599738908145497e+02
1.246088796912225121e+02
1.260458145760835293e+02
1.253394157637089137e+02
1.261067406982946295e+02
1.271534144812497118e+02
1.253712170355503304e+02
1.177505368546282796e+02
1.135626412028825456e+02
1.138336250042005986e+02
1.199579260216292056e+02
1.171098950133591643e+02
1.133399758576841947e+02
1.202759924548675485e+02
1.224707329113877989e+02
1.209272641304143860e+02
1.198172478736644564e+02
1.177283718046701608e+02
1.185990701389280275e+02
1.195204445004454499e+02
1.193391510855677780e+02
1.202708101351867924e+02
1.177689945633813409e+02
1.164974927642885376e+02
1.194252327735573402e+02
1.215511806724221344e+02
1.189626233360562253e+02
1.151014971501343211e+02
1.129198807649429597e+02
1.149031204422892074e+02
1.199642009019968469e+02
1.160695219866670698e+02
1.119736299378617730e+02
1.140194971124773105e+02
1.111364000818984721e+02
1.095883071974103302e+02
1.104242183748871042e+02
1.079131481836413542e+02
1.130207798954929785e+02
1.110011025354275063e+02
1.121789268153089125e+02
1.132551389766043144e+02
1.175817910586768562e+02
1.202302060359967300e+02
1.192364546519062714e+02
1.213165163641984492e+02
1.148467898689628441e+02
1.131513363803900063e+02
1.161468222815473439e+02
1.174716391818612351e+02
1.160032816702292280e+02
1.126324670597332300e+02
1.120918084479773285e+02
1.059488141361269982e+02
1.066701491473397425e+02
1.073545762212153107e+02
1.113128553477791769e+02
1.113341819661253425e+02
1.129210799194142538e+02
1.043537186710924800e+02
1.014530994049868298e+02
1.024485467309275606e+02
1.018181900775698949e+02
1.055479400133933154e+02
1.034214636185427878e+02
1.026528963842274607e+02
1.011048004730985639e+02
9.784898223754538549e+01
1.080657664541474503e+02
1.102808505452974686e+02
1.094909649115645038e+02
1.030172489399317470e+02
1.003121061418170399e+02
1.021025904330635541e+02
1.026384974588843164e+02
1.020808102335575569e+02
1.033627708601852362e+02
1.022690059805597116e+02
9.998112244526392089e+01
1.046274097053796481e+02
1.010980480685601748e+02
9.920009349663102682e+01
9.766609346695170757e+01
9.306830172228663400e+01
9.516275866567831088e+01
9.521327670558878253e+01
9.418612081340768327e+01
9.590526804783573311e+01
9.740365383266535559e+01
9.495715115523277916e+01
9.540126906424559650e+01
9.395939934214119660e+01
1.022272667632917518e+02
1.068465630297248197e+02
1.076317011509637069e+02
1.131429436144471339e+02
1.181360677842390032e+02
1.191542975826061053e+02
1.147404623380086548e+02
1.096866473908164039e+02
1.058834310404836856e+02
1.047191971272024063e+02
1.060398276460175282e+02
1.006593106641431916e+02
1.037370881997065197e+02
1.022342531098813794e+02
1.040497292164159262e+02
9.921890601369771900e+01
9.790757909326076458e+01
1.079910800521112009e+02
1.151544654293855103e+02
1.113002369343158620e+02
1.074641810267937245e+02
1.040498936356474502e+02
1.044952179286902378e+02
1.031405448163132945e+02
1.007786497030704567e+02
1.025942383046707818e+02
9.506915401344065231e+01
1.006659914780835265e+02
9.968634670117006635e+01
1.003683171712649198e+02
1.060452072603754203e+02
1.083908862195397376e+02
1.103648281095148320e+02
1.136086011158647153e+02
1.088645590259761775e+02
1.091749597463923180e+02
1.063314015792147842e+02
1.114719789456988650e+02
1.064065152167565884e+02
1.082242742792779779e+02
1.076235870802740067e+02
1.111670042633449071e+02
1.110821127090693210e+02
1.103672480867932251e+02
1.105742950140620593e+02
1.101646583582594872e+02
1.093623092135216837e+02
1.047063812316656879e+02
1.022502428048052394e+02
1.026341154433107192e+02
1.038051120089138095e+02
1.018663058779284682e+02
1.058995345251365308e+02
1.051973079663995776e+02
1.041030933998801373e+02
9.431213191494371983e+01
1.009813087314116444e+02
1.011346536035466812e+02
1.050781149612095220e+02
1.078460099085440191e+02
1.059771826711119900e+02
1.106258110879420684e+02
1.086391028390005573e+02
1.074550719569353845e+02
1.044375993756183192e+02
1.045668109306025571e+02
1.046039440839569465e+02
1.046583650427125178e+02
1.074078310420866984e+02
1.037582191428305833e+02
1.047333780562381662e+02
1.053231030666248955e+02
1.013751040894529893e+02
1.030514948564375572e+02
1.030277744553607988e+02
1.047045737439815980e+02
1.061433129217259363e+02
1.090404127937997032e+02
1.106613824967269153e+02
1.049492174550604062e+02
1.064105493350332807e+02
1.079957486937416746e+02
1.034677805310179508e+02
9.960257142248083539e+01
9.947834282991379951e+01
9.583710993425863478e+01
9.951424300117878374e+01
9.992805904246532123e+01
9.347728715943608790e+01
9.814167820324730940e+01
9.893252599933271085e+01
1.045288637442396578e+02
9.782788200008609181e+01
9.771444115371041050e+01
1.040045634435298751e+02
1.069572335005683783e+02
1.128825916257565041e+02
1.107491265611262889e+02
1.093781344332239058e+02
1.085286354033934657e+02
1.084383128525873587e+02
1.094444971735184566e+02
1.119011647773538556e+02
1.075361148797474300e+02
1.039672143544176350e+02
1.027848310963864549e+02
1.006749909927348483e+02
9.724187896701249656e+01
9.578911705970286050e+01
9.801763703642973269e+01
9.770582510204575044e+01
9.976662953057358152e+01
1.011883780535665807e+02
1.031300389891746647e+02
1.058719483403191362e+02
1.060765316665262503e+02
1.093832948203751698e+02
1.096183398000087408e+02
1.111749361204281286e+02
1.097255305417902491e+02
1.078649086611199834e+02
1.100863293228347572e+02
1.046340529577361593e+02
1.052435702260170416e+02
1.052711537965166144e+02
9.359647208742684654e+01
9.117525862276538362e+01
9.523220524170143619e+01
9.434180556628659531e+01
8.969634577679701692e+01
8.970795753047359256e+01
9.021117294910320084e+01
1.003819825783799899e+02
9.769823103539764020e+01
9.974773110677828925e+01
1.018346374712065483e+02
1.025583105404500657e+02
1.015131469511202482e+02
1.084496577512638282e+02
1.069847340809790381e+02
1.074146374129775978e+02
1.057237969389373689e+02
1.074236139703350545e+02
1.067182668541940131e+02
9.861511260111446120e+01
9.635547024737932986e+01
9.184944147986853125e+01
9.536197161941876743e+01
9.459645559628307865e+01
9.778796728931725113e+01
9.590537222998236189e+01
9.702260681079424387e+01
9.858690384442355992e+01
9.833769922685276299e+01
9.857885868976157440e+01
1.002624118163042368e+02
9.775267499711979724e+01
1.039020270467235605e+02
1.014886291207846654e+02
1.029532526705644813e+02
1.023191002213774681e+02
1.070029328898598493e+02
1.034509290684061398e+02
9.912029452160454923e+01
1.035392053036306947e+02
1.051397447164117125e+02
1.092432400415066382e+02
1.078457164641921509e+02
1.049991583698039790e+02
1.067526022588020140e+02
1.087631347009694451e+02
1.119744353784889483e+02
1.088033775943571868e+02
1.051987041505725813e+02
1.003425410010396632e+02
1.090767644343132048e+02
1.103274434386087250e+02
1.052180255400115954e+02
1.065490139519353932e+02
1.002143452975680873e+02
1.007012218846728331e+02
1.020990342362115797e+02
1.034346631797886289e+02
1.028387042610429347e+02
1.045001585858492916e+02
1.061958912947985993e+02
9.851463350745993353e+01
9.904695428712346938e+01
9.664269601808251764e+01
9.690698284866937229e+01
9.449219242289704823e+01
9.627319770400445975e+01
1.008362233121954006e+02
9.996550931840265264e+01
1.011900953449063820e+02
1.091482662015713458e+02
1.101835803699216711e+02
1.102787729744266301e+02
1.133889226896297373e+02
1.152230015076598022e+02
1.063611546322883754e+02
1.091014417205115166e+02
1.078618016577612764e+02
1.037809202025189279e+02
1.079819551005163731e+02
1.077673334444069582e+02
1.135704473077205847e+02
1.186858389515754197e+02
1.146051592833056247e+02
1.128624130893859103e+02
1.152584388675677332e+02
1.147514197219333738e+02
1.106298819176534920e+02
1.099742977352305360e+02
1.064306265095467410e+02
1.025223613398117237e+02
9.808363197806858125e+01
1.062298086398355252e+02
1.108253081603521650e+02
1.081365233670473174e+02
1.086042629910899251e+02
1.013486910429840577e+02
1.001573603040256870e+02
1.028494320081930340e+02
1.052891504798957243e+02
1.060919782602196477e+02
1.038872071478453307e+02
1.023333669539365189e+02
1.005639970010986275e+02
1.004293144949556478e+02
9.676462270177344749e+01
9.771860092874425163e+01
1.051324904747112754e+02
9.962102755028399770e+01
9.774382558655956643e+01
9.842997975860288307e+01
1.018171412394746511e+02
9.550689366347610587e+01
9.665975295682727619e+01
1.020739257949209957e+02
1.016495120846885669e+02
9.798048816444966747e+01
9.104881519383538091e+01
9.706857655737442769e+01
9.816642151098999136e+01
1.006543807114089617e+02
1.024885178741815679e+02
1.026307972357653142e+02
1.053590038336175212e+02
9.931701251497477756e+01
9.830515091766270075e+01
9.459171839145248839e+01
9.179280782589920307e+01
9.261364836858550120e+01
9.126662666636960353e+01
8.953116635821568536e+01
8.836526137556316485e+01
8.493892820425354273e+01
8.850654107169208373e+01
8.349207838779665281e+01
8.336400869351163578e+01
9.260303476713114890e+01
8.695628648778175318e+01
9.300731558811989430e+01
9.729412711055921648e+01
9.753894407959600699e+01
1.013281882137403471e+02
9.917254529845291700e+01
1.020074569282623855e+02
1.029657565364193346e+02
1.003035247001144654e+02
9.932681014183775403e+01
1.005004136333742792e+02
9.963396489068543360e+01
1.019648309402565474e+02
9.109178133661171728e+01
8.948867084208607992e+01
9.327903707227679320e+01
9.300949194312150325e+01
9.245949271845714179e+01
9.004533831853423465e+01
9.040765348026039305e+01
9.146495479149639607e+01
9.473343875916501133e+01
1.082079423512771399e+02
1.032331358119135416e+02
9.595675289910492722e+01
9.507027641470932622e+01
9.137595875547873447e+01
9.959943396703775420e+01
9.815566026266873223e+01
9.524296382800451966e+01
9.436317081191766931e+01
9.621587286193620514e+01
9.757037339563757428e+01
1.008278800803279012e+02
1.024744248647668741e+02
1.032291006369011086e+02
1.044583343188371600e+02
1.040807563172569132e+02
9.539861159151760717e+01
9.465274753221689252e+01
9.743133590190782911e+01
9.458388723763239625e+01
8.497047869812604404e+01
9.326171657437906504e+01
9.555410085576752977e+01
9.923493990707677881e+01
1.008482701999363940e+02
1.008644804825785002e+02
1.032328043041154331e+02
1.008963165495586622e+02
1.052097229361289408e+02
1.002856892121182710e+02
9.665737125879093128e+01
9.552206986282293144e+01
1.006233962474672552e+02
1.028572945591809429e+02
1.085360378549452918e+02
1.097264474719248142e+02
1.104097992344213566e+02
1.105398244620282213e+02
1.056472063731984434e+02
1.033760526631910892e+02
1.046245317834068800e+02
1.066857052851182175e+02
1.033402849862705324e+02
1.016877937365166105e+02
1.005431542978543149e+02
9.442759697033429234e+01
8.973740677814870992e+01
9.154414465709925253e+01
9.471570658758241734e+01
9.862029372885838541e+01
1.022941841186480474e+02
1.046022245380385556e+02
9.964525643400334332e+01
1.003392866753606825e+02
1.024593694730459390e+02
9.980753042380868578e+01
1.021121315877595492e+02
1.020211722411064983e+02
1.015091622279346097e+02
9.978166964407871831e+01
1.001188009929820737e+02
1.001087704251966812e+02
9.971337866102274461e+01
1.021466703884628231e+02
1.058982584028708374e+02
1.022683605265532520e+02
9.777501150366111915e+01
9.999911723069750735e+01
9.865133978504604784e+01
9.653147048473714165e+01
9.866857192269476684e+01
9.374236482480390009e+01
9.113645522664828036e+01
8.953058220748826557e+01
8.916640751012104715e+01
8.950894355435195848e+01
9.107792371979373058e+01
9.243318787475941178e+01
9.619336752576505489e+01
9.186051922813247472e+01
9.639094929186880734e+01
9.970842206980583455e+01
1.051450992734356618e+02
1.030909345209070551e+02
1.013855227844571800e+02
9.895478795278087603e+01
9.249405891268366986e+01
9.688044848434412870e+01
9.818959610589763543e+01
9.582037512826406100e+01
9.130112552303016571e+01
9.504491447578924124e+01
9.366845738507534236e+01
9.498518770954933643e+01
9.387229127073953805e+01
9.198373651508988758e+01
9.567244934726086569e+01
9.136018594552815841e+01
9.014813547453562137e+01
9.172178831257818388e+01
9.356612220697817861e+01
8.981413461879189697e+01
9.669727142578021528e+01
9.424187962394111651e+01
9.010524613750371259e+01
8.812142068222740932e+01
8.957416001479973033e+01
9.256223973395366045e+01
9.591031071704749422e+01
9.546638165514565344e+01
9.506464414028720000e+01
9.225185443205066349e+01
9.607098304505886688e+01
9.941196411672628130e+01
1.016695134639348339e+02
9.991170003364440788e+01
9.807797527868349619e+01
1.016208905397411115e+02
1.003846243593166747e+02
1.026848101809461724e+02
9.934368161108189099e+01
1.007932377870973397e+02
1.036823422997337190e+02
1.029956253356557454e+02
1.025255995467178565e+02
1.036894412264538090e+02
1.062913518674762230e+02
1.053360641499090775e+02
1.034804557854698430e+02
1.006056998619889669e+02
1.012014041603457315e+02
1.093591220172101117e+02
1.044332246074086186e+02
1.034707260152494399e+02
1.073603004201125941e+02
1.064086597241691692e+02
9.862864775826433572e+01
9.925718118613528418e+01
1.000594614403824210e+02
9.918342806024608649e+01
1.017600710283077490e+02
1.001882959254241428e+02
9.706614415883154834e+01
9.416976115189736163e+01
9.854339239741746326e+01
9.007347870634357889e+01
1.001042809615384783e+02
1.037586707720172825e+02
1.019548280801497953e+02
1.029648105272044631e+02
9.914319510856140027e+01
9.946428922144244211e+01
9.638441312584114939e+01
1.004335700217965268e+02
1.052219275905461870e+02
1.040984183628045656e+02
1.020376577860917280e+02
1.061226944037783113e+02
1.076941522835936667e+02
1.083033504721232987e+02
1.046533848970956342e+02
1.039499648019812383e+02
1.027310766519352256e+02
1.009534232815925350e+02
9.780173591938221023e+01
1.007199634317304344e+02
9.947353431024123438e+01
1.032053948790770335e+02
1.020503813443444017e+02
1.046535746705489913e+02
9.839030432039608343e+01
1.080298204352145035e+02
1.070420370837278341e+02
1.037359725883443673e+02
1.069597365733125542e+02
1.041746643901477398e+02
9.783451382892167203e+01
9.292908710203073497e+01
8.856447125447211022e+01
8.946546872016784846e+01
9.683077203467102834e+01
9.514966497791479583e+01
9.670610128481733625e+01
9.752405758599374508e+01
9.708230478186825962e+01
9.674112224289321205e+01
9.988757998758360657e+01
1.006886831091291867e+02
1.023562391721836633e+02
1.081600319594664086e+02
1.091618791274734264e+02
1.062529433732524353e+02
1.048346347018669604e+02
1.039016322744479766e+02
1.049560079968671999e+02
1.047771891110190978e+02
1.080340248071601366e+02
1.060627656516313095e+02
9.933328796963768070e+01
1.004826245601498016e+02
9.677029909100501470e+01
1.006731994836253818e+02
9.846790576157128783e+01
1.031726345176763573e+02
1.017967627010173004e+02
9.953360924877728166e+01
1.004266819058857720e+02
9.672853400356444808e+01
9.601114142488570735e+01
9.482250031228595333e+01
9.615002527540995914e+01
9.833532695221072117e+01
1.005024407191808109e+02
9.442846770325169814e+01
1.004736560090018855e+02
9.745891835619624999e+01
9.692051538150766987e+01
9.874303845168465443e+01
9.789490173513929960e+01
1.034702546624754547e+02
1.065624069410362011e+02
1.025996491416222369e+02
1.025189356842656707e+02
1.077812309294868385e+02
1.022494499558469272e+02
1.016687184780246724e+02
9.833910370924226640e+01
9.249625862028038625e+01
9.569262011855636274e+01
9.392859297010778619e+01
9.355420609399423881e+01
9.488018651257793579e+01
9.364393190439795944e+01
9.538178612745019791e+01
9.579605085732679015e+01
9.316920086294702230e+01
9.339302067855460621e+01
9.957899165933199015e+01
9.996725376515723838e+01
1.008811476242473759e+02
9.630606178367753500e+01
9.293511495796448685e+01
8.997545164830991382e+01
9.767800227246564759e+01
9.879264043161548159e+01
1.066314362431106986e+02
1.034327908260677447e+02
1.050582172492269137e+02
1.030576617743850250e+02
1.072153798321730989e+02
1.138800722474253462e+02
1.135151036900575150e+02
1.059702551562913726e+02
1.018071623345559686e+02
9.900216797271943392e+01
9.984638217455885467e+01
1.066264220171925530e+02
1.007718478700690241e+02
9.760758983393593269e+01
1.004247292894364847e+02
9.997585652733093298e+01
1.017348657262925542e+02
9.979378491865340095e+01
1.004547344888841849e+02
1.003287953586048786e+02
1.000740458196654714e+02
1.033639444607103854e+02
1.093378223768921202e+02
1.026942474511177181e+02
1.041501933846966210e+02
1.013703768654132915e+02
1.009394001571083663e+02
1.003816123908815285e+02
1.025554234369256790e+02
1.030907183313754132e+02
1.068940659781353304e+02
1.029033195772769886e+02
9.978621485078929254e+01
1.015520099461827357e+02
9.875233273650123067e+01
9.724301366420027648e+01
9.905847611762315807e+01
9.645937617099475858e+01
1.009928630017383142e+02
1.037740300815797241e+02
1.065000214449309937e+02
1.026423780691032732e+02
1.018165924717451958e+02
1.057433794795751254e+02
1.038261914421482430e+02
1.069090267975528263e+02
1.063103418715544279e+02
9.765180540756112748e+01
1.027105879218212721e+02
9.893952352619399448e+01
1.017073982925246440e+02
1.014275240643738130e+02
9.760796415076480059e+01
1.016973166966884605e+02
1.007263976839620341e+02
9.621740521315720684e+01
9.303281952517707509e+01
9.096566157380061668e+01
9.621929630734646821e+01
9.998573123514412941e+01
1.029387900184452462e+02
1.052882312397300808e+02
1.028978015848441316e+02
1.021222732809103917e+02
9.697524092979789145e+01
1.029278394913059884e+02
1.014933535936942661e+02
1.037527248188518030e+02
1.048404602541970121e+02
1.052572719000755512e+02
1.022903460230912458e+02
9.703801290022465764e+01
1.003371334678155762e+02
1.054563254435741726e+02
1.063223668093221761e+02
1.023219199028253144e+02
9.376205742805518639e+01
9.049212794956486050e+01
9.950414991215838256e+01
9.467249355598036686e+01
9.729672428054567490e+01
9.879089164333895212e+01
9.842283616895423393e+01
9.518176413460231799e+01
9.629208457986145220e+01
1.013864538928527139e+02
9.891903625133377886e+01
9.880654141610948216e+01
1.003801930824347295e+02
1.029865410974862385e+02
1.066759242491016693e+02
1.042636314538712554e+02
9.515680683046302590e+01
1.032653138984129981e+02
1.047474145509287666e+02
1.044771618705119209e+02
1.008520785996032885e+02
1.001762426232383234e+02
9.651509541495489941e+01
9.400733459988035179e+01
9.662105682470563295e+01
9.517123098595708086e+01
9.816126799572539596e+01
1.011100536538027512e+02
9.974026116601596925e+01
1.047802621793873499e+02
9.687399831173917164e+01
1.025838265983001349e+02
1.054076853263145637e+02
1.001223246751500398e+02
1.001939609754483627e+02
1.015295761735020506e+02
1.001689660498759054e+02
9.229883143697685455e+01
9.333129279706250259e+01
9.449083174043008171e+01
9.174649118951752769e+01
9.159119829581945282e+01
9.309102898759408617e+01
9.125141137515043965e+01
9.155546606019778721e+01
9.575604484176702158e+01
1.003539505467577584e+02
1.011194035825393058e+02
9.988262281730614234e+01
1.022126861888608431e+02
1.025436862922675800e+02
1.003367463255410428e+02
1.028802207622721880e+02
1.038246079635621868e+02
9.818739899437127860e+01
1.109730785838561786e+02
1.112214620602959769e+02
1.103329373269512672e+02
1.091258872655758836e+02
1.014049727386221207e+02
1.045415339249904179e+02
1.005562373444595607e+02
9.310513163974977147e+01
9.672514403909417524e+01
9.212777090150132153e+01
9.595544225973141295e+01
9.576741462856323039e+01
9.619019552539417361e+01
9.837928506228782055e+01
9.434611510159163572e+01
9.311297791421738168e+01
9.218193032541546472e+01
9.425177271062852924e+01
9.135989683970213093e+01
8.881059298160081994e+01
9.353086901737749770e+01
9.795882954196021331e+01
1.022044834805024749e+02
9.969089251419966047e+01
1.018813511947050472e+02
1.036914820772331325e+02
1.020708751278093871e+02
1.053378689153395413e+02
1.049137183900526793e+02
1.019452456913577407e+02
1.038952328407033008e+02
1.030138295955414947e+02
9.683666305691038190e+01
9.886143543027907299e+01
1.063639284043797772e+02
1.062608696229345355e+02
1.031018793260908666e+02
1.063212717490407186e+02
1.027800513642282283e+02
1.083046704405328597e+02
1.045196290572644529e+02
1.142260527303354820e+02
1.100179220767022770e+02
1.064417313201710158e+02
9.954641712464496095e+01
9.745764181129376880e+01
9.876571158894506652e+01
1.036894675555229668e+02
1.036624979588339102e+02
1.017028158877636770e+02
1.040213130314198366e+02
1.093679514897174840e+02
1.048137242433857494e+02
1.090911523447709470e+02
1.095932182884383650e+02
1.070773159813194582e+02
1.007231736681139154e+02
9.706390495103681815e+01
9.518343051380966813e+01
1.001130974830038269e+02
1.043168196935946099e+02
1.044514419621318240e+02
1.060636718772698828e+02
1.048498443146205261e+02
1.002003649093093713e+02
9.614015039736611357e+01
9.722330061620085928e+01
9.332914847439420214e+01
9.750695662156208243e+01
9.991699148420610754e+01
1.004834645140415432e+02
1.006345758674677171e+02
1.036934519700729993e+02
1.033867233051631729e+02
9.991631129349765672e+01
9.893730155517738467e+01
1.016115701278698680e+02
1.042004336832270468e+02
9.870701128847058214e+01
9.761378880495443866e+01
9.506702493268693388e+01
9.639412167935259390e+01
9.985458239563770633e+01
9.873778650418614689e+01
9.540914418449332857e+01
1.024994034096431790e+02
1.002243315393255187e+02
1.024896088164776131e+02
1.028226820270754160e+02
1.065041057658232830e+02
9.688884653307208339e+01
9.154564941336420247e+01
9.326011868012832906e+01
9.066140533918766664e+01
9.326230189947008853e+01
9.748749191761595512e+01
1.017468247104208245e+02
1.057592557943808202e+02
1.011103856100144327e+02
1.009054614357982871e+02
1.006924307551203697e+02
1.030411204858605743e+02
9.346693656708158926e+01
9.643385988926519303e+01
9.900803637881315922e+01
9.886573846538203725e+01
1.034694472571226385e+02
9.694615297263615616e+01
1.000231755204720656e+02
1.019332833997315788e+02
1.044717308594641452e+02
1.016441844373081409e+02
1.042233973997827547e+02
1.023858809475617591e+02
1.001760220518766005e+02
1.026899474198852289e+02
1.040647179800826194e+02
1.049978025678157394e+02
1.030935099210921919e+02
1.045433341709510700e+02
9.931440455721556759e+01
9.954426365578677860e+01
9.900205789863123584e+01
9.822369470109639167e+01
9.425213474257044766e+01
9.328377983135581530e+01
9.328849419100588136e+01
9.515195718903400746e+01
9.630817267823417183e+01
9.275521146694694608e+01
9.154773082222520486e+01
9.442463115891209213e+01
9.666345561870735992e+01
9.829799444836906730e+01
1.014611303278085330e+02
1.012570754215455509e+02
9.760175340599727178e+01
9.846270126306792747e+01
9.717533933093667997e+01
9.759438607707311064e+01
1.049602220560969528e+02
1.094092619407849440e+02
1.048073110191620003e+02
1.021133129141935569e+02
9.582986765833098275e+01
9.280664679824728580e+01
8.712436588831818085e+01
8.581118848987736669e+01
8.681938787389061929e+01
8.676822485106197291e+01
8.572967484291892504e+01
8.709088466362197778e+01
8.630166513533552575e+01
8.990330314996067784e+01
8.769079092047465451e+01
8.553284060303035119e+01
8.475980742719465866e+01
8.809834593366080924e+01
8.783130880184485534e+01
8.990217370468621993e+01
9.501760395082689570e+01
9.735269170469092614e+01
1.022040840241192114e+02
1.028232470424120208e+02
1.051613666887392355e+02
1.062069107266535894e+02
1.051280549886551228e+02
1.042812725656591368e+02
1.039867278209773502e+02
1.010608721994496619e+02
1.047102781077466460e+02
1.015394564153425421e+02
1.012110052826758562e+02
1.030074584573193164e+02
1.030490991049762499e+02
1.032290996702637784e+02
9.903565243581330435e+01
9.860468259298004057e+01
9.696182152318509395e+01
9.934799444673708990e+01
9.994469020938367976e+01
9.270016183464838377e+01
9.192295684794426336e+01
9.520170117325352521e+01
9.840429280153564662e+01
9.949270532456947080e+01
1.001195571922888377e+02
1.065644052305846401e+02
1.044600298603595547e+02
1.021395777789993105e+02
1.046553697850287534e+02
1.086922680406842545e+02
1.008183558817256795e+02
9.879201769954529766e+01
9.423944846906762507e+01
9.460428677430911648e+01
9.469624971191056773e+01
9.731883254701425301e+01
9.835857384401063541e+01
9.426061841767275951e+01
9.927040626442177995e+01
9.461800672742758422e+01
9.217939179461004073e+01
9.172768954356421034e+01
9.579807555506958749e+01
9.589632068919753749e+01
9.693078802658590121e+01
9.462626654777044166e+01
1.012523224437106109e+02
1.003652046578947648e+02
9.835568193039513574e+01
9.528276877115301602e+01
9.637567044358574719e+01
9.778236008252113720e+01
9.980530484403034563e+01
1.027294291859299449e+02
1.047821712755030461e+02
1.016924297917283440e+02
1.039919944666015112e+02
1.078208935799378736e+02
1.021396659453625659e+02
9.885167391423409811e+01
9.791816035593096501e+01
9.672917100375124733e+01
9.815760492206928234e+01
9.735534711486661763e+01
9.402632483808874042e+01
9.582296280299478042e+01
9.489598486773338948e+01
9.390930349885799444e+01
9.709606007106482650e+01
9.728080241795125005e+01
1.036504897542412067e+02
1.088942471681355215e+02
1.094075889016148295e+02
1.102044859294406365e+02
1.097918226728551048e+02
1.046950917568791510e+02
9.847904630932835346e+01
9.657106813510849008e+01
9.655737454705908362e+01
9.943318436358417500e+01
9.588287126043496755e+01
9.486065040244150737e+01
9.562057273945492852e+01
9.243231316771635875e+01
9.558483040226528260e+01
9.928654802075924124e+01
9.771008026004020053e+01
9.840414697132845845e+01
1.015248977338770544e+02
1.003195864361342302e+02
9.381174607155980993e+01
9.760352608850800493e+01
1.002922367178764063e+02
9.954599144412890155e+01
1.012101658846032848e+02
1.031434661220191202e+02
1.081224614998771756e+02
1.046790990045770116e+02
9.351106656380520121e+01
9.589261020282313552e+01
9.537379794377794440e+01
9.897032723063880155e+01
9.795872214057068561e+01
9.663673091537269499e+01
9.858327451464171531e+01
9.912929745671098658e+01
1.002946449904734720e+02
9.320245303093612677e+01
1.009234576064689719e+02
1.004730707916728107e+02
1.030103711940625573e+02
1.033912938597891582e+02
9.782913360608596065e+01
9.528003267973028301e+01
9.641550166661156140e+01
9.171937009551393771e+01
9.199972234668655346e+01
9.087249152354171144e+01
9.245693873472949065e+01
9.202865307920939131e+01
9.086993721259810286e+01
9.927120128552944323e+01
9.764850434608902674e+01
9.295914444977512403e+01
9.512460202983912438e+01
9.321468004844743405e+01
9.058602648555996950e+01
8.919594874856386468e+01
9.455769958210099446e+01
9.897309969339599434e+01
1.022429935648305133e+02
1.038285455034540945e+02
1.051915572156069629e+02
1.060057129135437179e+02
1.011946491037380866e+02
1.058784231303525019e+02
1.016471319731709713e+02
1.057839285553119311e+02
1.021487413808351761e+02
1.040799946239871616e+02
1.037283194623770299e+02
1.049888627412305908e+02
1.000099795539025536e+02
1.017146100064349810e+02
1.019103113473074274e+02
1.024171255479381557e+02
1.040631017268187861e+02
1.081905218685886751e+02
1.073084300444680252e+02
1.060114012975946594e+02
1.012444127099314670e+02
1.006230150679763113e+02
1.018990337547433143e+02
1.074544491248736193e+02
1.091768709747233999e+02
1.079176148568549536e+02
1.023677328677080141e+02
9.707952494556572276e+01
9.797639993473070774e+01
9.623034874971553165e+01
9.975973343930105841e+01
9.648041603949488376e+01
9.878005663745079801e+01
1.020649108617701728e+02
1.023748244402632395e+02
9.847328320155595804e+01
9.826148030699471292e+01
1.002199356519965647e+02
1.013950828781633504e+02
1.032655037806962355e+02
9.859761987582579934e+01
9.303552159022233070e+01
9.097854524988764524e+01
8.766243863265313507e+01
9.177622672938643689e+01
9.229635325966135895e+01
9.614046168997903408e+01
9.297798329661489447e+01
9.038219850181781112e+01
9.199385709402602629e+01
9.088665795622604548e+01
9.033893236695040230e+01
9.324378862056065032e+01
9.310409515316420936e+01
8.510155224358237547e+01
8.711912976905962580e+01
8.616084633336259913e+01
8.943220260382712183e+01
9.246218742815572966e+01
9.169908079888570285e+01
9.386281965679900452e+01
9.567854123529622257e+01
9.784285703429451075e+01
9.897614850964565392e+01
1.030073136852382305e+02
1.036757903574015529e+02
9.648425950326971190e+01
9.849274543872870424e+01
9.747948458524430748e+01
9.837690114933744212e+01
1.009122221431657209e+02
1.008718991520446338e+02
1.036310535744078294e+02
9.665478971789595164e+01
9.625102306541378994e+01
1.008476393616172828e+02
9.912922662832829701e+01
9.452894097075456159e+01
9.486705019265789929e+01
9.678376353872583593e+01
9.564306371241220006e+01
9.485977888904666600e+01
9.121113681897482195e+01
9.006609066010913978e+01
9.460681866339622559e+01
9.609027488950195561e+01
9.378463007913674687e+01
9.371285717120801451e+01
9.546242232246883930e+01
9.388493283475732198e+01
9.914019595890327707e+01
1.013995328807586702e+02
9.842959932522140321e+01
9.831365497680728538e+01
9.669851143217300660e+01
9.454694955480046303e+01
9.887559207611288059e+01
1.016599796046529463e+02
1.033003506981093125e+02
9.794861009918726324e+01
1.004274475186600171e+02
9.840606907387000035e+01
9.633748245724584081e+01
9.733320706567232605e+01
1.004404381369038362e+02
9.873262782917535674e+01
9.982365399263994732e+01
1.010906904540764657e+02
1.005904107711583464e+02
1.045288137799952040e+02
1.040159267603068685e+02
1.048285435083471384e+02
1.017348708161802762e+02
9.785318903047861738e+01
9.045573190604353897e+01
9.281959359856394087e+01
9.666217942398692742e+01
9.587786019399395343e+01
9.901520117701033996e+01
9.687510234149021926e+01
9.332892469079864384e+01
9.273545709946397153e+01
9.263617785634086488e+01
9.563558199538371696e+01
1.039827993266351172e+02
1.064330693880148573e+02
1.052041021965917480e+02
1.027305541392877473e+02
9.780912924368857375e+01
9.950220173822540914e+01
9.681519891422479418e+01
9.756696838455710008e+01
9.964306144323859371e+01
1.025435828960161189e+02
1.048541458350058662e+02
1.055499069458946764e+02
1.071128783913831626e+02
9.714723814040614513e+01
9.440211966038809521e+01
1.003888517258004356e+02
1.005540325518790752e+02
9.701655317871602335e+01
9.523356328203999510e+01
9.436597547167284006e+01
9.327953210494942482e+01
9.152100132372545715e+01
9.698774569269811252e+01
9.718227872367285158e+01
9.296751262478029787e+01
9.175487615720643930e+01
9.022972484449411468e+01
9.033778424696019727e+01
9.301561148920944788e+01
8.979973527387839738e+01
8.917393474210643944e+01
9.053862329939022402e+01
9.250900426812594901e+01
9.471539361920045508e+01
9.280770923879924794e+01
9.316224921250443458e+01
9.818237535209293299e+01
9.922848827575288055e+01
1.005209499870876471e+02
9.644528566086580668e+01
1.012215810750654583e+02
1.056639810197464300e+02
1.000755481311448847e+02
9.898129951328414222e+01
9.799487780678569493e+01
9.748526436606660184e+01
9.930000284507258357e+01
1.055031711118413824e+02
1.061455981034244331e+02
1.086590649490593989e+02
1.037310273305492814e+02
1.009447905338727054e+02
1.025370244726223490e+02
1.004078042197950111e+02
9.832513340664719692e+01
1.043914578195023353e+02
1.039960515774047281e+02
1.058327709966015675e+02
9.915811904934534482e+01
9.178465724473846876e+01
9.090017856039811761e+01
9.633469463513564790e+01
9.731185807309752533e+01
9.838906517988949929e+01
9.648254876526814883e+01
9.355769769547708847e+01
9.798560086857484919e+01
9.703912473544652073e+01
9.925374215997130989e+01
9.664850356706743639e+01
9.516790678542187720e+01
9.728008724085326264e+01
9.368155903963233300e+01
9.342020458840093511e+01
9.277379869341730512e+01
9.304518336625484665e+01
9.546873173925197875e+01
9.232209716229664309e+01
9.062384758795265327e+01
8.942435586538282166e+01
8.873842657858108396e+01
8.828686847773025193e+01
8.772276574217814016e+01
8.573134375128736906e+01
8.961312404269810372e+01
9.243655903034586174e+01
9.552958219640299831e+01
9.106666409240037297e+01
9.357419543758113889e+01
9.303632903151380162e+01
8.759675988774935718e+01
9.155809938099564249e+01
9.308448242302350195e+01
9.324422064016599165e+01
9.667415882576523245e+01
9.501522879893013851e+01
1.019385458023868978e+02
9.623908893560984268e+01
9.844310393533133663e+01
9.927856016093403468e+01
9.538283257742243393e+01
9.168688868449933693e+01
9.635829099015626298e+01
9.430626296414506271e+01
9.503048967222379417e+01
9.681948067555151738e+01
9.042927568301493579e+01
9.246961843832144723e+01
9.588635890004280782e+01
9.490887801453544625e+01
9.585356482944359868e+01
9.315932275180990985e+01
9.370074327594925023e+01
9.653036963470908915e+01
9.192625050857128599e+01
9.690639072629848272e+01
9.833153823209076450e+01
9.371479428062581007e+01
8.631216935554411407e+01
8.909522804933260431e+01
8.380750486804636523e+01
8.722127048872560806e+01
9.149486130098634362e+01
9.140967604326060325e+01
8.579307004700532957e+01
8.946079127028792755e+01
8.852225839982013156e+01
8.889557875116314278e+01
9.448818267452946884e+01
9.579502421193117812e+01
9.241485778271938045e+01
8.988395932288108270e+01
8.756900967781164979e+01
8.614200668733494126e+01
9.150015068804995622e+01
8.936467628271350350e+01
9.016689484443557490e+01
8.922503152879983190e+01
9.101954898729071886e+01
9.049341240772965023e+01
9.274179436448825697e+01
8.786319560822026631e+01
9.646665515106042221e+01
9.559280385079257769e+01
9.593553551340166052e+01
9.905330830356308525e+01
1.030883058974042115e+02
1.030512135449853446e+02
1.033664438756962767e+02
9.623716428674197232e+01
9.895864699478559601e+01
1.024110359696543071e+02
1.029611010669530629e+02
1.064283187783079256e+02
1.045334835586257469e+02
9.881808394243617499e+01
1.009943133742427648e+02
9.712785712399130489e+01
9.348558692741949017e+01
9.915757597721558625e+01
9.788373428199564330e+01
1.007019918220506725e+02
1.029400749069896932e+02
1.037487890064111014e+02
9.614014819027173075e+01
9.628366089024640928e+01
9.153073666535462394e+01
8.785697119285187284e+01
9.742039548597193743e+01
9.769226747400880129e+01
9.363763151067857393e+01
9.866945287310406343e+01
9.759721564476096489e+01
9.359315524325872104e+01
9.997300599870493443e+01
9.535751335293304010e+01
9.504077829136132038e+01
1.023600715064967943e+02
1.029858067604868239e+02
1.022709782143382569e+02
1.024952296989896325e+02
9.714114030060396487e+01
9.966665313581799523e+01
9.446338969012836628e+01
9.120620751244007351e+01
9.085927061125381954e+01
9.514422535856830621e+01
9.392955335346243828e+01
9.366615736842685180e+01
9.344538094189105948e+01
9.769432838218160953e+01
1.000411819006373690e+02
9.682220701312233757e+01
9.693349820928968086e+01
9.072301383316890622e+01
8.982914329252294294e+01
9.303202612591289267e+01
9.394639495388180706e+01
9.108081537597766442e+01
8.701954947933285212e+01
8.997173565745801227e+01
9.140653577795110607e+01
9.398120619180369317e+01
9.475819312089613788e+01
9.594367806424739342e+01
9.994298361113595774e+01
1.010903670621643897e+02
1.049437994180330520e+02
1.025863713846413248e+02
1.019732610266492401e+02
9.627065215434923573e+01
9.724934883143656350e+01
9.744752076569267274e+01
9.795527893773943617e+01
9.636271502757065832e+01
9.772288137500629546e+01
9.661644917342033523e+01
9.315015539874286787e+01
9.498923786651292289e+01
9.911167813697309725e+01
9.631846370022849158e+01
1.017051754434399840e+02
1.041924804567906335e+02
1.050264161773144878e+02
1.072747557802242397e+02
1.099579293358098369e+02
1.045383249351128967e+02
1.015404530109376964e+02
9.591643764896753055e+01
1.003135859476774812e+02
9.664507217064556244e+01
9.837971777867079481e+01
9.705817722665553049e+01
1.026465855793918536e+02
1.029469461119710871e+02
9.698870388165072143e+01
9.448464439227352329e+01
1.008352085329324410e+02
9.902618607720405919e+01
1.031402964682207255e+02
9.893973733061071130e+01
1.028891853758530743e+02
1.023125205930024180e+02
9.835948174799867161e+01
9.740988992396071922e+01
9.758633526063397312e+01
9.544666621841732024e+01
9.264386887903037859e+01
8.761932624466756181e+01
8.815964154365887850e+01
8.846294126322695206e+01
9.189246827473414214e+01
9.258205195237739815e+01
9.448136778917668721e+01
8.977702245584696072e+01
9.566130051609555096e+01
9.362772198806572987e+01
9.651200670910941426e+01
1.016244939334149535e+02
9.760989232812086414e+01
9.899581071491971329e+01
9.952728065353913678e+01
9.929760902064897721e+01
1.090614306191361322e+02
1.085809331266554665e+02
1.087666478148282607e+02
1.090958068301567607e+02
1.054986118885871917e+02
1.004966072043861516e+02
9.922326122489923250e+01
1.055965565968306521e+02
1.057681683454516985e+02
1.069813460771321303e+02
1.044776013124310055e+02
