nan
nan
nan
nan
1.783187733031398921e+02
1.741844342675090331e+02
1.730500706927739714e+02
1.722225054164310620e+02
1.707124319430502055e+02
1.692322215466122373e+02
1.682208551912346195e+02
1.672648153575931360e+02
1.664089545368878191e+02
1.651932918543767528e+02
1.639779820205396845e+02
1.631085136941080123e+02
1.622707837157198014e+02
1.614641644269663345e+02
1.606914552301839763e+02
1.599187913568341060e+02
1.590298411401622900e+02
1.581657629010402104e+02
1.575400335678513670e+02
1.566363569419941655e+02
1.559086635790987145e+02
1.550513957363107522e+02
1.542547442735931043e+02
1.535969257160855364e+02
1.529450486891145999e+02
1.522702244807755108e+02
1.514648025547657255e+02
1.508421546820051731e+02
1.499854180825402352e+02
1.494679376135609346e+02
1.487870137543683029e+02
1.481583778021899036e+02
1.475682076351740761e+02
1.470191848451158023e+02
1.464532647673685517e+02
1.459266431647341733e+02
1.453341027807359183e+02
1.448606715842997801e+02
1.443136870420063929e+02
1.438114034553829015e+02
1.433261567785687305e+02
1.428536035769496664e+02
1.424039264748868732e+02
1.418634394935673981e+02
1.415013434818739597e+02
1.410185486808461235e+02
1.405170409805108704e+02
1.400798776666664764e+02
1.395962392851359368e+02
1.392307132142253465e+02
1.387578932710025015e+02
1.382574000348156744e+02
1.378118948986872851e+02
1.373945471633274167e+02
1.368613196133251790e+02
1.365521339154631448e+02
1.361234698583018314e+02
1.355678977874883344e+02
1.351593624868120287e+02
1.346820070150395736e+02
1.343524584540496392e+02
1.338283048840352478e+02
1.333867182249520340e+02
1.328334528582763312e+02
1.324542118561240898e+02
1.320589803646989537e+02
1.315997117881973679e+02
1.311850177427744200e+02
1.307611785533435977e+02
1.302519621650411068e+02
1.298396640750912638e+02
1.294360272441234372e+02
1.289774152968468002e+02
1.286480600129156358e+02
1.282603962658941157e+02
1.277660153215976777e+02
1.274088966120215929e+02
1.269403981908708801e+02
1.266257043824701753e+02
1.262657450231448450e+02
1.259001249886348290e+02
1.255086632384109038e+02
1.251053069046232480e+02
1.248227962138292924e+02
1.245618569540004756e+02
1.242892116527781070e+02
1.238953182576939014e+02
1.236091276225409388e+02
1.232947630047591758e+02
1.230805383024955972e+02
1.228200523812410694e+02
1.224657417870846814e+02
1.222702291950596134e+02
1.220460093946229563e+02
1.217649547934351659e+02
1.214914268992379363e+02
1.212945063734694315e+02
1.210795946280961459e+02
1.208791651210420071e+02
1.206828685895062563e+02
1.204360778826326026e+02
1.203465076008101420e+02
1.201994949716574013e+02
1.200345516700655395e+02
1.198364115374153585e+02
1.197139194517783096e+02
1.195154213168506061e+02
1.192984688596116740e+02
1.191496257081975614e+02
1.190448388417573540e+02
1.188306519507886776e+02
1.186363804684172436e+02
1.184554288526093870e+02
1.182828126823342672e+02
1.180958593625157960e+02
1.179044213303584883e+02
1.177442159914436814e+02
1.175775471002144741e+02
1.173440736777225197e+02
1.171825311292461578e+02
1.170787616388909242e+02
1.168912174160958699e+02
1.167572009121793855e+02
1.165317342860841165e+02
1.162603762694989911e+02
1.161582574895140141e+02
1.159997892506140573e+02
1.157131006647806828e+02
1.157064342356236040e+02
1.154718638636029340e+02
1.154188881389694217e+02
1.153487922127003600e+02
1.152973698712385868e+02
1.151667895475426207e+02
1.150043242827110532e+02
1.149520711440648171e+02
1.148313060640599161e+02
1.146446142197588927e+02
1.145389266368202215e+02
1.144717331897968506e+02
1.143239317026385748e+02
1.141168462498480949e+02
1.139837650934476443e+02
1.138525943337830171e+02
1.137286680040099469e+02
1.134882411309080936e+02
1.133601657722305731e+02
1.131715926009581921e+02
1.130868736943781698e+02
1.129765811597415990e+02
1.129057322271688832e+02
1.127285212135771104e+02
1.126025910772690395e+02
1.124398969967285353e+02
1.123754069956710566e+02
1.122186687019234341e+02
1.120978032763419208e+02
1.119682271663129853e+02
1.118200086737289070e+02
1.115522333398573238e+02
1.115044071868750706e+02
1.113219429492672816e+02
1.110797676277025801e+02
1.109313693264186327e+02
1.107161469408967633e+02
1.105892947679982541e+02
1.104277990776443090e+02
1.101920307309092664e+02
1.100411202552655823e+02
1.098381960197647089e+02
1.097022784460413618e+02
1.095301128540434661e+02
1.093639686825556367e+02
1.092077525472512320e+02
1.090778442167275131e+02
1.088902980584809939e+02
1.088352452556456313e+02
1.086891687621867248e+02
1.085556164138246942e+02
1.084513303201942875e+02
1.083514372964432653e+02
1.082363262385757565e+02
1.081622287203089599e+02
1.080811683987634666e+02
1.079581910721858264e+02
1.079535654411167798e+02
1.078327364229520953e+02
1.077594774654980512e+02
1.076817293426381639e+02
1.076242781531422139e+02
1.075651371441638844e+02
1.074655409719884034e+02
1.073810861682944591e+02
1.073014701054554649e+02
1.072084399910537940e+02
1.071607095834708048e+02
1.071124498898280279e+02
1.070458660135292490e+02
1.069746470332140973e+02
1.069312569624607789e+02
1.069237770717371063e+02
1.068361080051765128e+02
1.067848822006013449e+02
1.066963295719259577e+02
1.065273886002195667e+02
1.064153294400353076e+02
1.063246097218413979e+02
1.061445747452566764e+02
1.060502689642430738e+02
1.058604785579097296e+02
1.057421339539218792e+02
1.056656982095998529e+02
1.055555525015944909e+02
1.054938200870979443e+02
1.054512444654589558e+02
1.053520887316254147e+02
1.052477628486104635e+02
1.052602236768773452e+02
1.051574325828402436e+02
1.050391188398242832e+02
1.049615619498706849e+02
1.048222689903381877e+02
1.047424289497860173e+02
1.046756387120547913e+02
1.045527151374818544e+02
1.044247166281512165e+02
1.043398937775213113e+02
1.042380328928486080e+02
1.041398667852676994e+02
1.040680060681189758e+02
1.040194604568385301e+02
1.039542731914325060e+02
1.039006495374370331e+02
1.038546606285174931e+02
1.037543013214777545e+02
1.037309379392920192e+02
1.036709144097083453e+02
1.036642911269634766e+02
1.035808838105664620e+02
1.035645908005699170e+02
1.034563687634971529e+02
1.034853716210311916e+02
1.033755590391438659e+02
1.033048679254875282e+02
1.032195351110311066e+02
1.031702096103914954e+02
1.030742749073273785e+02
1.030177527530854604e+02
1.029562783881684709e+02
1.029125335844110225e+02
1.028217674989758592e+02
1.027433476472500047e+02
1.026431049935557240e+02
1.025988432802204784e+02
1.025405078799961842e+02
1.024581882275730607e+02
1.023635885929005127e+02
1.022551565200768948e+02
1.022351650285958300e+02
1.021837212925880891e+02
1.020892034364983942e+02
1.019762575311538058e+02
1.019148242917140976e+02
1.018681569836181922e+02
1.018207161259589100e+02
1.017491163076278298e+02
1.017372435450697736e+02
1.017188877707600341e+02
1.016686881491856411e+02
1.016615775871277094e+02
1.016002252498687710e+02
1.016154670779109495e+02
1.016566271183286148e+02
1.016282690083377958e+02
1.017011805129169915e+02
1.017317654096979140e+02
1.017567491132185182e+02
1.017730012679413676e+02
1.018200383176409503e+02
1.018254136840077422e+02
1.017686678843374040e+02
1.017718672761686207e+02
1.017681554933879653e+02
1.017950556618619231e+02
1.017415608024138578e+02
1.017938622930660131e+02
1.018121652909387223e+02
1.017637911722235060e+02
1.017389304336650326e+02
1.017745742694131934e+02
1.017830785790105637e+02
1.017402720764759323e+02
1.017719255730122256e+02
1.018100494052251292e+02
1.018045828999683380e+02
1.018534791069640590e+02
1.018710137709361732e+02
1.018733166201250810e+02
1.019364622513891305e+02
1.019642928514117841e+02
1.019279077835884948e+02
1.019735088158691667e+02
1.019752276241309659e+02
1.019620389571812069e+02
1.020144044499144655e+02
1.019637582304554115e+02
1.019487812132024516e+02
1.019328578761546709e+02
1.018838682190348237e+02
1.018717694609077995e+02
1.017530426780840855e+02
1.016611562366747137e+02
1.016530615879178043e+02
1.016081913280695659e+02
1.015075297528026965e+02
1.014839037686944607e+02
1.014549970914095667e+02
1.014417995560806673e+02
1.014784528559929697e+02
1.014273154326478306e+02
1.014062418960518102e+02
1.014141971468061456e+02
1.014008608886335452e+02
1.014523213968528381e+02
1.014246836322763414e+02
1.014376991323284898e+02
1.014727563889341155e+02
1.014496770410429320e+02
1.014246905708213404e+02
1.014461360198338440e+02
1.014270271712127425e+02
1.014482929212599771e+02
1.013823581758062744e+02
1.014207749692323972e+02
1.013432036916052112e+02
1.013012011672803681e+02
1.012789736647033294e+02
1.012009880911719506e+02
1.011280230046899220e+02
1.011856784867620718e+02
1.010919016761022107e+02
1.011082399112208208e+02
1.011232986057197252e+02
1.011864897275082882e+02
1.010598887456568633e+02
1.010812818744063577e+02
1.010532318321119902e+02
1.010711984266274044e+02
1.011098370197061485e+02
1.011028495932871039e+02
1.011564201465044590e+02
1.011567628845476321e+02
1.011307730902001651e+02
1.011258055545634136e+02
1.012045474457203085e+02
1.011591603301599491e+02
1.012448251870748663e+02
1.012546729374780057e+02
1.012531993512141923e+02
1.012560375686741452e+02
1.012625224340559242e+02
1.011632968943035991e+02
1.012391382793585279e+02
1.012332158632313224e+02
1.011494550801902506e+02
1.010971095557184327e+02
1.011295439389044475e+02
1.010416598396974592e+02
1.010075800964407335e+02
1.009860278130486932e+02
1.009804619925739502e+02
1.009539266355737510e+02
1.009893607432501312e+02
1.009126045139433785e+02
1.009268225084337871e+02
1.009346950943099301e+02
1.008439693051363122e+02
1.007677178187967257e+02
1.007906134287174922e+02
1.007215249737120217e+02
1.007152718416667199e+02
1.006601173301365435e+02
1.005471449170220097e+02
1.004816389558062326e+02
1.004512652856962802e+02
1.004890427238128296e+02
1.003543956404343902e+02
1.002978632134765746e+02
1.003545946781645171e+02
1.002592743140234433e+02
1.002756182348743437e+02
1.002103948894382199e+02
1.001772776612211970e+02
1.001141505009157129e+02
1.001090453156193831e+02
1.000179662318827667e+02
1.000443758470318727e+02
1.000376690499219592e+02
1.000329376731053230e+02
9.996006554590921667e+01
9.989381874880470491e+01
9.982748035000220455e+01
9.976581317924893710e+01
9.974271078276764513e+01
9.976130595375784083e+01
9.975605345681761094e+01
9.976115138844205887e+01
9.972745916012829070e+01
9.976369009693576118e+01
9.980230126140483549e+01
9.971171291470126619e+01
9.972496082326874500e+01
9.970488014324959636e+01
9.968523522564383654e+01
9.970005939007155860e+01
9.971619519320302061e+01
9.967116487000318159e+01
9.972829145218578617e+01
9.973132210862867453e+01
9.972159748727105466e+01
9.976403316213477979e+01
9.975334561192353533e+01
9.974562391900752800e+01
9.974437545267868188e+01
9.975320487145691573e+01
9.978271916007591358e+01
9.977109986147712561e+01
9.973216471605509525e+01
9.978307220961090707e+01
9.975574403550818658e+01
9.983432837791683312e+01
9.987363701441991282e+01
9.979079308756017497e+01
9.981763853844854850e+01
9.977552026803655849e+01
9.977222290807880256e+01
9.973038918975407796e+01
9.972809260932980635e+01
9.970487372908210943e+01
9.966746116878947248e+01
9.969096118246261540e+01
9.967877667672141229e+01
9.969299938890820556e+01
9.972417421716382080e+01
9.975475581096229405e+01
9.975746967505156704e+01
9.974249794387432644e+01
9.977284457843325072e+01
9.973826600735837644e+01
9.980075883802540204e+01
9.975394861555005832e+01
9.981221491141224078e+01
9.982467073255112666e+01
9.984809472125257912e+01
9.989000293646988382e+01
9.996548645564459434e+01
9.996161081722276265e+01
9.996451838844937754e+01
1.000280733060516525e+02
1.000806010755488415e+02
1.001117355376910041e+02
1.001581876507850097e+02
1.001956724339820113e+02
1.002080035237398192e+02
1.002164558465646280e+02
1.003099980624174208e+02
1.003422115884003318e+02
1.002899172149912914e+02
1.003463221812722566e+02
1.003276822810567808e+02
1.003167156562045363e+02
1.002386381818589172e+02
1.003048623154182195e+02
1.002869193719154168e+02
1.002899418669750418e+02
1.002613602926752634e+02
1.002792641663261577e+02
1.001684604200892608e+02
1.001165551007514551e+02
1.001163163183872626e+02
9.997393939731692569e+01
9.995110783506508767e+01
9.990403356089370845e+01
9.979179939164859547e+01
9.975350227928819891e+01
9.972111572038821237e+01
9.965170868967261697e+01
9.958712930334621660e+01
9.956509816393317180e+01
9.950436893739122013e+01
9.954616493138973965e+01
9.943052129450144605e+01
9.938231434878331072e+01
9.940448034411438982e+01
9.933570889690692240e+01
9.932800009576327227e+01
9.923099290420127261e+01
9.920473785400027111e+01
9.918730327419083892e+01
9.917347613955759300e+01
9.918198106593980867e+01
9.913540313787284219e+01
9.914588385269028947e+01
9.912156348766829694e+01
9.910315972426691644e+01
9.907772970755455333e+01
9.900862233848656047e+01
9.899790473512030076e+01
9.897696238589972495e+01
9.890506625447532940e+01
9.891761035648254108e+01
9.889529928258436087e+01
9.885908369113515448e+01
9.885777641561372775e+01
9.872899476447955180e+01
9.880917211036839376e+01
9.870589115061838470e+01
9.867978010739240347e+01
9.862505557457490113e+01
9.865741432746942507e+01
9.867806787031061333e+01
9.862537209005307659e+01
9.865999400929916874e+01
9.862680707735968610e+01
9.859144539822007403e+01
9.857301867108094484e+01
9.853532264558275244e+01
9.848094675499605444e+01
9.850393110460917967e+01
9.851095337971483445e+01
9.848011557469693855e+01
9.853606593310088613e+01
9.856448466622148885e+01
9.857741566487574403e+01
9.860396659920748164e+01
9.867049888113793088e+01
9.866808557799284074e+01
9.876962198694764083e+01
9.875687391167049611e+01
9.880096381833770636e+01
9.884396967088102315e+01
9.882700760142721208e+01
9.888684518589595029e+01
9.890405655714111788e+01
9.888369729452229251e+01
9.891350199553536982e+01
9.894444532418431493e+01
9.902351361016697240e+01
9.894163078883609330e+01
9.897804692588022135e+01
9.894622488256129600e+01
9.890702461861000927e+01
9.888634863831484267e+01
9.888460614790479042e+01
9.884039666591759499e+01
9.882515974951282089e+01
9.892129974546536175e+01
9.883636156213519541e+01
9.889753212277368277e+01
9.883323240314156521e+01
9.880828900289019145e+01
9.878695729733298947e+01
9.874980052678253628e+01
9.874430015627346791e+01
9.868035756262489144e+01
9.868964865385895280e+01
9.867491997855330510e+01
9.865085014148846199e+01
9.872668303181005456e+01
9.867382927146755378e+01
9.874645157860501854e+01
9.874914160049107181e+01
9.870667154237399643e+01
9.873360728827385913e+01
9.867984520756520794e+01
9.869815053679613470e+01
9.868352142898073964e+01
9.867228347897571439e+01
9.863863233485147930e+01
9.862326500134423668e+01
9.856929043625642350e+01
9.852221161702860286e+01
9.847182103186348456e+01
9.840921722562760010e+01
9.835205152369498194e+01
9.830964105983184709e+01
9.831696354657974268e+01
9.830460999708036240e+01
9.833620980593620686e+01
9.837879520221420648e+01
9.839615652108354027e+01
9.846835039049162219e+01
9.853237177215730469e+01
9.857536026507128213e+01
9.862371086196135650e+01
9.863852718291479960e+01
9.869030470209631289e+01
9.879811454140153160e+01
9.874124052910522664e+01
9.879014693977877926e+01
9.880816616578165679e+01
9.887045814872489302e+01
9.892395103177958049e+01
9.895154517921618265e+01
9.897643001070824198e+01
9.907149955370238104e+01
9.906686735550054834e+01
9.913033965266203040e+01
9.918837036191466439e+01
9.913846103330520521e+01
9.914879425235113786e+01
9.923578783949317028e+01
9.915091819178306309e+01
9.919220084131386272e+01
9.923192375481802685e+01
9.922016724903309637e+01
9.923192205583134751e+01
9.922313847495541950e+01
9.924143971819825083e+01
9.931697549138262104e+01
9.938503367166042324e+01
9.944973743580221992e+01
9.950210062700783453e+01
9.949209607263355792e+01
9.958237671537450808e+01
9.960833165552982393e+01
9.962354200486645084e+01
9.962278990876042428e+01
9.966731486357190306e+01
9.972033942413102636e+01
9.972624617304474270e+01
9.977997308749543492e+01
9.982723472261868380e+01
9.984857762023270311e+01
9.992446401088758989e+01
9.985334198558336993e+01
9.988054963770402139e+01
9.996286646037410151e+01
9.996396263526054327e+01
9.995802294939277033e+01
9.992615798699432617e+01
9.991120771290788127e+01
9.993628612104591014e+01
9.990507327629444490e+01
9.990986122634024014e+01
9.988210393714241775e+01
9.990253163940803915e+01
9.988625518865481467e+01
9.975170969479425764e+01
9.981195902366222583e+01
9.973773848572383827e+01
9.966332574492309959e+01
9.966670579349683123e+01
9.962825925275159022e+01
9.964276780370931874e+01
9.962510350522400415e+01
9.956265630438312542e+01
9.948511584596545276e+01
9.946820340847691000e+01
9.947222685441155932e+01
9.944575103125166038e+01
9.944479347854374396e+01
9.944102011293493604e+01
9.939650570331636459e+01
9.942082283684170818e+01
9.942815955125198002e+01
9.952037683135175428e+01
9.954442751358423891e+01
9.958547238053351691e+01
9.958030366546246626e+01
9.962851783224819258e+01
9.967287692097735885e+01
9.966855007900660723e+01
9.966983240241778219e+01
9.972030269360720922e+01
9.969009267993210699e+01
9.975159996821605546e+01
9.979438046110807647e+01
9.977413543123623185e+01
9.982197806226814407e+01
9.982442413525234315e+01
9.987399173378146600e+01
9.986271847836124493e+01
9.991786807270794668e+01
9.989670784043104845e+01
9.992278482146024032e+01
9.995333381435787601e+01
9.998487360446412708e+01
9.995640055323458739e+01
1.000085698302873993e+02
1.000443012835894194e+02
1.000606352767041045e+02
1.001379640867426986e+02
1.001536486106630974e+02
1.002044105604132653e+02
1.001212634837392983e+02
1.002310585546761956e+02
1.002046738365903593e+02
1.002664939134500059e+02
1.002996487237324033e+02
1.003028990077114599e+02
1.003273054277053831e+02
1.003286532540860208e+02
1.003755394416365192e+02
1.002942706088583265e+02
1.004374140197775205e+02
1.003238552931128567e+02
1.003359490132618816e+02
1.003303603334089473e+02
1.002823046659136423e+02
1.002450319212013170e+02
1.001193569340227043e+02
1.001260709646974760e+02
1.000481602905151277e+02
9.997646597073104147e+01
9.992762946659313172e+01
9.991855331141144347e+01
9.978954649872004268e+01
9.968227518092447781e+01
9.962040864177632216e+01
9.960632014888405195e+01
9.953135743104343192e+01
9.946442318499295254e+01
9.942397347167261046e+01
9.940158195550100118e+01
9.938664324276464868e+01
9.937855850856273321e+01
9.938751964365079061e+01
9.933931072296459774e+01
9.931004013585827295e+01
9.922740183943668058e+01
9.918214097953003261e+01
9.913412290572051688e+01
9.914430954568173604e+01
9.907977563011939992e+01
9.902587370685731116e+01
9.895957264944472342e+01
9.897934771884530392e+01
9.884083419726270847e+01
9.877801305743118121e+01
9.871984889566843435e+01
9.872357397224327258e+01
9.862954582138375770e+01
9.869457312685980810e+01
9.860972419161392111e+01
9.862330652497797701e+01
9.852520783132312943e+01
9.850576396954029690e+01
9.844773935202123027e+01
9.837483116035207331e+01
9.836338155672454775e+01
9.832054467762019101e+01
9.831868064490302572e+01
9.828575548951424423e+01
9.830796087711034659e+01
9.824032636795944029e+01
9.818083384117784362e+01
9.819500313115727863e+01
9.812770821664133791e+01
9.814643688375964814e+01
9.812469126442294964e+01
9.805919393507099358e+01
9.800770218179364690e+01
9.801893769655279698e+01
9.806948641847178294e+01
9.802588437635809271e+01
9.800684904208412718e+01
9.799109708892513027e+01
9.789547620305944520e+01
9.780930232145961156e+01
9.786969445876655982e+01
9.784192404464418757e+01
9.777594276414018282e+01
9.788135540237685461e+01
9.783679397399173183e+01
9.781073437694290362e+01
9.779862074881405931e+01
9.779435972856552439e+01
9.779893765925686466e+01
9.780839295639322017e+01
9.775195881773181839e+01
9.779708085831396147e+01
9.775763603268720203e+01
9.770799084357706477e+01
9.772896219885792846e+01
9.773127302072776956e+01
9.768363364507420954e+01
9.770771386520307544e+01
9.773334346073446000e+01
9.774410840966891101e+01
9.777180756907500836e+01
9.778474326475890166e+01
9.775022220098058767e+01
9.775055728902675867e+01
9.777528677994820328e+01
9.775425950802400621e+01
9.782284948246292799e+01
9.779240516603222488e+01
9.772453405043557950e+01
9.771040136887172878e+01
9.765656830395714394e+01
9.769906754740560473e+01
9.764876861732793145e+01
9.761796207106591794e+01
9.763116143098518762e+01
9.763480255524211771e+01
9.761624118732157740e+01
9.756910857035518347e+01
9.759590078342743880e+01
9.761222935030065173e+01
9.754904110174990706e+01
9.752277714463623681e+01
9.744857268489906232e+01
9.740070632136375650e+01
9.735108295812086965e+01
9.727246753407936808e+01
9.723444727078813798e+01
9.719491648297035624e+01
9.717350335127264316e+01
9.720270753870586589e+01
9.716069751209113292e+01
9.715704100096563423e+01
9.717806425992486652e+01
9.718874388873511805e+01
9.721702091588747408e+01
9.726977516540603119e+01
9.725977047747170445e+01
9.732103533405036444e+01
9.734287667811041445e+01
9.735622764482198477e+01
9.739736145126549616e+01
9.746456962175379601e+01
9.752409698048509767e+01
9.752907905249847431e+01
9.755342988768109080e+01
9.760200548613381955e+01
9.759412432216130640e+01
9.766843188079253935e+01
9.774570249333835648e+01
9.766177380992398582e+01
9.771147524813052598e+01
9.780857924862668540e+01
9.791976592983070304e+01
9.790348642963483883e+01
9.807962087762703618e+01
9.805251525508384702e+01
9.809232068571554919e+01
9.807984399786290908e+01
9.807303580673755050e+01
9.809152791914885938e+01
9.813120004782740580e+01
9.804982722069844669e+01
9.811691094265769664e+01
9.810109878639011072e+01
9.810144654649522522e+01
9.813074312159450585e+01
9.820793363717027091e+01
9.822533779615058336e+01
9.823131551424431507e+01
9.820856515806654841e+01
9.821648726692104958e+01
9.818016978828451613e+01
9.815592263698863462e+01
9.813160290040904954e+01
9.805565236777603388e+01
9.803732906202664310e+01
9.803773799993422244e+01
9.799201203095456947e+01
9.793467848803933862e+01
9.782382951884376610e+01
9.782945431438932360e+01
9.786252914955838378e+01
9.779125066986674142e+01
9.779098362972588632e+01
9.779021946156075273e+01
9.772620902565573431e+01
9.771518158720503777e+01
9.778327065217875713e+01
9.770029175927093945e+01
9.769712635306177617e+01
9.776712554550276479e+01
9.772697215921316172e+01
9.781040354100021261e+01
9.780934334154299847e+01
9.769835512653646958e+01
9.775397860998471344e+01
9.777312518958642329e+01
9.769200857844680286e+01
9.762906393370774083e+01
9.762547868518464611e+01
9.753908493531753265e+01
9.749666961909754548e+01
9.744346705870094638e+01
9.734065931538678740e+01
9.732810501500931366e+01
9.725677346498835618e+01
9.723665955375530245e+01
9.727069520171434647e+01
9.720099926928092771e+01
9.718372255133679971e+01
9.717431062324271807e+01
9.709724756079889119e+01
9.717295328093243256e+01
9.713921868594576381e+01
9.710754195677459677e+01
9.713078711391132458e+01
9.714275471711444254e+01
9.705643756350605145e+01
9.709389287123705969e+01
9.718364361467050117e+01
9.715966738951493653e+01
9.713269174563198760e+01
9.713392496735690429e+01
9.720025708438227241e+01
9.708163837697100007e+01
9.710886668988788983e+01
9.700966927420999752e+01
9.707842588222877112e+01
9.699961804993661474e+01
9.698046736918958288e+01
9.686756317299040120e+01
9.696319894028677311e+01
9.696987116647981964e+01
9.693992723466219275e+01
9.697312157874344507e+01
9.701654947704611232e+01
9.705792525360637057e+01
9.704904028328289201e+01
9.718644334810116447e+01
9.714279691422224516e+01
9.721923078793605555e+01
9.718961661632444304e+01
9.720631019271145590e+01
9.730686637501220559e+01
9.735416231736803638e+01
9.741527916012778121e+01
9.748236743961997774e+01
9.749463702160663559e+01
9.749332304622681988e+01
9.768640533576106577e+01
9.759571158339342389e+01
9.758103938703088431e+01
9.763759553222267584e+01
9.763322340822922740e+01
9.768156906753063140e+01
9.771927267470667289e+01
9.765479427493137621e+01
9.772503948489918457e+01
9.765907349618416333e+01
9.770608972935691838e+01
9.767641858993542314e+01
9.771371489368259233e+01
9.771766145313951313e+01
9.769670214365145000e+01
9.772938063695346500e+01
9.771866346974960038e+01
9.766198841042566414e+01
9.769233410346645030e+01
9.767762183703709411e+01
9.760940483871026174e+01
9.767939058273452702e+01
9.776301040778997731e+01
9.777179691599567946e+01
9.786621886484861932e+01
9.789744925848607693e+01
9.796479061746927641e+01
9.809714792122068161e+01
9.803576973098786596e+01
9.808131808538225016e+01
9.813077201570371244e+01
9.812556660800210295e+01
9.811721377571595326e+01
9.818867359117889748e+01
9.820028788661960562e+01
9.823329238005258901e+01
9.822611719327234425e+01
9.815572216891436597e+01
9.816605668632666948e+01
9.820419273260519333e+01
9.820709895699246772e+01
9.815112263473189103e+01
9.818299567741806300e+01
9.817705732235795324e+01
9.815842782634693720e+01
9.818258564517999787e+01
9.820996059145632273e+01
9.812246806759964102e+01
9.811126704916458152e+01
9.815005789855365492e+01
9.807754457358998934e+01
9.807924192979994871e+01
9.812766324043747090e+01
9.809037075449992926e+01
9.804155349839095379e+01
9.811244700947257513e+01
9.807191950470891584e+01
9.802266568474760788e+01
9.806123049633865207e+01
9.797449017319094366e+01
9.796435479369790755e+01
9.794880172571916432e+01
9.788822522119781411e+01
9.781307340708818288e+01
9.783445913131795635e+01
9.778506088269077168e+01
9.763014554854134985e+01
9.760027105181920604e+01
9.764049978677996933e+01
9.752781045091381884e+01
9.751981743132151337e+01
9.756565790159632456e+01
9.752840167184034215e+01
9.753179250224295060e+01
9.749290149211999790e+01
9.749886184389018240e+01
9.750776672770024334e+01
9.752018713493956170e+01
9.748212132127059704e+01
9.748764019747382292e+01
9.752711515540191556e+01
9.738816214773380864e+01
9.739734935129196458e+01
9.738316648433323053e+01
9.740355044686518227e+01
9.737821958751747786e+01
9.733754610580535882e+01
9.734038623359636233e+01
9.732315620316951765e+01
9.731291340002725576e+01
9.743456685948062557e+01
9.733096744336371842e+01
9.734564755763166488e+01
9.729948624496780951e+01
9.728057264123336267e+01
9.726824153845885235e+01
9.720081938122442011e+01
9.731090809051573842e+01
9.725998991619489686e+01
9.724236895999830210e+01
9.722759602491962028e+01
9.725413137790253870e+01
9.723508514416047888e+01
9.721664396420885623e+01
9.731075273743472565e+01
9.716812990402848982e+01
9.714609884578320020e+01
9.719193319947150655e+01
9.714884591345909826e+01
9.709802006135329577e+01
9.712650494763454390e+01
9.708098767470984569e+01
9.705320275834429822e+01
9.707824065280763648e+01
9.716524691738396768e+01
9.715930574598938563e+01
9.712968140634558267e+01
9.721485675614798083e+01
9.718498199162786477e+01
9.723183187714788289e+01
9.733428028056584935e+01
9.734070834110430326e+01
9.731442751113702627e+01
9.737816588617937441e+01
9.736069014292245072e+01
9.736857873506050964e+01
9.744206187866565472e+01
9.740240789764804674e+01
9.724884315400970536e+01
9.733780144002132317e+01
9.729841322871563136e+01
9.722349761899769760e+01
9.723777844391388214e+01
9.724183045206298459e+01
9.721583949635798660e+01
9.718160874193191034e+01
9.720680899860239776e+01
9.723520294489539140e+01
9.721560137501884924e+01
9.712047444583292588e+01
9.717543152727678546e+01
9.715322668240716553e+01
9.714205347077026431e+01
9.714850759586835238e+01
9.716107818105115257e+01
9.717250516227916535e+01
9.717325066755088869e+01
9.711568849091662514e+01
9.710496693880652685e+01
9.704168811067253841e+01
9.701028698089298530e+01
9.700317429056352125e+01
9.699593837298581889e+01
9.700322449500001198e+01
9.703418151081223186e+01
9.698382291676360012e+01
9.701441592296872329e+01
9.695506843939345742e+01
9.696026575358028765e+01
9.696566268139855538e+01
9.701394014998770388e+01
9.692385419946326408e+01
9.695083243632129211e+01
9.692695354482009407e+01
9.690051012037888256e+01
9.688901887993354478e+01
9.686416628178101007e+01
9.683987594713254055e+01
9.684717703813615231e+01
9.687744394912579082e+01
9.687756984599799637e+01
9.688263711449168625e+01
9.692785870064209064e+01
9.691872858284673953e+01
9.697927043585545448e+01
9.702784357450190100e+01
9.704013502320458429e+01
9.712261368532377048e+01
9.706646069689237777e+01
9.706570990741515459e+01
9.717712211461768845e+01
9.720905042697660292e+01
9.708095052123486823e+01
9.710838379663134390e+01
9.709970574752448158e+01
9.714394898485240049e+01
9.707905483790352719e+01
9.714914584526728447e+01
9.707815541940605897e+01
9.711901302600681163e+01
9.708475149458163855e+01
9.709265429843755157e+01
9.705518757276153963e+01
9.707747882368768444e+01
9.707277399118326855e+01
9.706029571036248171e+01
9.702315802804113787e+01
9.706483635677138011e+01
9.707545374878762345e+01
9.706831053650020635e+01
9.697004969277027442e+01
9.697988111286451840e+01
9.696861480255797971e+01
9.684831404250073206e+01
9.693530417104780383e+01
9.689168207719009729e+01
9.698607628426793781e+01
9.688672646003996647e+01
9.695370953506399303e+01
9.690597127693139612e+01
9.690136305608062628e+01
9.694240657280039386e+01
9.691367200840649332e+01
9.694930420666537429e+01
9.697629348943328864e+01
9.693891798857067954e+01
9.697411767889562384e+01
9.697901269679715597e+01
9.701803851306640070e+01
9.705679933362758049e+01
9.704846836889741724e+01
9.706200457990205166e+01
9.708434480114000564e+01
9.722540066239152168e+01
9.726004902856583101e+01
9.727840166869387417e+01
9.727041784722342754e+01
9.740507883507824261e+01
9.751369683825424772e+01
9.750232366062338940e+01
9.756621655169463736e+01
9.764728305680584697e+01
9.762831449010728591e+01
9.768768894126587554e+01
9.755248230224013639e+01
9.764407790755474537e+01
9.764553187508167298e+01
9.773262947175909687e+01
9.772328102470669364e+01
9.772851477114947727e+01
9.773852631900255972e+01
9.772509478610277256e+01
9.775315383714273310e+01
9.772284160682329457e+01
9.772478513525413746e+01
9.774709900776070981e+01
9.769149640543518842e+01
9.766990526409789197e+01
9.764555327441914301e+01
9.765539382156006809e+01
9.761626383174707655e+01
9.761784384761816113e+01
9.766370367948793785e+01
9.763422333902069283e+01
9.755854303566782448e+01
9.757813132765933517e+01
9.754498661676126403e+01
9.756360551745420651e+01
9.754867283536911771e+01
9.746075220843734144e+01
9.738825515068251093e+01
9.734217124120488052e+01
9.730178432988078896e+01
9.720801449953674478e+01
9.728645071933173938e+01
9.722013544201080038e+01
9.717803420500956690e+01
9.712306399945859425e+01
9.708753546903528786e+01
9.705385811112654437e+01
9.701526868268176429e+01
9.702487665281334728e+01
9.703711816057946749e+01
9.694429369790138651e+01
9.691780112150085813e+01
9.683859462025617404e+01
9.676900126475683805e+01
9.674508580293415605e+01
9.672928975419519304e+01
9.660507802177728820e+01
9.652797558752736506e+01
9.651293002493819984e+01
9.639690364569592873e+01
9.633289066525624378e+01
9.628105755623700190e+01
9.615170669187553187e+01
9.612074030667356794e+01
9.608872016296682261e+01
9.605386445205557777e+01
9.597356174725445044e+01
9.597638083221886518e+01
9.600651647098915475e+01
9.598763491864713160e+01
9.591145306037547869e+01
9.589427956550852628e+01
9.591783901435915993e+01
9.592980476385993427e+01
9.595231241353805274e+01
9.591292103309764627e+01
9.590819379412468493e+01
9.595535336010078709e+01
9.594512714841803813e+01
9.592871402721340246e+01
9.592268133351896608e+01
9.591919567194673846e+01
9.588755662579089289e+01
9.589349722412427468e+01
9.584488322631962376e+01
9.586226328237614780e+01
9.582994523527091246e+01
9.577727343496336232e+01
9.574766590104299269e+01
9.575965734008245533e+01
9.570869488882972576e+01
9.571385196440176912e+01
9.580657957579930439e+01
9.572667779216430972e+01
9.573798777545665928e+01
9.576951416733285782e+01
9.575258776050166887e+01
9.579630207452341040e+01
9.584856908817285159e+01
9.585068553446157580e+01
9.589009905421988833e+01
9.592631243020520060e+01
9.605035709813479627e+01
9.611432369679013732e+01
9.625577949287652757e+01
9.631991388463893600e+01
9.641178592842142336e+01
9.650193881661040507e+01
9.663049681902670329e+01
9.668067846700417078e+01
9.683011667605398998e+01
9.683438766528624342e+01
9.681549291134707858e+01
9.687561152144313326e+01
9.687020379752895849e+01
9.683749204401787836e+01
9.685502061338137025e+01
9.677358869732607616e+01
9.677024178538509602e+01
9.673455671899051822e+01
9.672864645776314774e+01
9.673573902388230294e+01
9.665283910361594621e+01
9.669001865639329196e+01
9.661402725921732326e+01
9.651851892233534613e+01
9.653389023722037621e+01
9.652781638233308570e+01
9.646741721376075418e+01
9.644564076480224912e+01
9.639240462506118945e+01
9.637895097881892070e+01
9.633222857569930397e+01
9.633885740967811273e+01
9.631887425351757770e+01
9.631567973619239353e+01
9.640720614829437807e+01
9.633061706643229627e+01
9.635124756892624021e+01
9.630663774510227881e+01
9.626860899499146740e+01
9.624924348598405288e+01
9.624602025708819042e+01
9.626897093241942116e+01
9.625399232049319664e+01
9.623745887846897062e+01
9.620325929558661926e+01
9.620700279387507692e+01
9.626290629922097253e+01
9.621924335431590691e+01
9.627715242163964149e+01
9.624886041623315691e+01
9.622705948207770632e+01
9.627989063813809878e+01
9.623261671584612031e+01
9.618702962520789868e+01
9.617775796635939400e+01
9.617017060645878246e+01
9.621554568929308004e+01
9.615095075380827438e+01
9.612838073557465179e+01
9.612389507272308720e+01
9.612451695860264067e+01
9.603227173925637317e+01
9.607025750487380833e+01
9.599019289329153537e+01
9.599289086641449842e+01
9.594813339094717719e+01
9.599026317384432616e+01
9.592256928673300820e+01
9.592793115119403069e+01
9.590266718338244800e+01
9.599089091755638492e+01
9.598931330075545532e+01
9.597718855764860280e+01
9.601040784698001573e+01
9.604505820870383559e+01
9.606166149765610385e+01
9.604720317850454592e+01
9.604397035805207850e+01
9.602586297115479397e+01
9.594201443383029471e+01
9.593355463876457634e+01
9.589091092931604976e+01
9.581590431445714273e+01
9.575376564909460342e+01
9.572988899769185878e+01
9.565051769367458689e+01
9.564631373747207022e+01
9.565210983119679611e+01
9.562536983021281856e+01
9.557886044045631024e+01
9.557721477690974154e+01
9.558807416159736192e+01
9.560244451191489645e+01
9.557690099307734499e+01
9.554579338299379287e+01
9.569040467385005400e+01
9.560476983022665820e+01
9.570394517841202742e+01
9.575515171190362196e+01
9.570500897835832177e+01
9.574198839676321882e+01
9.574787412009087006e+01
9.572266303908980944e+01
9.574228431124200256e+01
9.573757377184107042e+01
9.573986573224696883e+01
9.576720744377504957e+01
9.568069615597804045e+01
9.572183951126706347e+01
9.570542256976929707e+01
9.568546203567635189e+01
9.568767760796026778e+01
9.566109722655986047e+01
9.569601559975281191e+01
9.568552349366265730e+01
9.571940288963682519e+01
9.570458279463471740e+01
9.574745762531526339e+01
9.576138241937348994e+01
9.573655983509361533e+01
9.577580112847768135e+01
9.584416076498042969e+01
9.585781592016495267e+01
9.589840417595736710e+01
9.581780209277761173e+01
9.583636240909694948e+01
9.580896641894288734e+01
9.592003222052908029e+01
9.589060528022862684e+01
9.589731835064618792e+01
9.596906737518217767e+01
9.591695875270450244e+01
9.607414694892342766e+01
9.611975350170395416e+01
9.613583103100310723e+01
9.613637527490037371e+01
9.617463960081344965e+01
9.615765487287031021e+01
9.616955681855772298e+01
9.617188921848364203e+01
9.621793667992449173e+01
9.633528469150412832e+01
9.633759599476606184e+01
9.634150854774466666e+01
9.630595257594731606e+01
9.640024150794909019e+01
9.641985750766461649e+01
9.644581828422896308e+01
9.644111771633785679e+01
9.644672073874997409e+01
9.642815464709394746e+01
9.646365055146793566e+01
9.642216001450771046e+01
9.646271724920231350e+01
9.642048338938464269e+01
9.642169054221440661e+01
9.626379134886846600e+01
9.631652142544457718e+01
9.630801240528882090e+01
9.634863822877719031e+01
9.630491114830931565e+01
9.623962258863321040e+01
9.622602306461911326e+01
9.622381288222626949e+01
9.617276364201534022e+01
9.617899899575319012e+01
9.613378678048240999e+01
9.611125373954844520e+01
9.607015543736766006e+01
9.612802538085541926e+01
9.603995925166519498e+01
9.605169395475412841e+01
9.607615510555588401e+01
9.605948858219649367e+01
9.603185338344356126e+01
9.602555600251854173e+01
9.605029629515354372e+01
9.604622058425998432e+01
9.609655935452367714e+01
9.608921174024227696e+01
9.619789736272223024e+01
9.620111413025837521e+01
9.631534858105769104e+01
9.641138507825802151e+01
9.647052801954082213e+01
9.649334533289420790e+01
9.654372909389824997e+01
9.658646861826632346e+01
9.654392885476418940e+01
9.665553204482500860e+01
9.656286915144517025e+01
9.653147526317312099e+01
9.654559362207552908e+01
9.652609356588764911e+01
9.658032914248474299e+01
9.667414058773341878e+01
9.659782327705761418e+01
9.657008091918497428e+01
9.668220687350246578e+01
9.665852475115583786e+01
9.660120886096591164e+01
9.669877582942416439e+01
9.674768860369211154e+01
9.681302487831484882e+01
9.670824076543881631e+01
9.673476089194291205e+01
9.682723955507938740e+01
9.684293124823746268e+01
9.684261401144979686e+01
9.683947157900045966e+01
9.683512685805315812e+01
9.672203277948260336e+01
9.661091919305485476e+01
9.664648349786313020e+01
9.661395315140106277e+01
