1.348986962794041062e+02
1.328030592898733175e+02
1.348491902484977629e+02
1.381365310278132483e+02
1.419737164248685417e+02
1.493822669336705076e+02
1.488186989945770904e+02
1.435279477294933770e+02
1.352345763057779777e+02
1.302589701219232268e+02
1.271644647123760592e+02
1.305422880444322402e+02
1.258175441627279554e+02
1.329932874800998661e+02
1.342988589511161308e+02
1.330516673648807284e+02
1.367945371397589440e+02
1.364509500196943463e+02
1.380379446102435850e+02
1.290746641513816826e+02
1.299354918166455093e+02
1.313449413748697339e+02
1.270889566463620497e+02
1.301319638051875529e+02
1.259593489561783457e+02
1.269919785308738085e+02
1.277214859249674248e+02
1.273652775811626441e+02
1.227168471787875319e+02
1.196556970620270448e+02
1.213496801592598473e+02
1.278338866162982015e+02
1.311391332011538680e+02
1.293654176577686030e+02
1.234361035537228304e+02
1.256622415104389461e+02
1.195466942281234566e+02
1.210970696271390068e+02
1.229220439918438217e+02
1.214121600878918770e+02
1.201119061027792583e+02
1.244284977451665952e+02
1.235645349431866293e+02
1.239550328417561929e+02
1.249324796281320715e+02
1.229494233013865596e+02
1.209916399756800303e+02
1.207967030338114682e+02
1.146029768550630479e+02
1.187542174967260564e+02
1.159885048281142303e+02
1.130809082208180598e+02
1.204706660720234765e+02
1.170270879700906903e+02
1.194609755955448378e+02
1.211955796185177263e+02
1.217699504597197233e+02
1.142684721452901186e+02
1.135258426625391621e+02
1.116292403585782438e+02
1.074741937263875400e+02
1.076405786595156826e+02
1.056706437300206005e+02
1.077511536509373258e+02
1.049585844904146512e+02
1.062352624789614026e+02
1.091793345356693692e+02
1.177416305816949347e+02
1.159908618070656843e+02
1.128054395078122383e+02
1.151212101711750222e+02
1.151141650873454552e+02
1.160706600066818623e+02
1.085976086588682392e+02
1.117766152418640075e+02
1.134336879987313154e+02
1.067319554500364660e+02
1.103845231060903274e+02
1.106560983666921771e+02
1.114998852087092303e+02
1.114191569926781114e+02
1.175751483336637619e+02
1.196853860076921166e+02
1.208883438910540775e+02
1.230983061943295240e+02
1.208189818440733205e+02
1.225820406082061851e+02
1.201479430123336272e+02
1.148791216991119910e+02
1.134996731794735609e+02
1.122468073601071694e+02
1.140120619435646319e+02
1.106227579261100402e+02
1.072929752244108528e+02
1.101349363879055403e+02
1.056496959596825320e+02
1.137815173320148290e+02
1.113663067626583540e+02
1.145201313039691655e+02
1.137771972229495105e+02
1.122542888478205043e+02
1.157626624813121623e+02
1.146037895939187621e+02
1.148265245148634648e+02
1.219993641369827202e+02
1.196945809433780141e+02
1.115509271081815825e+02
1.133260369443577105e+02
1.141785771987247244e+02
1.147033427036559630e+02
1.161818598378365408e+02
1.155352698009664465e+02
1.138235187124217447e+02
1.137042629445657553e+02
1.094941121286071706e+02
1.103171143093477298e+02
1.052798967305259197e+02
1.095787465963663863e+02
1.101092811167122107e+02
1.064416784078607634e+02
1.045607394357159308e+02
1.133837380957770051e+02
1.116656316123329020e+02
1.125350522104860289e+02
1.121889503028544226e+02
1.131428579165842478e+02
1.175939375787458232e+02
1.161151785697051508e+02
1.149141733165059946e+02
1.152647283275003218e+02
1.161207519920419173e+02
1.213692325955330347e+02
1.151703908622384489e+02
1.103274977105178323e+02
1.139566520797085047e+02
1.138488478468458709e+02
1.085731768233765280e+02
1.081369018124561023e+02
1.074551475416448483e+02
1.097782219613996659e+02
1.128664597111552581e+02
1.127126236879308436e+02
1.107617763558570090e+02
1.107521105033590345e+02
1.111178586289304775e+02
1.113583005721302328e+02
1.040029511343255990e+02
1.051300233562691773e+02
1.002756053038665840e+02
9.831921391776295138e+01
1.061610390579331238e+02
1.073085551262554844e+02
1.069895967776959935e+02
1.088874912587482271e+02
1.057746326018269514e+02
1.116384775443635533e+02
1.133760245458168328e+02
1.050266024470015509e+02
1.050380997664463365e+02
1.095841494754036631e+02
1.129055598602872550e+02
1.147275495562891336e+02
1.076948320561618715e+02
1.081683262319121894e+02
1.078785192805443813e+02
1.030323857624040613e+02
1.030232784980138803e+02
9.945719423003612292e+01
9.753891816049744534e+01
9.886015271325187825e+01
9.866713027647902834e+01
1.072984699573400889e+02
1.063211817625342235e+02
1.072510269016678421e+02
1.039540588240951990e+02
1.096496173319365681e+02
1.106317464738800851e+02
1.131876580670657546e+02
1.136636943118553233e+02
1.069113317996634862e+02
1.082865719433709160e+02
1.078763370392844791e+02
1.088478687325332004e+02
1.050961611290651518e+02
1.032591659634392300e+02
1.120426743141255912e+02
1.145311236846511065e+02
1.111162111973737581e+02
1.109703826872757872e+02
1.150914458432625054e+02
1.136611368314614054e+02
1.112506353038693163e+02
1.115900560691716379e+02
1.058170981267676893e+02
1.026592527939046420e+02
9.904819441404150382e+01
1.015045057830055413e+02
1.037238887266328646e+02
1.071615527236161824e+02
1.026891195665330656e+02
1.087518435796803260e+02
1.096906377599862594e+02
1.028334684356882178e+02
1.049689931488699273e+02
1.030873184407122949e+02
1.043800928689999807e+02
1.011332375324507211e+02
1.051754532320212121e+02
1.031086890411622505e+02
9.878281207902583105e+01
9.438180255620741832e+01
1.013775675896378630e+02
1.051228852602757229e+02
1.117683574468603922e+02
1.111074360659828244e+02
1.044620606987714524e+02
1.038973960367193570e+02
1.014430830944565400e+02
8.950811218254339963e+01
9.909695262626253509e+01
1.073989909897209287e+02
1.029575719852099951e+02
1.058680438240079980e+02
1.096845633859456086e+02
1.112421612760404912e+02
1.101669422847987931e+02
1.080739252564393098e+02
1.077485103552830594e+02
1.019044232271050419e+02
1.009814435809427806e+02
1.047320250966379120e+02
9.707208461169439317e+01
1.001796445596086187e+02
1.022218621133300758e+02
1.008874647983875263e+02
9.768180312608089366e+01
1.001664302456564997e+02
9.447963154984255141e+01
9.605605933781774297e+01
9.876289118503511588e+01
9.856351101870558296e+01
8.932496933824157281e+01
9.042184229286750963e+01
9.297119239880517227e+01
9.049073934542086306e+01
8.836519918947982433e+01
9.024090064883462503e+01
8.895922622977961680e+01
8.735335889215598115e+01
8.673089976849637139e+01
9.387435231282941572e+01
9.223524789317417572e+01
9.277464877855416603e+01
9.057455864940304480e+01
9.180389740634083751e+01
8.764207522109215631e+01
9.048003532446429631e+01
9.567473167559057856e+01
9.705455211307193508e+01
9.904115399176201606e+01
9.940451840732394828e+01
1.019284769113596667e+02
1.021211617292965883e+02
1.060133565695735740e+02
1.027558541806759109e+02
1.056575360903833172e+02
1.099884191221314751e+02
1.024961627276890397e+02
1.021380563396218264e+02
9.977954946798162439e+01
1.032181755440566917e+02
1.059453323172973995e+02
1.071931162175478534e+02
1.075948740631528295e+02
1.105759513094398869e+02
1.107787571539476801e+02
1.059886675396084996e+02
1.002082086977525250e+02
9.929975399213046217e+01
9.634992145315541734e+01
9.192382458280971491e+01
8.976298555026508552e+01
9.097297218762420812e+01
9.738266841940976803e+01
9.995534022748456948e+01
1.006111431960115965e+02
1.010908372124769983e+02
1.025021776933934774e+02
9.890199667022656627e+01
1.008618095617688368e+02
1.002101444647389172e+02
9.781247579163228068e+01
1.010862311720658653e+02
1.048747669973311503e+02
1.034570846203997263e+02
9.950617752937226612e+01
9.444510304580971649e+01
9.765278985779241339e+01
9.989864392071736177e+01
9.597531902372068657e+01
9.847643509739552314e+01
1.042516652126253405e+02
1.024226517922185877e+02
9.495963483351393108e+01
9.169282972462409020e+01
9.234012555030112424e+01
9.412568041532030350e+01
9.805851191638599573e+01
9.297883935528922450e+01
9.523971054504583833e+01
9.441185945961599657e+01
9.189705183247571085e+01
8.880037283083815680e+01
9.396960958441935929e+01
9.436873412795345928e+01
9.510188921222200520e+01
9.273046246080200206e+01
9.660079614078887289e+01
9.914221636998483689e+01
1.029105037611128353e+02
1.031905133659050477e+02
1.025681445718385021e+02
9.840808115503558895e+01
9.560970577746269328e+01
9.458551548978748258e+01
9.330202273889453579e+01
9.551149963471982574e+01
9.026118461513871694e+01
9.151022722546528598e+01
9.793779103219438298e+01
1.021966230183645621e+02
9.960619279776136636e+01
1.026132840818750509e+02
9.663305602049209142e+01
9.832492140837477734e+01
9.853891276352636908e+01
9.833244228951571131e+01
9.519491578643362573e+01
9.677783667623641861e+01
9.732270456802623926e+01
1.017585797581470928e+02
9.984574043237645924e+01
9.908958145778224491e+01
9.747629072559297470e+01
9.766368985021664173e+01
1.008185945667278389e+02
1.004117915809954553e+02
1.023105888699461730e+02
1.004200273711333011e+02
1.003560478184243152e+02
9.663623937474810077e+01
9.939333939577839772e+01
1.002222452892121396e+02
1.010494542786016154e+02
1.027025386284482948e+02
1.010474307703898660e+02
9.722220456773119679e+01
9.880338684752463507e+01
9.466716961150687837e+01
9.833299955009813687e+01
1.005977100638657191e+02
9.900335169145350278e+01
9.922886290952676802e+01
1.003097034138838239e+02
9.904267326749432243e+01
1.004061164928994430e+02
1.028543857196469986e+02
1.027395889302605809e+02
1.006788064003926735e+02
9.773772359429410983e+01
1.044394845506871832e+02
1.119873020895598756e+02
1.052877097162017890e+02
1.008278139918494816e+02
1.041770825519636219e+02
1.034740812245051984e+02
1.039830096012407381e+02
1.005462807691903322e+02
9.964550549554145675e+01
1.015243873829020060e+02
1.023341092207444660e+02
1.015158248740798825e+02
1.004553192371281938e+02
9.697885640142986574e+01
1.036472441424709956e+02
1.025712899192364631e+02
1.070184347104471101e+02
1.001089478929095407e+02
9.706687421190201803e+01
9.579299643885305215e+01
9.559072356839692475e+01
9.755562209485957226e+01
9.828567289860329481e+01
1.031695179675613048e+02
1.066599271640964020e+02
1.062287000574685152e+02
1.032821084940941034e+02
9.896806582959813170e+01
9.910402814053620091e+01
9.149118912514596502e+01
9.913732117098479080e+01
9.749398445764769860e+01
9.668892162161685633e+01
9.729673319577302948e+01
1.015531090892806247e+02
1.039112027549791151e+02
1.002017235199472651e+02
9.863695834183174327e+01
9.613595152774080077e+01
9.477688072157059196e+01
9.754619900903271912e+01
9.744427158602417194e+01
9.820374494073803362e+01
9.242964786563760526e+01
9.164117301585132225e+01
9.420920372097600648e+01
9.635797300005151556e+01
9.822635014630624539e+01
9.669031613372237643e+01
1.020364823899810034e+02
1.019117538546966841e+02
9.838261486928249155e+01
9.735864813526698924e+01
9.519927266021207402e+01
9.453560374081465056e+01
9.477273070825783918e+01
9.676386679635902510e+01
9.900755367783681038e+01
9.738550577001804243e+01
9.372013936699018188e+01
1.013663198370634291e+02
9.958105161048308673e+01
1.048428667845723652e+02
1.047211844103108689e+02
1.061569025459431117e+02
1.062299428009187068e+02
1.011775799922534560e+02
1.045153353436882639e+02
1.024302827229495563e+02
1.062561433059727136e+02
1.030722973174849670e+02
1.013652136743672401e+02
1.010816593153131464e+02
9.852356103676406462e+01
9.220723528739749497e+01
9.250031470535461153e+01
1.009093297554615560e+02
1.009830634155383251e+02
9.782376243224807411e+01
9.801538442818463182e+01
9.982420333660463996e+01
9.948163230760748377e+01
9.814276776068051333e+01
9.549478950524444087e+01
1.052146089216442988e+02
1.067605168464182412e+02
1.002727942001961594e+02
1.024512672590602165e+02
1.022475074877718839e+02
9.839508824188276037e+01
9.801856252275067050e+01
9.675194576606324404e+01
9.583335493250014281e+01
1.008705864589607728e+02
1.006434031501222961e+02
9.847203330114375319e+01
9.896011471419322447e+01
9.579138029251841147e+01
1.019471417539886602e+02
9.505780481500005408e+01
9.314229653963612066e+01
9.509057942173504330e+01
9.369294006969613520e+01
9.845164896167446500e+01
9.327678873176330399e+01
9.692191010565507270e+01
9.585110255768861975e+01
9.188774639920225695e+01
9.635480188286818759e+01
1.018026794529820620e+02
1.029671026653867187e+02
1.088099564299008790e+02
1.105494041180644018e+02
1.083324168172295003e+02
1.104134063578812004e+02
1.104433020192389279e+02
1.095467607146276663e+02
1.076552608588863365e+02
1.074933902129561858e+02
1.026026952523592399e+02
9.707521348551188112e+01
9.940848686422440039e+01
9.613632471308066840e+01
9.907725938930683185e+01
1.048408633433304402e+02
1.072310775488673471e+02
1.011425027306115538e+02
1.017489322678382280e+02
1.032644561928451594e+02
1.030427210404535003e+02
1.044073646937266062e+02
1.058119258886781608e+02
1.035368686354482293e+02
1.029956879741269802e+02
1.005870230405615189e+02
1.019265244311884828e+02
9.396039203059034151e+01
9.789774916524982018e+01
9.357909935512874711e+01
9.549429681724990360e+01
9.245222298796502969e+01
9.481523715530633467e+01
9.800159928252027441e+01
9.967759581793750101e+01
1.009240469657615620e+02
1.008283730718683273e+02
9.649048991424864141e+01
9.920433477180266379e+01
1.002285360588921037e+02
1.030242601714513597e+02
1.069979418127332593e+02
1.050060634877345649e+02
1.058271441030341009e+02
1.090319472433198342e+02
9.753837337559809839e+01
9.712298517225332262e+01
9.392240250372987020e+01
9.278927125312536361e+01
9.619024160014950553e+01
9.402324921271106462e+01
9.634581517244640736e+01
9.720929653624017419e+01
9.392286353342940686e+01
9.226583463800020013e+01
9.353166080831427109e+01
9.402556693989426151e+01
9.615097687050699449e+01
9.831998538554110212e+01
9.821730713665822066e+01
1.042358936023075557e+02
1.056545451022820572e+02
1.033893044988582659e+02
1.030089695537376144e+02
9.713808185496920089e+01
9.484716831269656723e+01
9.512950338867922540e+01
9.037771136736431288e+01
9.353734829409046370e+01
9.107581238648640465e+01
9.107884351351688679e+01
8.899212529826667151e+01
9.065577368070161413e+01
9.136164379627338405e+01
9.191532270930846948e+01
8.736179088061692255e+01
9.297401845635106099e+01
9.340715153295394657e+01
9.548147096694721370e+01
9.569751899937068629e+01
9.136429274292497382e+01
8.996985689930117758e+01
9.425402888433387716e+01
9.895327393695825435e+01
1.008112154335852040e+02
9.885812470850552813e+01
8.989457775032828124e+01
8.807384294186010720e+01
9.656332396403296059e+01
9.504223491359650211e+01
1.026470872583960841e+02
1.000850912000589261e+02
9.939135121279812779e+01
1.022133630523075283e+02
1.063659244633149541e+02
1.060384951490816690e+02
1.039959111836042780e+02
9.959036150609426841e+01
1.065192822173967215e+02
9.863467034363284824e+01
1.009251294991341155e+02
9.524759308599226415e+01
9.154270463709204364e+01
9.324682947359399066e+01
9.109498010522700895e+01
9.064262996461488342e+01
9.097222931894647502e+01
9.551459510034382561e+01
9.958128335292549593e+01
1.020267484059319401e+02
1.013417460242841202e+02
1.027763060789760345e+02
1.046104354013960887e+02
1.059562603873775259e+02
1.085773658294930044e+02
1.055363457943665537e+02
1.016971068106337555e+02
1.050052408860841240e+02
1.043971446549187050e+02
1.046834679908514971e+02
1.100024916164503850e+02
1.027439285696093378e+02
1.015031148073071705e+02
1.018872831710533262e+02
1.036738852973067964e+02
1.002684183197501824e+02
1.007522082392999607e+02
1.030317272002173894e+02
1.047896197337510529e+02
1.045438616091783359e+02
9.742114210827371323e+01
9.672526795332211691e+01
9.498346524461091178e+01
8.989698033541860411e+01
9.646868895251787990e+01
9.171508883653905286e+01
9.604505859063458217e+01
1.018379739588066002e+02
1.052186189530681730e+02
1.052066196067150230e+02
1.056931111419503679e+02
1.088038182239694862e+02
1.092500985797814792e+02
1.041833919631262688e+02
1.053896409240068124e+02
1.057280659017546753e+02
1.051578120960484171e+02
1.051907145461700850e+02
1.047798602311538616e+02
1.076106827102091330e+02
1.077676666712106197e+02
1.041266926262080688e+02
1.015797870360505328e+02
1.031494020939508403e+02
1.038859519303623244e+02
9.690440249444115750e+01
9.985493248858664117e+01
9.383591806189865281e+01
9.825749930249961039e+01
9.644569550370762556e+01
9.734566856283485947e+01
9.655326253341929998e+01
1.013161191353640191e+02
1.016037050916769431e+02
1.061751304817529586e+02
1.036734600085235343e+02
1.038345018561719399e+02
1.026113665245487994e+02
1.060921248453987857e+02
1.012271570798224047e+02
9.390577757579937668e+01
9.534445609865051097e+01
9.025865748450149795e+01
9.556704510928133800e+01
9.202174782936315012e+01
9.233092667658186770e+01
9.015727011469252261e+01
8.879512232458624510e+01
9.197786025662725251e+01
9.277458170755757294e+01
9.323614546626551203e+01
9.066728826527113938e+01
9.508402037252169237e+01
9.973760979141147232e+01
9.848489616267755764e+01
9.547282792857700429e+01
9.499712771076977447e+01
9.182371064941233385e+01
8.898515811816616861e+01
9.930851558361729303e+01
9.741489469567710557e+01
9.441223228402216705e+01
9.736136321158397777e+01
9.517522955501021897e+01
9.737034401965358654e+01
9.696106338192687701e+01
9.984606550129994673e+01
9.363090038507546353e+01
9.248574788190802565e+01
9.400891759345873311e+01
9.632471290057101498e+01
9.936940810994477147e+01
1.008334423669114699e+02
9.755126950398307883e+01
9.761163845304280073e+01
9.597973926238923070e+01
9.322212467686048853e+01
9.673590282985485089e+01
9.922930016238601070e+01
9.761906937985695265e+01
1.003437534577464163e+02
9.712698048240770277e+01
9.476019341673357133e+01
9.640261028147412503e+01
9.366404807386624043e+01
9.230367096720875963e+01
9.534348811715940997e+01
9.263862144931303533e+01
8.787066168611158901e+01
8.768616256758198801e+01
9.317526235017149361e+01
9.443685940712815352e+01
9.576135896978512108e+01
1.005734063379292706e+02
9.754635167140099838e+01
9.549937687167079048e+01
8.930002211692107039e+01
9.598340999369358428e+01
9.265837586468290965e+01
1.055600895575150275e+02
9.936392369181204742e+01
1.000867131357052955e+02
9.944993841490224895e+01
9.309423356062268340e+01
8.887270890235831189e+01
8.917096168603531225e+01
9.102224489684159892e+01
9.791817494014544820e+01
9.246391218955487545e+01
9.780616917859674686e+01
1.001788701324287558e+02
1.042036952627690454e+02
9.972924370699175256e+01
9.425697230805657512e+01
1.007956510403099344e+02
9.999107125472590951e+01
9.792815071091766299e+01
1.046496042705285134e+02
1.020420504995208972e+02
1.021006865282957534e+02
1.031115063811513295e+02
1.032938535711154628e+02
1.076610513154787583e+02
1.026814220226418826e+02
1.025974478064893418e+02
1.005238353633632471e+02
1.019480715698313986e+02
1.041114408300179548e+02
1.029071515425344501e+02
9.689256908887635689e+01
9.928927421936251108e+01
1.022145298914651903e+02
1.077306338694464785e+02
1.044590086440544923e+02
1.042248493723693485e+02
1.008149938323762882e+02
9.750771030393542560e+01
9.255624796164079271e+01
9.173725136527215795e+01
9.367892004555321250e+01
8.964992142287120203e+01
8.593421049267969636e+01
8.543319573061774008e+01
9.476832358064450545e+01
9.132533045656950321e+01
8.763685046757396435e+01
8.741757430126838813e+01
8.623711662953282087e+01
8.656220465424341626e+01
8.779387930307217403e+01
8.693137632196258835e+01
8.935305343879937823e+01
9.298539539127075670e+01
9.761295949103470093e+01
1.004098613718738733e+02
9.470901934828380320e+01
9.698701071519900552e+01
9.501509854297464130e+01
9.776030196790267723e+01
9.696593245524920235e+01
9.917595439361507204e+01
9.425739604598111043e+01
9.479494345549898071e+01
9.444488370248028275e+01
9.527708639538191449e+01
9.438259892831230502e+01
9.947859643346576775e+01
9.717350632684210154e+01
9.893103774554602126e+01
9.818952743994688603e+01
9.861229339254497006e+01
9.872448434616630664e+01
1.017637797172316283e+02
1.014276036555432796e+02
1.033947187976478261e+02
9.828068156041614145e+01
9.619848291396188245e+01
9.754068033598684906e+01
9.640075337293723123e+01
9.660078058341211715e+01
9.320507263825693656e+01
8.977824757933626643e+01
9.234663275828749818e+01
9.284009627771179396e+01
9.342858800058453994e+01
9.544450228600712194e+01
9.869614636489994552e+01
9.942851869751132199e+01
1.016026734420210005e+02
9.586136672116312241e+01
9.740678923267647349e+01
9.516461847695428844e+01
9.313648525679484180e+01
9.561814284389338070e+01
9.513341002328512275e+01
9.743293255787575902e+01
9.273056142744795238e+01
9.177277327949643393e+01
8.645024720640778071e+01
9.117621314713568381e+01
9.275547516812953575e+01
9.103909928192786083e+01
9.042451401436906622e+01
9.444539384841216645e+01
9.209848044465714167e+01
9.025970009419229712e+01
9.412003553517143928e+01
9.214541804276704795e+01
8.767471037780197207e+01
8.967558326662643253e+01
9.158221401342441936e+01
8.780345805385483970e+01
9.017009201505484839e+01
9.145389231868487911e+01
9.235237808018247563e+01
9.737324491301730234e+01
9.649897670004231998e+01
9.488186311533200978e+01
9.402254449030918693e+01
9.979487147087711207e+01
9.621856098261336854e+01
9.846680362709430767e+01
9.750628238819373905e+01
1.007050943920234687e+02
1.034436109816264633e+02
1.027880505507017546e+02
1.016613168409944450e+02
1.000920570213734351e+02
9.785388674115448282e+01
9.711989030543442425e+01
1.009213801417734544e+02
1.046555783561086912e+02
1.017493158702406078e+02
9.978734385634473369e+01
9.499957702305904661e+01
9.449836919617102637e+01
9.778192693510580114e+01
9.680090334774337180e+01
9.620987701472550668e+01
9.107738385945422976e+01
9.151546470008496215e+01
9.276909324293833947e+01
9.541033203551026531e+01
9.837369770150776560e+01
9.919203021062503467e+01
1.038915651686487678e+02
1.055106552227976948e+02
1.017442466472717655e+02
9.966744790248039010e+01
1.045271483940424702e+02
9.892006661373757481e+01
9.849849722828908227e+01
1.009896135113397548e+02
1.004585638365487625e+02
9.890336463958216484e+01
9.409564564848467683e+01
9.967829931941767541e+01
1.016920191942582363e+02
1.016256725385973141e+02
1.042417947707082106e+02
1.030133286015460641e+02
1.003664309861093074e+02
9.910773978827191399e+01
9.762027676126159292e+01
9.780698483841155166e+01
9.681203235882917113e+01
9.986055136135856003e+01
9.902559041510707516e+01
1.010184596727195441e+02
1.027251264923784788e+02
1.019813898156141647e+02
9.828472992765810545e+01
9.320359787483513969e+01
9.482580004393881268e+01
9.921007736208927952e+01
9.832902641771858043e+01
9.704232976909450770e+01
9.670188420585617450e+01
9.941640749962955681e+01
9.796664554177174011e+01
9.243165626153040648e+01
8.994753628698892101e+01
8.797483929014312309e+01
8.900478193784522318e+01
8.616400123770763742e+01
9.362792148225929623e+01
9.581368851869144976e+01
9.339267240927151192e+01
9.306455748154297680e+01
9.592805954370095378e+01
9.270711796995115606e+01
9.060288467535556833e+01
9.265440225500657334e+01
8.906210581862596598e+01
9.440092497646418224e+01
9.153875142991658720e+01
9.387513696769906346e+01
9.341178647903247168e+01
9.039629193424464404e+01
9.040952458252550628e+01
8.752512869571302190e+01
9.028343879982922715e+01
8.702557010804443394e+01
9.380243175982253945e+01
9.735932084408382536e+01
9.473054521930292537e+01
8.978316454175445926e+01
8.754601618989265432e+01
9.317784043018028228e+01
9.214044235850194298e+01
9.483429688415283465e+01
9.628798399510513661e+01
9.727117684222316996e+01
1.000310300496451106e+02
9.519344968354158709e+01
8.683181327314206044e+01
9.134460934608478055e+01
9.268491650314535946e+01
9.409646819292623832e+01
9.354259403251836602e+01
8.922601835607613907e+01
9.443976611193106407e+01
8.932860907932659700e+01
9.357143021597345012e+01
9.197413441923438882e+01
9.214406712807749500e+01
8.838612859528032573e+01
8.658393494256353051e+01
9.261625799910045487e+01
9.531616211648331216e+01
9.389167780236009264e+01
9.553968851233020132e+01
9.125023242335902296e+01
8.734778195384811283e+01
8.904125880059167741e+01
9.098695755940580909e+01
9.238793397647727090e+01
8.676910757511221561e+01
8.724043136341829552e+01
8.761204062022663663e+01
8.970222709333749833e+01
9.044262532261103615e+01
9.640060903699509254e+01
9.780927485376965080e+01
9.808837298958700046e+01
9.730142255752470248e+01
1.009636928184372238e+02
9.945159169837627644e+01
9.588966903839809675e+01
9.647921115738037656e+01
1.001498169552719730e+02
9.538950234670849682e+01
1.017292988332775678e+02
1.049772051320467199e+02
1.011577080059284555e+02
9.951250940220850794e+01
9.673715253008043646e+01
9.310115517583349742e+01
9.417664534365131601e+01
9.448848695216123872e+01
9.675029714753513588e+01
9.211227428656106042e+01
9.005325958200840830e+01
8.857589073368687593e+01
9.543250847277973037e+01
9.627590014532800922e+01
9.990047562261044334e+01
1.009995397564335207e+02
1.036665091617374514e+02
9.813001579183352874e+01
1.022402789493974353e+02
1.022311521677292490e+02
9.868880686945915670e+01
9.991365408727236286e+01
9.666860276550136177e+01
9.619459340101258249e+01
9.533018650708623909e+01
9.480031476452634820e+01
9.260475459477935090e+01
8.927133700337577693e+01
8.723265217596785703e+01
9.503593786435739332e+01
9.707039183018639505e+01
1.006097660023045393e+02
9.925670930583750362e+01
1.019964790475111442e+02
9.326937561180352532e+01
9.466743228411272071e+01
8.908106068698019442e+01
8.258587946057853912e+01
8.719258384890635227e+01
8.398651570550229906e+01
8.824770344021308688e+01
9.281726064043647284e+01
9.109640030472914418e+01
9.511747205787256121e+01
1.015565305833346628e+02
1.054481931556965009e+02
9.914992507476313222e+01
9.797518609726741090e+01
1.008736945812291168e+02
9.520231487577110840e+01
9.439445956625276324e+01
9.855608524111109148e+01
9.291747094437300802e+01
9.540751598663466382e+01
9.019061969931880185e+01
9.421338624025790409e+01
9.629509621547745724e+01
1.008458177194759600e+02
1.023063918738121032e+02
9.639674984740496200e+01
1.041683053003291661e+02
1.053726102596973391e+02
1.026722023024595671e+02
9.919992622853742148e+01
9.887915909970200801e+01
9.348346472922226269e+01
9.262526269022129100e+01
9.277673633395102115e+01
9.259920996953066208e+01
9.569560416025483107e+01
9.778082595221017925e+01
9.868037067401273532e+01
9.767479880521398172e+01
9.541425390515841798e+01
9.298348366145359023e+01
9.684130072967873559e+01
9.481824833525587337e+01
9.375824978673171017e+01
9.482828273807891151e+01
9.211519660232684714e+01
9.359845586404308904e+01
9.196796405155699006e+01
9.521566861258433789e+01
1.017385322741288860e+02
1.000196634199409971e+02
9.911551437207090487e+01
9.492814078097502772e+01
9.857413541004780200e+01
9.748449351261569973e+01
1.023706011254382844e+02
1.026064455680583336e+02
1.012893808075600219e+02
1.032601253470834166e+02
1.026627731208041610e+02
9.996085690577540106e+01
9.710156111501247267e+01
9.897514479301609924e+01
1.015990435286005606e+02
9.803140107996773622e+01
9.840269646230794365e+01
1.039460111422536102e+02
1.072054248729097736e+02
1.055679450073539982e+02
1.048477202460512814e+02
1.042557618366294037e+02
1.036897153947469832e+02
1.035425919049542500e+02
1.079700919327734709e+02
1.083025568470067554e+02
1.125564028631141866e+02
1.128372587227872543e+02
1.084330091759113657e+02
1.070310141057061344e+02
1.001139446553206795e+02
9.897106543715793237e+01
1.018192695858969472e+02
1.005870896694151782e+02
9.942760677915379119e+01
9.797221196417893907e+01
9.983509172341587146e+01
1.016605459961508586e+02
9.823583858781704237e+01
1.013279857665030477e+02
9.572937808446395991e+01
9.270031499699452127e+01
9.653160984464736316e+01
9.411660437161050652e+01
9.240800505869607662e+01
9.268077251269286876e+01
9.385409650456298891e+01
9.090111639455439274e+01
9.070806965954417933e+01
9.472997315005062546e+01
9.172127232283813214e+01
9.210823498851813440e+01
9.405402454807642698e+01
9.566824878004049992e+01
9.468857715938246145e+01
9.666782634517059591e+01
8.835515121128462113e+01
8.450772544914919138e+01
8.534523000603367393e+01
8.807527425808859789e+01
8.164708914329507650e+01
8.232517978272669268e+01
8.538709265566328099e+01
8.734360980309263311e+01
8.905259951945868124e+01
8.738884966408512867e+01
8.879716497816914966e+01
8.913073533026593509e+01
8.886476685006449827e+01
9.464745583013863950e+01
8.800095601554707514e+01
8.874758262898708949e+01
9.416801560021248463e+01
9.325985734670554450e+01
9.648646161575622671e+01
9.397993095944556785e+01
9.345183034049061632e+01
9.371423577972856833e+01
9.378087929953703394e+01
9.022317999795173193e+01
9.169376525380312160e+01
9.875444868634779993e+01
9.759606392159162169e+01
9.370444652096550442e+01
9.546404728004051776e+01
9.439988377884257886e+01
9.020786232785556535e+01
9.347310228032000623e+01
9.387053080833349838e+01
9.551338853085398739e+01
9.413530943436263954e+01
9.478703186007250281e+01
9.117057800096819165e+01
9.258773927527046510e+01
9.072078901108339721e+01
9.729077611799594649e+01
9.753118174798272833e+01
9.317774198055755619e+01
9.128707512382651146e+01
9.042607114896301823e+01
8.877294604008098133e+01
8.945247841177021542e+01
9.134800552064793067e+01
9.168427969000842381e+01
9.600015022904202056e+01
9.424835604698930069e+01
9.828486897847693626e+01
9.867001121179892209e+01
9.821189345612808097e+01
1.034944343101401927e+02
9.955681004453333571e+01
9.956062246471020671e+01
9.721023587905506247e+01
9.891648211086354081e+01
9.729218823871528343e+01
9.373371637225761788e+01
9.219514790977746088e+01
9.673335545935142932e+01
9.355399023074622278e+01
9.058001253779896444e+01
8.824699987183399230e+01
8.837048056747063640e+01
8.997988802977145895e+01
8.758991844449469966e+01
8.620447886037787555e+01
8.447871885814585369e+01
8.287892379216495442e+01
8.590124928616181421e+01
8.701843759776743070e+01
8.837819771126095247e+01
8.342713354108657597e+01
8.397475405937680648e+01
8.813073444662325073e+01
9.460508790833024761e+01
8.768684857960676027e+01
8.832429470511105762e+01
9.579556041964447388e+01
1.017681656419165108e+02
1.022834818795132179e+02
1.063948909655508004e+02
9.982160355142988806e+01
1.008245370438191628e+02
9.925132869913342404e+01
9.934027915482701587e+01
1.030153344272046496e+02
1.017401007768366838e+02
1.010593210482482505e+02
1.034395800444465721e+02
1.047200604007801559e+02
1.013662780594336112e+02
1.012959514676481092e+02
1.000147304370834149e+02
9.756263252330299451e+01
9.796040974353763886e+01
9.831451897345328916e+01
9.777799061975696304e+01
9.598339638162629228e+01
9.622000757218000899e+01
8.833934835563849219e+01
8.791775613056593386e+01
8.448145874759657659e+01
8.488378830707827660e+01
8.536167348103610664e+01
8.459814461535277985e+01
8.211655109511106332e+01
8.378501697407138238e+01
8.358692441661678174e+01
9.306208327666320201e+01
9.323783221015996503e+01
9.236365497939939928e+01
8.924460624786600249e+01
9.436029675166543029e+01
9.486974004069058708e+01
9.422710855816227138e+01
9.203836251318877260e+01
9.438508034441255745e+01
9.644620202137669196e+01
9.061316924408983198e+01
9.180546862428768407e+01
9.052826792489584307e+01
9.760963511348559507e+01
9.350197352488322622e+01
9.610397119376131059e+01
9.702454314761915555e+01
9.622043398347655341e+01
1.029073072045428745e+02
1.033831425326801963e+02
1.063197672849160114e+02
1.054359216603596394e+02
9.928053818416367449e+01
9.864549520277194006e+01
9.732751890955680096e+01
9.829503583078256668e+01
9.801761136075198522e+01
9.627427491925307379e+01
9.491094885058404884e+01
9.750277344425965964e+01
1.016823536678076891e+02
1.005316709264662336e+02
1.008615121482435057e+02
9.427592524173816457e+01
9.757088360420659967e+01
9.931286005440945530e+01
9.959036501197387281e+01
9.825484952598566224e+01
9.817873095746278977e+01
9.634617798906997166e+01
9.559158678544636700e+01
1.004571845520929543e+02
1.028943673872509095e+02
1.006808428108598292e+02
9.915998607727954095e+01
9.609559062246802341e+01
9.797672323794208182e+01
9.863064926123259113e+01
1.030402470714544876e+02
9.786070056749586854e+01
9.796436851463410278e+01
1.019569312638285510e+02
9.801081904694372327e+01
1.010098259334128556e+02
9.329029232732939647e+01
9.537622714229847531e+01
9.756403214679781399e+01
9.963567386898344580e+01
9.947753451515775680e+01
1.002162674309651038e+02
9.697508881966994920e+01
9.313131165651142851e+01
8.940887408795398983e+01
8.748468136460606104e+01
8.692616980343713351e+01
8.078747739954683027e+01
8.579635584107496982e+01
8.636862553789225672e+01
8.629075208930056817e+01
8.420921635857821741e+01
8.165733173677273271e+01
8.488835727370532425e+01
8.840511270879152050e+01
9.496032365711063505e+01
9.615594243014334097e+01
9.824537318907280792e+01
9.703331028321599661e+01
9.554274539656036325e+01
9.199575305069976139e+01
9.493761958693839631e+01
9.734849643674515107e+01
9.842650886280463851e+01
1.034537095583026201e+02
1.023625073092160989e+02
1.007127096257921011e+02
9.761043888096146759e+01
1.013494806626903824e+02
1.024145194117207325e+02
9.688303305977059665e+01
9.683727533887666539e+01
9.961897495982090334e+01
9.657075608641625308e+01
9.596941970003791766e+01
9.451872908490778968e+01
9.662963817239689490e+01
9.705892979107024132e+01
1.023093460186417616e+02
1.103716461956308734e+02
1.088632377763274235e+02
1.041615371872290297e+02
1.010502695721913398e+02
1.034172109646905682e+02
1.030295887467834319e+02
9.710400144583103099e+01
9.754514632034272381e+01
9.552760142247423403e+01
9.123161551973207395e+01
9.064509670123975127e+01
9.087424993026083087e+01
9.321226615045284802e+01
9.744194091218996334e+01
1.006692635757638925e+02
1.042471873170547951e+02
9.694145032579044141e+01
1.045985408334881157e+02
1.050343029934972208e+02
9.962297853394042590e+01
9.292889421481660861e+01
9.166270344174036211e+01
9.667542132061795712e+01
9.349892835109713474e+01
9.423421588071074950e+01
9.629253661131951958e+01
9.380795224407675903e+01
9.728924187003222812e+01
9.832698495451018061e+01
9.657740240194338810e+01
9.385550183846973482e+01
9.726151249733069903e+01
1.006425215661182619e+02
1.055447915178973375e+02
1.040485151782842763e+02
1.076552450562781331e+02
9.983394376227234090e+01
1.031244396259790932e+02
9.670354430784942679e+01
9.557076456557143729e+01
9.901051135089231536e+01
9.715091921966195798e+01
9.945724820705741820e+01
1.003141832384653895e+02
1.025521951994884233e+02
1.007845422915012108e+02
1.046514518050558848e+02
1.055005683600132755e+02
1.042785050496575252e+02
1.010190277265222960e+02
9.890020693320474265e+01
9.217552654966175396e+01
9.019658210494451112e+01
9.130932095205778865e+01
9.346595572838113242e+01
8.567370137602755165e+01
9.059347568611684665e+01
8.561427837015610010e+01
8.583456872300975249e+01
8.729835640969537280e+01
9.294781631594941018e+01
9.731185270059268078e+01
9.549633938196166127e+01
9.453718537133934774e+01
8.812614183348195240e+01
9.809405914647939539e+01
9.975597104126553916e+01
9.720504848441828472e+01
9.953626354792346831e+01
9.626122572950579581e+01
9.516113182264284376e+01
9.315969888624114503e+01
9.466866100511391835e+01
9.689994867937707568e+01
9.374946674395125967e+01
9.511557823055110816e+01
9.720564746400005163e+01
9.533419438914027921e+01
9.677312018365043400e+01
9.210669411245480376e+01
9.521423856668945973e+01
9.530984527792669780e+01
9.936923656407833505e+01
9.974563029218992938e+01
1.009109684410222769e+02
9.620579811251464264e+01
9.775483578052541134e+01
1.038871777247288719e+02
1.041416218621604628e+02
1.009514658976511328e+02
9.604564161364922370e+01
9.276949656116376275e+01
8.624169367806210573e+01
8.708518368214289751e+01
9.338944479964209222e+01
9.528759857286513579e+01
9.861151327297673674e+01
9.676752988686592971e+01
9.983644327750474190e+01
9.749738130168145744e+01
9.699536755310926139e+01
9.612732972376109331e+01
9.977465068959355676e+01
9.797299178021999921e+01
9.538681671942359230e+01
9.116577571092115306e+01
8.976604080612004566e+01
9.086499146856890263e+01
9.084033813228020904e+01
9.132650241164901672e+01
9.811929451031890892e+01
9.529464467745324896e+01
9.529379050285957931e+01
9.645248893509374000e+01
9.474295818187867724e+01
9.146059092995579931e+01
9.169273040500107186e+01
9.168106899347235128e+01
8.691736310732731852e+01
9.459435433961476747e+01
9.170823306636704331e+01
9.636863332374974789e+01
9.785253310749946820e+01
1.003526891911296275e+02
1.054002416818644861e+02
1.051071139144996920e+02
9.968629512988472641e+01
1.002154022845226962e+02
1.009378846715179492e+02
9.748337805135697920e+01
9.664143854045590842e+01
9.873769692745359805e+01
9.558080593258057434e+01
9.809826149247281535e+01
9.803796312322620565e+01
9.663004496927877085e+01
1.007486720369987978e+02
1.005892286476119182e+02
1.014961185606315865e+02
1.011278210690573047e+02
1.007343463782686683e+02
1.035817288218093921e+02
9.986832004395508022e+01
9.809386258602476971e+01
8.841842556217598315e+01
9.443341877100867521e+01
9.202338803164086301e+01
9.417935709371012365e+01
9.380143896344920051e+01
9.302029739325458024e+01
9.184879928075518762e+01
1.025077038159282097e+02
1.002949036104417360e+02
9.962758198173800395e+01
1.040112838262045898e+02
1.057950705421583137e+02
1.048672978633939579e+02
1.037510256282256336e+02
1.032956446911418880e+02
1.031740323643315662e+02
9.722580948978638560e+01
9.893878918857498661e+01
9.868394267603896708e+01
9.731579298344746576e+01
9.155553788715775454e+01
9.376986043420906469e+01
9.371843577204386122e+01
9.487269457409102813e+01
9.529502224942454802e+01
9.542768060354850945e+01
9.442473354612285164e+01
8.559145441332867676e+01
8.530232161278962622e+01
8.828222372898977710e+01
8.430406509872095455e+01
