9.417342249719303027e+01
9.547324541985902613e+01
9.611695665821319778e+01
9.660895426906830608e+01
9.708028800753757537e+01
9.728736931858927051e+01
9.759305965200518074e+01
9.786199880829057918e+01
9.816615854057957335e+01
9.851724486837525774e+01
9.872741742021649713e+01
9.889133949191646877e+01
9.898357528936806204e+01
9.917820407891875334e+01
9.936483608629723108e+01
9.954063011025553465e+01
9.987515574062587120e+01
1.001094100497843442e+02
1.004649400066058860e+02
1.005062214303333832e+02
1.008716025350664722e+02
1.011011440128400949e+02
1.014060849167470195e+02
1.016297996013664715e+02
1.017289445516978930e+02
1.018918007296473718e+02
1.021664315559077494e+02
1.023281324636127607e+02
1.024434208960355761e+02
1.026124347704680133e+02
1.028243938827601056e+02
1.029687004416867069e+02
1.029920444995989044e+02
1.033231430196081249e+02
1.034706040365309718e+02
1.035922244359384479e+02
1.038774501792178171e+02
1.041643769010774463e+02
1.043491180588747653e+02
1.044570263736220141e+02
1.045967775277548952e+02
1.046940518835046134e+02
1.048813230195778061e+02
1.050691380441782314e+02
1.051815355667074101e+02
1.052869623378793733e+02
1.053077251825136074e+02
1.055706678909797347e+02
1.058517960383651797e+02
1.060659520779789631e+02
1.061127486369965851e+02
1.061285088903660352e+02
1.063054463773792264e+02
1.064274012834239898e+02
1.064640337716463847e+02
1.065326701601800181e+02
1.068188303039134155e+02
1.070474110166901625e+02
1.071577503378861991e+02
1.072662066201739322e+02
1.073201187717839105e+02
1.074979199287722764e+02
1.076626794279106747e+02
1.077595320410837871e+02
1.079368293361999349e+02
1.080057714987341200e+02
1.081242033263569340e+02
1.082568200630047386e+02
1.085702487134851282e+02
1.089155568722259204e+02
1.090587169006094683e+02
1.091246195334057774e+02
1.092805416012823230e+02
1.095808307313279073e+02
1.096756191068302684e+02
1.099259134287603104e+02
1.101060497026191740e+02
1.102309075181155293e+02
1.104202791731112683e+02
1.104518150713171849e+02
1.106151613056342597e+02
1.107146492488190148e+02
1.107575095216899825e+02
1.107443063316721918e+02
1.108876026333047804e+02
1.109876713315458403e+02
1.110161701116607134e+02
1.112136900935883261e+02
1.112288448985976999e+02
1.112106562939932246e+02
1.113727694908020993e+02
1.115444900590696733e+02
1.118717600862241426e+02
1.120335789214002489e+02
1.121702254979948918e+02
1.121311710834080344e+02
1.121188942465146852e+02
1.121914227703081650e+02
1.122426411435878606e+02
1.121944770166552701e+02
1.124847724076622626e+02
1.126484373481067252e+02
1.126473422108128233e+02
1.126600939919434552e+02
1.126194150513374694e+02
1.126679093861801704e+02
1.127678115044923857e+02
1.129276774095407916e+02
1.130318438427936201e+02
1.129228423598084561e+02
1.128388676976495617e+02
1.128863803622265891e+02
1.130438277844812234e+02
1.132093711903795281e+02
1.131956843451160069e+02
1.132628190720686661e+02
1.132698381912833128e+02
1.133420747240745783e+02
1.134496852459266734e+02
1.135571449286245524e+02
1.135298198766597153e+02
1.136270815065413018e+02
1.136696803903062971e+02
1.137180560174405599e+02
1.137245817297652906e+02
1.137602527776417105e+02
1.137962331091947732e+02
1.138762953336486135e+02
1.138588097594510344e+02
1.139938398283298540e+02
1.140404196957842942e+02
1.141423124950286478e+02
1.141625274563159991e+02
1.139680179207500998e+02
1.139395639990920870e+02
1.139123770923018100e+02
1.138138286377533746e+02
1.138493786222667126e+02
1.138873642666051751e+02
1.140710022906010153e+02
1.141877724047341474e+02
1.142730285143813802e+02
1.143989049452186748e+02
1.144062936268561543e+02
1.145238406547309893e+02
1.145606490409174398e+02
1.145896199166771368e+02
1.147128463851141618e+02
1.147892689617460036e+02
1.149153598174993647e+02
1.148257681996033028e+02
1.147988859413842846e+02
1.150386598255815898e+02
1.150693277974176709e+02
1.151778579613718989e+02
1.151870424163489446e+02
1.153073058144566261e+02
1.155098698998937436e+02
1.154959937300268820e+02
1.156109844287028920e+02
1.155114882133104857e+02
1.154861341509783443e+02
1.155029293653376072e+02
1.153802616835225479e+02
1.152430958178440079e+02
1.151655495199290726e+02
1.150991952517470338e+02
1.152163866389989124e+02
1.153500204594000422e+02
1.154500828685173559e+02
1.154746323437059772e+02
1.156617392811598677e+02
1.157366570584328684e+02
1.158818623482956696e+02
1.157745314789416682e+02
1.157892448868417858e+02
1.157666725728711015e+02
1.157685808319496346e+02
1.157533933399496959e+02
1.158530296480540187e+02
1.159055887096507718e+02
1.159296810773171416e+02
1.160554015832316566e+02
1.161330627583604240e+02
1.162268278120592555e+02
1.161406996810947305e+02
1.161439179485525841e+02
1.162443115234581512e+02
1.163490181466607538e+02
1.163265409327609063e+02
1.164926140367911245e+02
1.164875507442787068e+02
1.164619392959880315e+02
1.164950994920559708e+02
1.164328305168510980e+02
1.165334572540556479e+02
1.165208228532069654e+02
1.165146382197677895e+02
1.165524203543860722e+02
1.165340841313110616e+02
1.165313716113666516e+02
1.165090353314438119e+02
1.165264607155057632e+02
1.165344134521640171e+02
1.165833257818504904e+02
1.167347233690372974e+02
1.167603680499593537e+02
1.168420658081919470e+02
1.168163534944193458e+02
1.167856086937425033e+02
1.167565634029193831e+02
1.167128104407484841e+02
1.168810832359383483e+02
1.169070771975574985e+02
1.169321473619668268e+02
1.169764128303108066e+02
1.170757903464512140e+02
1.170486070794836877e+02
1.171680860350532924e+02
1.172475887628252025e+02
1.172914939674086128e+02
1.173758778009038792e+02
1.173034779904994167e+02
1.173561531876648871e+02
1.173225392781858432e+02
1.174674624922995605e+02
1.174823617992994400e+02
1.173705424413648899e+02
1.173680779310515874e+02
1.172676014124052415e+02
1.173116398870325554e+02
1.173336358614833301e+02
1.172530406537027403e+02
1.173603940137534920e+02
1.173168005966275729e+02
1.172369401788961341e+02
1.173747433068435271e+02
1.174719890519547647e+02
1.175250310382264729e+02
1.175577561634483885e+02
1.176209908913491375e+02
1.176064694994397115e+02
1.176886775144369324e+02
1.177087641471729427e+02
1.176257498181720536e+02
1.174999459989437867e+02
1.174577701928929798e+02
1.174499370189623022e+02
1.174043712629694198e+02
1.174109437322416483e+02
1.174509571442921185e+02
1.173991533724774285e+02
1.174821482706287554e+02
1.174780754456480736e+02
1.174983739719988307e+02
1.175927337533356507e+02
1.175929053810474727e+02
1.176215873767509237e+02
1.177038414974674225e+02
1.177780607882449573e+02
1.178302606559513919e+02
1.179895488589050672e+02
1.179908582385477587e+02
1.179259994897720532e+02
1.179267004116108239e+02
1.178338131745908441e+02
1.178147977338616954e+02
1.178476910618685309e+02
1.177977006251237100e+02
1.178487085339843787e+02
1.177919865938756061e+02
1.176309474159587296e+02
1.177895488159734754e+02
1.177433794654649404e+02
1.177872142237078918e+02
1.178320011371803275e+02
1.178801967035081049e+02
1.180368233200427710e+02
1.180753961098992733e+02
1.182209511742887855e+02
1.181230707376419957e+02
1.181534598669259424e+02
1.180217402725967730e+02
1.180732312835019115e+02
1.181211963010471067e+02
1.180804898637431251e+02
1.181002458808879396e+02
1.181254920737488163e+02
1.181064261852918094e+02
1.181042280114514966e+02
1.180411584990936973e+02
1.181219931158546075e+02
1.182008527261455839e+02
1.183292437629781659e+02
1.182222255558292972e+02
1.183352750353456031e+02
1.184016160824357371e+02
1.182424199464286403e+02
1.182494802681257084e+02
1.182304566459381476e+02
1.181116033036864792e+02
1.181471042934063149e+02
1.181332603191186905e+02
1.180317364368261650e+02
1.179033391680943197e+02
1.179686635203257197e+02
1.180607160640472841e+02
1.181097047166950631e+02
1.180113006833982183e+02
1.180394430995195023e+02
1.182295630499403956e+02
1.181156589872151130e+02
1.182080958936042805e+02
1.182103243639011225e+02
1.183237599397113655e+02
1.183244468018125417e+02
1.183463474704414580e+02
1.184465379637814237e+02
1.185099329912932262e+02
1.186585960655069982e+02
1.186185166085242599e+02
1.186367054099593616e+02
1.186223217230658520e+02
1.186232843937416277e+02
1.185933548730321405e+02
1.186050400906019036e+02
1.186972720912341828e+02
1.186181918113450990e+02
1.183847367855634758e+02
1.183995443456792032e+02
1.184244260016665748e+02
1.184492196490939762e+02
1.184487783136108163e+02
1.186461028326556857e+02
1.186425054730352713e+02
1.187066426128065046e+02
1.187659785977064359e+02
1.187013574547362964e+02
1.186984928980876930e+02
1.185325113302046987e+02
1.184400563910199651e+02
1.185257039303655802e+02
1.186305014052821321e+02
1.185693111777453765e+02
1.185481814797639402e+02
1.186065149717024525e+02
1.185513264923807100e+02
1.186851845983994878e+02
1.188957678898570691e+02
1.189468833392883482e+02
1.188350751048159992e+02
1.187080232109561706e+02
1.186931255380784904e+02
1.186909226690809902e+02
1.188174330583124885e+02
1.188447689617280929e+02
1.187950093865913601e+02
1.187000067220505457e+02
1.185708120793262310e+02
1.186531562177234775e+02
1.187037568336016591e+02
1.187424936347925382e+02
1.187313818757568384e+02
1.187289650640653349e+02
1.186231554518072926e+02
1.184875587875032181e+02
1.185609609357927070e+02
1.186827600210415312e+02
1.186361788482089281e+02
1.186583291629476520e+02
1.188105770220221586e+02
1.188603665482841905e+02
1.188484521318213183e+02
1.189040549990996709e+02
1.188896297861550124e+02
1.189888727646465156e+02
1.189105327821107210e+02
1.188940079909021819e+02
1.188869186501390942e+02
1.188236354492352973e+02
1.188567892562431894e+02
1.188272113069990610e+02
1.189270587734982598e+02
1.189398173057576855e+02
1.189720168662416455e+02
1.191290828114188116e+02
1.191637646800059400e+02
1.192573784647328949e+02
1.192739180167746724e+02
1.192569345985853317e+02
1.193179283413801386e+02
1.193587833525948270e+02
1.194520263494711401e+02
1.194638443225195203e+02
1.192485541873582093e+02
1.193396574371196550e+02
1.191858470810777249e+02
1.191885823655910599e+02
1.191618003464295015e+02
1.191425199478814960e+02
1.191182505999079382e+02
1.189476778201710943e+02
1.189096470862909456e+02
1.188621892451046165e+02
1.187756463907455498e+02
1.187366628487806395e+02
1.188118269008790833e+02
1.188873073025103793e+02
1.190317064427242855e+02
1.190111304153755185e+02
1.190373664733403274e+02
1.192044515288574758e+02
1.191745329917115583e+02
1.192118986740778155e+02
1.191988143769816872e+02
1.191443592169897556e+02
1.190640999993914875e+02
1.187570781254685244e+02
1.188389791913234461e+02
1.188368047800068723e+02
1.189666196379375549e+02
1.189963978404843203e+02
1.188208252814133203e+02
1.188572445579092260e+02
1.188383798396194351e+02
1.188404072904317275e+02
1.187575334423994917e+02
1.187279109222630353e+02
1.186672216569886444e+02
1.186282503512367157e+02
1.186698893343289711e+02
1.186603059953061177e+02
1.186657399269612938e+02
1.188483847922203580e+02
1.187971036986167377e+02
1.187420499866276060e+02
1.187273617617590844e+02
1.188205834003455550e+02
1.186517976527026974e+02
1.185366058197950565e+02
1.185314254461074626e+02
1.184725999588339249e+02
1.185526392751500424e+02
1.184684717321432714e+02
1.185273734975397559e+02
1.184097466182651175e+02
1.184753496826566561e+02
1.185912574555489982e+02
1.184573378612260086e+02
1.183917994855948592e+02
1.184132801536837150e+02
1.183335115305739009e+02
1.182323718428896342e+02
1.182163823328159964e+02
1.181546248718879895e+02
1.181817406223429003e+02
1.182249218376380071e+02
1.182753176559005936e+02
1.182219331577356485e+02
1.182732003912608150e+02
1.182691025236310765e+02
1.182844605523800681e+02
1.184788464599821225e+02
1.185702581799223623e+02
1.185758863358085478e+02
1.184522998857034537e+02
1.184360730287802710e+02
1.184178819714169748e+02
1.183551433791265737e+02
1.183535007370057741e+02
1.184113564343334133e+02
1.184189288902521753e+02
1.184642398190802481e+02
1.185670165480931928e+02
1.185840501553777671e+02
1.186576535572958875e+02
1.187231978064500737e+02
1.188210080494110059e+02
1.188588845387556177e+02
1.187910787693175649e+02
1.186997750116680521e+02
1.186237005952105648e+02
1.186253255924079184e+02
1.187657827126623857e+02
1.187490049060241262e+02
1.186909052241786497e+02
1.187810619822317904e+02
1.187542358300552507e+02
1.189005709684633700e+02
1.189040788950054690e+02
1.189726158829462292e+02
1.189913869929468717e+02
1.189701387406130237e+02
1.189082452146849249e+02
1.189300195421109123e+02
1.188762724761696745e+02
1.189159722105394508e+02
1.188716568878378155e+02
1.188072030805486605e+02
1.185729501474397978e+02
1.185805273476608619e+02
1.184596564941224273e+02
1.185448021693758136e+02
1.186206499762105011e+02
1.184695721389380338e+02
1.184149307642547342e+02
1.185423402445725856e+02
1.187329464097284557e+02
1.186607305754680368e+02
1.187283246865361832e+02
1.186488731171693587e+02
1.186912304738507942e+02
1.187174579999407626e+02
1.185939744110611116e+02
1.186664971447977308e+02
1.187006767701039678e+02
1.186962926590750840e+02
1.187242909747526483e+02
1.187406635123497978e+02
1.186449756118464336e+02
1.186491447014946630e+02
1.187213545039002298e+02
1.187846103911866606e+02
1.187957784729197925e+02
1.188651514708445944e+02
1.188472775003430399e+02
1.188442101127236157e+02
1.188672162988460741e+02
1.189140297532486414e+02
1.188968359640991821e+02
1.189328953377917912e+02
1.189031593301424010e+02
1.188486651781822871e+02
1.188395527509522651e+02
1.188588810916290583e+02
1.188545910539749428e+02
1.188408409267179735e+02
1.188917118991626438e+02
1.188793716164024517e+02
1.188620721242361071e+02
1.188275272848652975e+02
1.186913679004047708e+02
1.186212920485407096e+02
1.185341657877465877e+02
1.185157117210528241e+02
1.184831249642967919e+02
1.185550938996795765e+02
1.184853982733492188e+02
1.184648955679704159e+02
1.185121900845981315e+02
1.185593877344827547e+02
1.185258358183796474e+02
1.185223539411451839e+02
1.187494171858120353e+02
1.188433656671718097e+02
1.189039113638182670e+02
1.188441107646595611e+02
1.188481738439138411e+02
1.188681576047810324e+02
1.188596079256951583e+02
1.188676008597496718e+02
1.188058845219262025e+02
1.188867275078856665e+02
1.187896349721480647e+02
1.187637026651018601e+02
1.188181467777877458e+02
1.187502613885093723e+02
1.188168474356536279e+02
1.189118697015160535e+02
1.190070379373377847e+02
1.190084307149888048e+02
1.189285620855974486e+02
1.190860818880950092e+02
1.191542947727497506e+02
1.190643400044165645e+02
1.190056943877554403e+02
1.190012690371157618e+02
1.190522476637323592e+02
1.191077894686758611e+02
1.189831145940449346e+02
1.189080825137305624e+02
1.189195528976418927e+02
1.189327079504534765e+02
1.188581824072899451e+02
1.186860563202784675e+02
1.187331316359737912e+02
1.186968568076591879e+02
1.187868338000527046e+02
1.186199715043096035e+02
1.186721799205410974e+02
1.186962006426007434e+02
1.186899670914709759e+02
1.187543334632762537e+02
1.187242296542228530e+02
1.188672985221920158e+02
1.189224704858526707e+02
1.188795358414345174e+02
1.186910187283589551e+02
1.187667270969893849e+02
1.186951493496948586e+02
1.187104837074587493e+02
1.186999273030527036e+02
1.187635002085321787e+02
1.186775377294497105e+02
1.186474184459113275e+02
1.185908789484095962e+02
1.184946579374658171e+02
1.183621316500237839e+02
1.185324795326055067e+02
1.185614613893543350e+02
1.186491931390229695e+02
1.186297504463180132e+02
1.186410927047829631e+02
1.185632183850795656e+02
1.185338267900510232e+02
1.186331843892976963e+02
1.186753234927243881e+02
1.187163976807307790e+02
1.185526510632072359e+02
1.185871807246995502e+02
1.184248378840490545e+02
1.184001849625897052e+02
1.183705467550901176e+02
1.183733846835466892e+02
1.183869897718545872e+02
1.183582507331775702e+02
1.183832116024138799e+02
1.184059217200650096e+02
1.183745989029257970e+02
1.183984378887242457e+02
1.185622962234730977e+02
1.184876835712171328e+02
1.185226729828384009e+02
1.185729819682316020e+02
1.184458192193542345e+02
1.184508769148088447e+02
1.184228004727812902e+02
1.184323215277536434e+02
1.184724324111473663e+02
1.185420852735685884e+02
1.184608843798568785e+02
1.184669541536819253e+02
1.184386666052440802e+02
1.184068178537405629e+02
1.185747285190059870e+02
1.185571211473567246e+02
1.186019088367187351e+02
1.186673349677265037e+02
1.186676667012888799e+02
1.186417259436334319e+02
1.186479311188447667e+02
1.186536820496083777e+02
1.186534129198674918e+02
1.186746454526657715e+02
1.187095097884230199e+02
1.187068398997211460e+02
1.186365621286468439e+02
1.186766994760033924e+02
1.187156633605760447e+02
1.188351243921465397e+02
1.186835931281247269e+02
1.185722777128782894e+02
1.184177403705144940e+02
1.184424709746388800e+02
1.185019683565746078e+02
1.184702936480397426e+02
1.184478789590286851e+02
1.182812691007087125e+02
1.183079359617000677e+02
1.184182996403445713e+02
1.184670348813204015e+02
1.184308011613466647e+02
1.183711268241110304e+02
1.182141383511155084e+02
1.182650649249884935e+02
1.182740376984250190e+02
1.182734930626482424e+02
1.183189756415366531e+02
1.183671443870027105e+02
1.184668310408177518e+02
1.184542686449188977e+02
1.184902801066744047e+02
1.185262571845265853e+02
1.185380352105972293e+02
1.184610420793653986e+02
1.186546183216232038e+02
1.186696764524503891e+02
1.187747047558063400e+02
1.187912949736223283e+02
1.188079873375828726e+02
1.186755858772860961e+02
1.186693063847456813e+02
1.185831898267570494e+02
1.186300731184215067e+02
1.187912604391717650e+02
1.188034369814849214e+02
1.188265521466910002e+02
1.188346059617559831e+02
1.188329659347698879e+02
1.188845038353138932e+02
1.187416387940411937e+02
1.186761659701641918e+02
1.186052946205875998e+02
1.185807731030112109e+02
1.186348631008429066e+02
1.185618251350346242e+02
1.186073799939181868e+02
1.187201222810362538e+02
1.187914787384025601e+02
1.190331233061475871e+02
1.190325761038313175e+02
1.191590701472306648e+02
1.190633381781889142e+02
1.190658290984740830e+02
1.191393809381719535e+02
1.190291438414383691e+02
1.190652170360178559e+02
1.191845023626245279e+02
1.192813849910163100e+02
1.190955616226188596e+02
1.189781010236249728e+02
1.189188178980489425e+02
1.189143710339852902e+02
1.188127250533615893e+02
1.187958517458849172e+02
1.188468383853352890e+02
1.188591203213822922e+02
1.187825880376425829e+02
1.187292068120949580e+02
1.186480986774255229e+02
1.186519948639086834e+02
1.185946397835722905e+02
1.187250241498314409e+02
1.187296170309124506e+02
1.186764781824315662e+02
1.186087548399424492e+02
1.184772341889461131e+02
1.184825686542118461e+02
1.186417711398583776e+02
1.187164851883326548e+02
1.186451496933202350e+02
1.187323025513548060e+02
1.187360602753596766e+02
1.187441994130612102e+02
1.188081176099054233e+02
1.188252335784764426e+02
1.188333945874976507e+02
1.187210499456968762e+02
1.188296193034138071e+02
1.188436866639144398e+02
1.188398049817133995e+02
1.187058909202863504e+02
1.186661999629158544e+02
1.186884011789811240e+02
1.189336302783631680e+02
1.188429630460250337e+02
1.188026887837473282e+02
1.189546240069682881e+02
1.189183384958828071e+02
1.189449682656455707e+02
1.190946049366062169e+02
1.191296311717088372e+02
1.191368693700873536e+02
1.192518219830235466e+02
1.192924798221471434e+02
1.193268933237955594e+02
1.193375358542109694e+02
1.192831378955163615e+02
1.193738151541914903e+02
1.193179534778604847e+02
1.191865143020953184e+02
1.193332060037169953e+02
1.193649415321622200e+02
1.193263365051072213e+02
1.193707514674831742e+02
1.195410145427959492e+02
1.194865826879392614e+02
1.194603930300741581e+02
1.195230308268207011e+02
1.194117405217289303e+02
1.194340442351039826e+02
1.194711511209056738e+02
1.194851669887908798e+02
1.193663079408621144e+02
1.192066709796479387e+02
1.192463383677821867e+02
1.194089822293563401e+02
1.194555803706140438e+02
1.193748521187213498e+02
1.194343445542333910e+02
1.194078417541304304e+02
1.194796617439000812e+02
1.195117654419759106e+02
1.193023814216362979e+02
1.193483766293765740e+02
1.192879777767717400e+02
1.193647029132107349e+02
1.194350080852249079e+02
1.193294117425280945e+02
1.194917709703710216e+02
1.197159101453733712e+02
1.196171206759868966e+02
1.196761744573759785e+02
1.196072367734309125e+02
1.196542792601299681e+02
1.196471492006798769e+02
1.195709195443078841e+02
1.196463019082912780e+02
1.197526893234507526e+02
1.197929216885847552e+02
1.197556476426644139e+02
1.197178273151382655e+02
1.197916957620816731e+02
1.197278240653351133e+02
1.196091372772957300e+02
1.195410168514565896e+02
1.196759617172220942e+02
1.196530527433465068e+02
1.196154427707790688e+02
1.196381000605397418e+02
1.197173623732007144e+02
1.197234836245941239e+02
1.197913702324491112e+02
1.197531419679870623e+02
1.197053360316961346e+02
1.198201969730448155e+02
1.196251804241103258e+02
1.195249235121967786e+02
1.194847367575580819e+02
1.194796140984085469e+02
1.194736389196998090e+02
1.194593172084484962e+02
1.193823260951571399e+02
1.194340085045721196e+02
1.191982461649700582e+02
1.192330091908283833e+02
1.192188701736804433e+02
1.194129869409160989e+02
1.195177995771244071e+02
1.195758020790817113e+02
1.195145986351431731e+02
1.195485373370557625e+02
1.196448957394875663e+02
1.195628883161224536e+02
1.194471479308881072e+02
1.193876763671509735e+02
1.192326935191316295e+02
1.192013129932752946e+02
1.192723589247223401e+02
1.193868939211126161e+02
1.193938863919327389e+02
1.195859819086487050e+02
1.195933595599665296e+02
1.195282265523704837e+02
1.195865178576101329e+02
1.196004591997595696e+02
1.197163506797384684e+02
1.198122797989780395e+02
1.197910984307720241e+02
1.197969649663276499e+02
1.198244401259844665e+02
1.196568889731211272e+02
1.196617627967655721e+02
1.196848555509433965e+02
1.196968789909179520e+02
1.197305005562233617e+02
1.196769387409001411e+02
1.197041178008838074e+02
1.198224149298130499e+02
1.198064380510818552e+02
1.197941447932331442e+02
1.199380813135815345e+02
1.200409938963342000e+02
1.201039718692421729e+02
1.201257483051044801e+02
1.199729079434302434e+02
1.199637262283157639e+02
1.199376158404711816e+02
1.198078292202089159e+02
1.198641200232347614e+02
1.198875486120394669e+02
1.199526811291425048e+02
1.198826918987890480e+02
1.199750988267725518e+02
1.201142702322682680e+02
1.201858758915868464e+02
1.201416520678795052e+02
1.201510889396588055e+02
1.200898732978975119e+02
1.200144511662299891e+02
1.199282114605905605e+02
1.199995666143315987e+02
1.200549721399167140e+02
1.200756687374107088e+02
1.200228207751073199e+02
1.202251667007980700e+02
1.201574634006108937e+02
1.201718173812155186e+02
1.201677656908493788e+02
1.201506513591891405e+02
1.203949686513192034e+02
1.203656519499376287e+02
1.203403696057434615e+02
1.202846113629948235e+02
1.203460099345152230e+02
1.203530912557707353e+02
1.203901012384381914e+02
1.204098410063733127e+02
1.203261991330474387e+02
1.202322323073840096e+02
1.201770505959867137e+02
1.202838705469763170e+02
1.201725788714011998e+02
1.202107638959082436e+02
1.202228260837802054e+02
1.202542895277870656e+02
1.202934141247022524e+02
1.203074601234053631e+02
1.203757396569972826e+02
1.203759097706968930e+02
1.203603455316034712e+02
1.204775398144424940e+02
1.205625550859703168e+02
1.205411620601683467e+02
1.205298568640677956e+02
1.204527396567351332e+02
1.204032299423468544e+02
1.203727569014332772e+02
1.203358282888154918e+02
1.203844155340086814e+02
1.204273019852548146e+02
1.204573400861890207e+02
1.203303784086554060e+02
1.201958830951409425e+02
1.201235854167131691e+02
1.202123576978869579e+02
1.202211286824325214e+02
1.202406993350536624e+02
1.202568128292846126e+02
1.202792447949969841e+02
1.202490894150572416e+02
1.201750415465399584e+02
1.201905885753250374e+02
1.202529445336042500e+02
1.202817210805095840e+02
1.203154374168264695e+02
1.202703112487398585e+02
1.202776009618616655e+02
1.202679897104887914e+02
1.202938477457309148e+02
1.202199438170562757e+02
1.202042008624185598e+02
1.200850175087229275e+02
1.199737034414465029e+02
1.199719788743343685e+02
1.198342561536951365e+02
1.198027402220114936e+02
1.199056790301420961e+02
1.198586382567322204e+02
1.197966472844021411e+02
1.197902670153859788e+02
1.197980386829510451e+02
1.198673789531427474e+02
1.197629391713178961e+02
1.198659212113454942e+02
1.198617262098808567e+02
1.199011984290514192e+02
1.199349252521426479e+02
1.199292278608140094e+02
1.199117064164054796e+02
1.199489928237663463e+02
1.200090457422678725e+02
1.199965397442519901e+02
1.199747366819743917e+02
1.200556211981778034e+02
1.200794920152586656e+02
1.200561708087574289e+02
1.199660799469320267e+02
1.199379630475729215e+02
1.198541526187904367e+02
1.197444433802987618e+02
1.197077550102397083e+02
1.196145846941044226e+02
1.195462168538388426e+02
1.194770654764345750e+02
1.195422747542059199e+02
1.194831486787445556e+02
1.195755086807538561e+02
1.195045702403831598e+02
1.194826145387324203e+02
1.193811735908834919e+02
1.194391011564802909e+02
1.195268617993673388e+02
1.195365343470077022e+02
1.196425421397516260e+02
1.197395533154168987e+02
1.197789002561945608e+02
1.197221783023152284e+02
1.198369004674265881e+02
1.198704170581658417e+02
1.198960862099490754e+02
1.198133857231053980e+02
1.198630714505096506e+02
1.199914915295131408e+02
1.200245954655682823e+02
1.200008850220428656e+02
1.200499013631721681e+02
1.200080603056823350e+02
1.199005678737716352e+02
1.198885568117628964e+02
1.199095590057107188e+02
1.199145715885268118e+02
1.198782418278179307e+02
1.200286256432915195e+02
1.200580894818171060e+02
1.200445101497807201e+02
1.200394167645704471e+02
1.200628427765696813e+02
1.200670375145442392e+02
1.201404666376326844e+02
1.201992008682087629e+02
1.201643327666514125e+02
1.201000730728824664e+02
1.200609916610277565e+02
1.201006288513457747e+02
1.200483662588727043e+02
1.199129986078014412e+02
1.197224549552484234e+02
1.196642450327650380e+02
1.195471023834514881e+02
1.196351780628105956e+02
1.197901578374373059e+02
1.197828589435929700e+02
1.196756631215298938e+02
1.195949248421528210e+02
1.196953730373234066e+02
1.196849640947319386e+02
1.196828804741803793e+02
1.197876171846291555e+02
1.196814153978995279e+02
1.195544053601846599e+02
1.195836209442676790e+02
1.195686811532326601e+02
1.194947922974704113e+02
1.194521094561150107e+02
1.195625441125640691e+02
1.194496869438371220e+02
1.193672178320762924e+02
1.194664874932105079e+02
1.195479860527738225e+02
1.194479481302500403e+02
1.192727004516372205e+02
1.194494992677292942e+02
1.195911275146879973e+02
1.196063508653147096e+02
1.197027955130373016e+02
1.196556715503675008e+02
1.197054451552601222e+02
1.198112292866886577e+02
1.197966689547679380e+02
1.198657574400693306e+02
1.198936726479797130e+02
1.199556626971827313e+02
1.198072425757084289e+02
1.197605069492675938e+02
1.197301166460812283e+02
1.197752077807600841e+02
1.199012068275206815e+02
1.198133798386199942e+02
1.197489056066447262e+02
1.197100605059406462e+02
1.198210262424161527e+02
1.197510813401008249e+02
1.197200622274280732e+02
1.197798993476373965e+02
1.197430199372650037e+02
1.195613756727448589e+02
1.196175016589389060e+02
1.196434370174415136e+02
1.196596886302135090e+02
1.196167717614715968e+02
1.197095037854771107e+02
1.198031661370969516e+02
1.197202311614489929e+02
1.197405258911095842e+02
1.197899376786793511e+02
1.197630795219265281e+02
1.197949614294736875e+02
1.197424077618291847e+02
1.198933226750902179e+02
1.198612706102547918e+02
1.199705302491132812e+02
1.198669578537800362e+02
1.199170330218232721e+02
1.198693520892800990e+02
1.198075918335363212e+02
1.197919669489172207e+02
1.199080512063567738e+02
1.198837917666885176e+02
1.197839366570377280e+02
1.198455634265416876e+02
1.198341916222162808e+02
1.197998922586232311e+02
1.197171314869394223e+02
1.197595955085879069e+02
1.198612565717484983e+02
1.198985608927038840e+02
1.198690023913881504e+02
1.197800700786378627e+02
1.196954806698343248e+02
1.197089760707002739e+02
1.198419037856608753e+02
1.199545714716014970e+02
1.198710960042110685e+02
1.198193704999128784e+02
1.197876667298061193e+02
1.198654852320938318e+02
1.197791388829564596e+02
1.197079786028578638e+02
1.196888814217319208e+02
1.197138058467173209e+02
1.197651778093370751e+02
1.198493193316665213e+02
1.198809133542572596e+02
1.199104729076896518e+02
1.200785667832683146e+02
1.201715707461744245e+02
1.202143416639347322e+02
1.201624857666903097e+02
1.199931172528093981e+02
1.200197637869978422e+02
1.200489072457049105e+02
1.200433304620283934e+02
1.199912807272532262e+02
1.199324612425229049e+02
1.199385351158081363e+02
1.199585039308198873e+02
1.198634161923487511e+02
1.199161454371352846e+02
1.200124629743715445e+02
1.199315321573870534e+02
1.200002908018270062e+02
1.200249780258657779e+02
1.199768549579861769e+02
1.199439266716416626e+02
1.199159307916840334e+02
1.198538625971944498e+02
1.199364802787925726e+02
1.199951236576377767e+02
1.198736935973509219e+02
1.198620023281819584e+02
1.200068108577311534e+02
1.199638752062720073e+02
1.200072441990787411e+02
1.199702787658379179e+02
1.199689012744116781e+02
1.199238456388760454e+02
1.198407972064283484e+02
1.199535758177880922e+02
1.198881194686808698e+02
1.197843394155337080e+02
1.197918046764180247e+02
1.198741671810834220e+02
1.198697732736325889e+02
1.199714374522621938e+02
1.199656497567728337e+02
1.200334161453441055e+02
1.201556168809800909e+02
1.201904843658577988e+02
1.200799441322136829e+02
1.200444874838550930e+02
1.200385809364688470e+02
1.200370241169716081e+02
1.199787408487973721e+02
1.200809376565133704e+02
1.200685743346414966e+02
1.199095076482777671e+02
1.199745190760070273e+02
1.199743669546855500e+02
1.200806146534872312e+02
1.201635805657556801e+02
1.201518334943225170e+02
1.201036489560045055e+02
1.200745768848288009e+02
1.201674872190827443e+02
1.200777435021232122e+02
1.201914737144287528e+02
1.202572414490105785e+02
1.201055105016229305e+02
1.199903043941413472e+02
1.200676008602481488e+02
1.201152193811589797e+02
1.200586290665270894e+02
1.200281112659518925e+02
1.199111877232563188e+02
1.199039132651796820e+02
1.199910609492619926e+02
1.200678647184753629e+02
1.201734233880724645e+02
1.202141661401416286e+02
1.201215537904988651e+02
1.200641316056006787e+02
1.201497684559095376e+02
1.201759847806801389e+02
1.202000314436093475e+02
1.201789003657481629e+02
1.201561764196535336e+02
1.201537610678222592e+02
1.201835451749020223e+02
1.200024946697947144e+02
1.199717326250889471e+02
1.200614977569323258e+02
1.200585288384172458e+02
1.200700186697794294e+02
1.200603343311893667e+02
1.200457540272629871e+02
1.200054790868405945e+02
1.199218898030050724e+02
1.198724747856851849e+02
1.198799472854636008e+02
1.198474567813451443e+02
1.198549753847094905e+02
1.201836368002729074e+02
1.202988210534277727e+02
1.203269901967376683e+02
1.204440470676455703e+02
1.205515368840629264e+02
1.206918301213822673e+02
1.207255878994050562e+02
1.207404981676355220e+02
1.207638655283932678e+02
1.207321777905815452e+02
1.208275360766360649e+02
1.209712912941471501e+02
1.210201954145290983e+02
1.210244802148833116e+02
1.209960227838171676e+02
1.209372493013480607e+02
1.209600673614069137e+02
1.210309404727191236e+02
1.209855010089249987e+02
1.210493478244241601e+02
1.210034847778376701e+02
1.210766945642138523e+02
1.210290316329526092e+02
1.209309856436806569e+02
1.210205083095047200e+02
1.210281995773509323e+02
1.211257582917301647e+02
1.211086781368857714e+02
1.209747170573421755e+02
1.210744632288391358e+02
1.211101271844086682e+02
1.210765043892429134e+02
1.210827980277290834e+02
1.209554765824973686e+02
1.208698908258989206e+02
1.207327543981794662e+02
1.206388587205954508e+02
1.207081049938222321e+02
1.208819256518214615e+02
1.207975589105812304e+02
1.208149664338266120e+02
1.208310921630960593e+02
1.206941059480298577e+02
1.206372905436740695e+02
1.205828354448086230e+02
1.207319792515788635e+02
1.207993412029692593e+02
1.208038627796821487e+02
1.207212948657006848e+02
1.206869668946389424e+02
1.206465962090589557e+02
1.206674665549000736e+02
1.206718520955426470e+02
1.206725236056318522e+02
1.205852246681366609e+02
1.204818516698423849e+02
1.204525723256767407e+02
1.205160169919988107e+02
1.204482434856213473e+02
1.205579881683024723e+02
1.205961718117580403e+02
1.206394491687615158e+02
1.206927261164165799e+02
1.207030623820591444e+02
1.207700141240886040e+02
1.208323418890223877e+02
1.209733246507798299e+02
1.210582589116383616e+02
1.211486676013148553e+02
1.212061764075290000e+02
1.212382644683221997e+02
1.212416269673186804e+02
1.212049081549890417e+02
1.211733802734422056e+02
1.212277751108160402e+02
1.212179162817650138e+02
1.212372410184376008e+02
1.212625926502224729e+02
1.211804592956948596e+02
1.211610481013225922e+02
1.211303117944626706e+02
1.210378539153316808e+02
1.210625559278273329e+02
1.210578809514128125e+02
1.212273149691282299e+02
1.212551682866494929e+02
1.212293371168032650e+02
1.213556000404325488e+02
1.214240437893715523e+02
1.213835553745703635e+02
1.214351228723804752e+02
1.214325906941594297e+02
1.214755785348635584e+02
1.216278845678244522e+02
1.215622898247949735e+02
1.215195438801188317e+02
1.215409926197556274e+02
1.214844677385312934e+02
1.215950752675525877e+02
1.216591160909631952e+02
1.215990569284501390e+02
1.217045508211038651e+02
1.215522738692966414e+02
1.214029735800071421e+02
1.214793774800435671e+02
1.216463923802203482e+02
1.215943257399858055e+02
1.217767425290746530e+02
1.217376032201920992e+02
1.216365562545367993e+02
1.215809637963912593e+02
1.216360575532287385e+02
1.215594423347458246e+02
1.214868328464512786e+02
1.214821683755759523e+02
1.214341051788550345e+02
1.213289696973745748e+02
1.213111959438134875e+02
1.212689237116551482e+02
1.213435015904198337e+02
1.212753510871313409e+02
1.212127959536797306e+02
1.212216503348407599e+02
1.212641888639219019e+02
1.213301824267711737e+02
1.213617233486355644e+02
1.213861203950952188e+02
1.213877810088305864e+02
1.215532466634324607e+02
1.214029882131838320e+02
1.212689607961356302e+02
1.211718299821477274e+02
1.210619019493637296e+02
1.209577467768374106e+02
1.209362677798813905e+02
1.210497942803019669e+02
1.212290878538078545e+02
1.211472800883129253e+02
1.211122414732786154e+02
1.211016884648131935e+02
1.210498158797206116e+02
1.209417249703675594e+02
1.211276499245900453e+02
1.211079179964817172e+02
1.211852189367973693e+02
1.212411914695919108e+02
1.212472128694742111e+02
1.213549634354039739e+02
1.213009838457393954e+02
1.211817416038094279e+02
1.211382951220813169e+02
1.213381802838689794e+02
1.212588665973002691e+02
1.212838013277331441e+02
1.213522141901304110e+02
1.211531378824479219e+02
1.211453164297956135e+02
1.212178973628305130e+02
1.211780146423423190e+02
1.212607651627142360e+02
1.213356357641151533e+02
1.212729662819024554e+02
1.212490899005184133e+02
1.212730699762408051e+02
1.211872826942044412e+02
1.211981525042914853e+02
1.211787617004015658e+02
1.210969360407382425e+02
1.212446780623927083e+02
1.210806592889787794e+02
1.211424882997146426e+02
1.211812063770710068e+02
1.211931539570588399e+02
1.211709594724043484e+02
1.211903357059233599e+02
1.212248542200140520e+02
1.213726126991929988e+02
1.212253159966353735e+02
1.211512100385096034e+02
1.212100510598027370e+02
1.211458151419302851e+02
1.212171934234382178e+02
1.211515258527153804e+02
1.209812379154261919e+02
1.209393312002237053e+02
1.209971915373590292e+02
1.210849360612555614e+02
1.210268502791824830e+02
1.209814584337257344e+02
1.209630857508351340e+02
1.209657242041886889e+02
1.208795337642302030e+02
1.208050584897652584e+02
1.208586243653132613e+02
1.208604382967448885e+02
1.208365089184993337e+02
1.208904493273152099e+02
1.210406988390680567e+02
1.209711202746054539e+02
1.209352258360323873e+02
1.209815784197967616e+02
1.211094371234540858e+02
1.211639929612734363e+02
1.211467583436102586e+02
1.211896799843467250e+02
1.210820879464640711e+02
1.210704893977963366e+02
1.212311532081841676e+02
1.210809530358498449e+02
1.211116492799643822e+02
1.210448772786531606e+02
1.209275114851218547e+02
1.208289624458073916e+02
1.209585553930204611e+02
1.209293340434166169e+02
1.210741413381906852e+02
1.209934657114319805e+02
1.211275589468092448e+02
1.211456715339761985e+02
1.211194291700197141e+02
1.210800773132193910e+02
1.211840337005217094e+02
1.213096490296873071e+02
1.213746537582900231e+02
1.212551427593655973e+02
1.212447868401419413e+02
1.210503576602791611e+02
1.210193323998873041e+02
1.208981600433575778e+02
1.208826338460581411e+02
1.209140600807258892e+02
1.209507340353109157e+02
1.209573184832291588e+02
1.209947175265193948e+02
1.210328835013208248e+02
1.211511648868954296e+02
1.211084094743112161e+02
1.211441555815521411e+02
1.211391905445930774e+02
1.212028250833390217e+02
1.212363563190712910e+02
1.211517577770045477e+02
1.210857727808158728e+02
1.211728445754615251e+02
1.210134904380833802e+02
1.209069183186964693e+02
1.209278509634887371e+02
1.209171084373447940e+02
1.209219177144450583e+02
1.209289507831943524e+02
1.209209529064608546e+02
1.208787984661438912e+02
1.208278295460683154e+02
1.208624568746477621e+02
1.208889106745034354e+02
1.210022605520102559e+02
1.209508610741432477e+02
1.207525070023558129e+02
1.208710920688526897e+02
1.208381092562273835e+02
1.209445932955338350e+02
