8.215813348477085754e+01
8.168771188891962254e+01
8.132263788130471482e+01
8.103289251145343997e+01
8.057107474155124294e+01
8.015837365421948846e+01
7.987405130199699954e+01
7.927401766935341243e+01
7.861306428486577147e+01
7.810356603956681454e+01
7.773546304125540019e+01
7.744360631271223383e+01
7.717866220268599875e+01
7.695912666872526131e+01
7.674470855119696466e+01
7.639131314253022254e+01
7.615623219721032910e+01
7.579895066915892698e+01
7.560952101709642648e+01
7.513278682430076572e+01
7.491071170721788519e+01
7.487711221847639820e+01
7.457045812500048498e+01
7.437226650055013977e+01
7.415861653898373618e+01
7.400875176562965407e+01
7.380333167922178461e+01
7.357444997761822947e+01
7.331344123658571732e+01
7.319220379199589388e+01
7.300514981902372824e+01
7.279535158665009931e+01
7.266087691642050572e+01
7.244351689892754109e+01
7.215285832068235550e+01
7.202281293543680363e+01
7.173614698942408552e+01
7.161221659667532435e+01
7.134232317080896735e+01
7.111050363619882830e+01
7.098249116522936220e+01
7.091476012954454688e+01
7.075394875568539987e+01
7.062705891961743987e+01
7.055800597995147427e+01
7.032553316949297084e+01
7.017227276357043309e+01
7.018978026924200719e+01
6.997135920097142048e+01
6.985722247838792498e+01
6.968460479517672468e+01
6.940858095853205612e+01
6.931055792361368617e+01
6.914930522333077079e+01
6.905709358177979595e+01
6.891165997790834297e+01
6.887255692037568622e+01
6.859169907132250898e+01
6.846056150009307828e+01
6.822941882724745710e+01
6.792779692294369909e+01
6.770348417098279015e+01
6.750150816415246879e+01
6.737735190984639644e+01
6.723483335071426836e+01
6.708455506751801067e+01
6.694342514717891390e+01
6.691775178420785153e+01
6.680913915817195914e+01
6.651453574959504067e+01
6.643373107875734718e+01
6.625284065195478433e+01
6.613793132199423042e+01
6.591954840599653664e+01
6.591474739482926282e+01
6.582924730881995856e+01
6.561973005738205700e+01
6.550808125344074995e+01
6.540157302119300198e+01
6.534719425885558053e+01
6.527902035174575701e+01
6.522002392275970806e+01
6.517624660483116372e+01
6.507463277521061684e+01
6.506566513445086741e+01
6.485574516584355820e+01
6.483241945359358738e+01
6.467860476911103262e+01
6.442038012334053576e+01
6.429115697626110659e+01
6.421312475844605672e+01
6.420380578931377613e+01
6.395199322705750689e+01
6.378417553210247348e+01
6.376695129386143179e+01
6.371482573534014193e+01
6.372025545078779629e+01
6.353160081955343941e+01
6.347662097721665475e+01
6.330351931380287311e+01
6.313789408364662847e+01
6.317830846868332628e+01
6.315056891722245780e+01
6.307444010908763943e+01
6.309670743127315973e+01
6.309761447205885077e+01
6.301588150544893097e+01
6.295817772045855776e+01
6.300037791931521980e+01
6.305355312585587768e+01
6.308849840294147526e+01
6.289750242284388548e+01
6.286258577218257670e+01
6.280754083436853108e+01
6.276289611735702323e+01
6.275327003463000608e+01
6.277200503573967438e+01
6.260708339546641810e+01
6.254754449282854267e+01
6.239485419441965774e+01
6.232689694887064746e+01
6.240507285179819519e+01
6.226240587776822366e+01
6.213274918877573327e+01
6.222275441224109471e+01
6.224314165911315655e+01
6.237631005300102061e+01
6.222825718727017374e+01
6.210640584703000400e+01
6.207931748840304920e+01
6.211612187325094681e+01
6.212218414690708812e+01
6.192597663238505845e+01
6.179117126363756540e+01
6.186143107064549440e+01
6.194343914980736798e+01
6.183169028803018108e+01
6.186249284574972762e+01
6.178005352509382675e+01
6.168346219727678204e+01
6.177011170066225532e+01
6.173865615839594767e+01
6.161526888707938099e+01
6.163956868759044738e+01
6.163514326967565182e+01
6.149833427812782816e+01
6.120785141422797437e+01
6.114201539398553820e+01
6.093862650693944971e+01
6.093575279269680323e+01
6.098575328432328746e+01
6.099477347594366705e+01
6.093515336903617907e+01
6.096530501409169034e+01
6.086242533316743675e+01
6.099356869088896360e+01
6.094619453563669254e+01
6.080448290921345489e+01
6.083485271255528914e+01
6.095163437289856745e+01
6.105497342638680891e+01
6.099956659927909897e+01
6.069777394065924625e+01
6.063539912926294306e+01
6.058406456114382621e+01
6.050597410659310782e+01
6.050979801785050682e+01
6.029013888879256911e+01
6.023145364209396746e+01
6.012020161781115490e+01
5.998880155877001386e+01
5.999886692766750684e+01
6.005141433537834672e+01
6.012565982787148755e+01
6.002358249007740199e+01
6.009237226585084812e+01
6.009028381908107974e+01
6.011391915700207278e+01
6.005881206219483204e+01
5.999098518914301792e+01
5.992109016258430643e+01
5.979873935748753411e+01
5.971877883888770100e+01
5.960061119789016715e+01
5.961116949416001631e+01
5.973363198056205192e+01
5.977274713886041013e+01
5.968280840679960875e+01
5.961940389302357346e+01
5.962174661472293025e+01
5.950257235407601542e+01
5.935466508039099409e+01
5.934846392956960415e+01
5.922254020348572823e+01
5.920643594227716733e+01
5.915288135031519090e+01
5.914022616134428745e+01
5.906578492759430077e+01
5.899027862269325340e+01
5.886794119597711017e+01
5.887203735417465111e+01
5.883027299859245574e+01
5.862271511286153469e+01
5.856262530126041099e+01
5.851099207815162373e+01
5.854241058004560472e+01
5.845422034726158955e+01
5.852498425980857633e+01
5.842828147567600183e+01
5.841412585753591458e+01
5.842591861922558394e+01
5.852552484498842489e+01
5.856477473546807744e+01
5.861446531419456107e+01
5.858805422920543293e+01
5.846451147885455413e+01
5.848687877128358537e+01
5.836391641181457146e+01
5.814329467850922839e+01
5.811085523222581628e+01
5.822782904920330083e+01
5.813449370660040216e+01
5.807213827614197044e+01
5.810922354538278256e+01
5.805466816588050705e+01
5.799728204471921345e+01
5.789100621210769759e+01
5.786806450458413309e+01
5.768456643155876407e+01
5.766825192020039026e+01
5.774110971211974430e+01
5.759685485316740028e+01
5.765742636346663375e+01
5.774125861543912208e+01
5.772187568649908940e+01
5.771612647556854370e+01
5.768881202083008475e+01
5.756854927430425306e+01
5.761833421926159815e+01
5.758849713573656715e+01
5.756672379851124077e+01
5.746053871283787373e+01
5.748287767108579516e+01
5.741731146754302983e+01
5.732654830095570020e+01
5.720053500041444039e+01
5.731472947860450518e+01
5.721120014168015189e+01
5.708057046268251611e+01
5.713253488713859696e+01
5.727631237464954950e+01
5.726751857201719531e+01
5.720838707266624112e+01
5.711087472143547927e+01
5.716272464155691324e+01
5.710955674149052186e+01
5.709386709865710685e+01
5.720936043779235547e+01
5.727226241682873820e+01
5.721125408765155385e+01
5.721156379304273543e+01
5.726280915405600780e+01
5.728090839615870777e+01
5.734110446315096965e+01
5.728497863785981536e+01
5.725362657048208348e+01
5.728298478849296060e+01
5.720468206833817959e+01
5.711782899449283235e+01
5.703283675693765531e+01
5.706384727794191036e+01
5.696162886147322979e+01
5.696303992751091272e+01
5.693110911394031604e+01
5.695694181517556132e+01
5.695472194270770672e+01
5.694197087719654604e+01
5.682773563763280578e+01
5.680514986150730294e+01
5.676626098254103425e+01
5.665257975484841779e+01
5.661727772680904991e+01
5.662938915362694559e+01
5.671126031246849664e+01
5.677047806503232863e+01
5.676627762451549586e+01
5.676136013209320197e+01
5.680299050691996143e+01
5.675152022841756860e+01
5.675609149977439927e+01
5.680828939016135593e+01
5.670973237165022596e+01
5.674540069564083922e+01
5.690771161799171551e+01
5.691694729975147737e+01
5.695558175626423747e+01
5.683167135985120666e+01
5.683492115534232880e+01
5.686171663340160620e+01
5.685694848369121956e+01
5.685171147161098304e+01
5.695363719820206683e+01
5.692238740490002158e+01
5.666100830846930592e+01
5.659080299176535078e+01
5.661106957175617538e+01
5.667497117989947242e+01
5.672907997851775974e+01
5.659788204681144919e+01
5.659344550396207296e+01
5.653733131745617868e+01
5.645601490878251383e+01
5.646449877902320225e+01
5.650719295788547925e+01
5.650637011091079387e+01
5.649649095706882207e+01
5.650209895103913027e+01
5.658087177043260851e+01
5.661237619912608920e+01
5.686755100667366492e+01
5.692923509822667683e+01
5.690695866235174094e+01
5.687162239018155674e+01
5.682615982824328427e+01
5.683719481323520029e+01
5.687610303204579765e+01
5.705291591990920352e+01
5.709686874742818219e+01
5.721456466376235284e+01
5.730105134970139602e+01
5.736953599025296313e+01
5.720128687259927602e+01
5.726671782943802214e+01
5.715575884926364836e+01
5.713483670962918382e+01
5.710064640416578641e+01
5.697598414929444033e+01
5.691080631518627087e+01
5.691601265751791772e+01
5.686662366052517115e+01
5.696017780214787507e+01
5.691088042131157465e+01
5.691497606957070587e+01
5.680240391743197392e+01
5.678611226783687727e+01
5.686206281391773132e+01
5.685055431982197405e+01
5.690351662889043638e+01
5.687606647092555789e+01
5.690652534727903600e+01
5.682192458037932425e+01
5.689395290120490500e+01
5.690273116878292825e+01
5.692102431040135713e+01
5.687766374083060583e+01
5.690739630172229369e+01
5.684946281862408313e+01
5.697340491192218082e+01
5.686303219772053552e+01
5.689934405541956863e+01
5.691667703667898337e+01
5.689559432957955920e+01
5.691726897016559406e+01
5.687035115359628179e+01
5.678328260326778576e+01
5.673701268912178364e+01
5.674337624059120344e+01
5.672903520841371972e+01
5.667254120746527946e+01
5.665034020156453920e+01
5.674736046999711903e+01
5.694238320116642171e+01
5.681161325673262041e+01
5.669197651882161892e+01
5.676300427575328911e+01
5.678769437743063975e+01
5.674119017887914396e+01
5.668301629787976026e+01
5.663894286976060499e+01
5.660146080235054455e+01
5.658424713056312072e+01
5.658816164417901007e+01
5.658321894302154931e+01
5.656486670050412613e+01
5.672384401679289567e+01
5.671303619510024419e+01
5.664226495452206933e+01
5.655064625146957979e+01
5.652255295650687827e+01
5.640193412414528495e+01
5.642574490502703100e+01
5.641060670593532222e+01
5.633088774368650320e+01
5.639253531806793518e+01
5.650061553804740555e+01
5.648251165026553622e+01
5.647078044049820988e+01
5.648272049548951657e+01
5.639985235903389338e+01
5.630336283558131072e+01
5.634892219258178869e+01
5.624345063804327083e+01
5.612986121996500088e+01
5.611907216868714698e+01
5.626061944812322224e+01
5.627464946943089785e+01
5.610955972483343146e+01
5.600692559394263981e+01
5.589646567164919588e+01
5.584186817433742789e+01
5.588308035132432394e+01
5.592414374056340165e+01
5.594321439507297100e+01
5.584722940518678058e+01
5.577624674540084726e+01
5.582452070316262649e+01
5.583374906457530074e+01
5.586397943046963377e+01
5.584913833009265005e+01
5.594501134691378041e+01
5.599426457851234318e+01
5.602923246936673252e+01
5.605162448677486253e+01
5.610756637510854006e+01
5.608260346189648260e+01
5.608734997045257131e+01
5.611574632150398401e+01
5.617130640610747605e+01
5.610813711691737637e+01
5.608540242262316866e+01
5.619078678134223992e+01
5.615380692411366681e+01
5.623006488296126548e+01
5.618237670135749795e+01
5.619654002932933423e+01
5.615297411921197579e+01
5.598513744828881045e+01
5.603749321550489526e+01
5.588774380637192962e+01
5.587494918969920121e+01
5.574030256424953222e+01
5.574324986740330701e+01
5.572569630957178788e+01
5.560598991990028139e+01
5.548493104560395750e+01
5.538460181422956197e+01
5.547165705825165105e+01
5.553377995414069801e+01
5.538025519818273068e+01
5.538580035741840391e+01
5.540124878770267713e+01
5.544253439808946382e+01
5.536928926380737437e+01
5.536419299701461227e+01
5.555351810411784896e+01
5.552500522383930814e+01
5.544015336434037522e+01
5.559111866437931582e+01
5.562804342190327844e+01
5.558695494510416779e+01
5.553452671910861227e+01
5.546262347633293643e+01
5.548567682319632866e+01
5.556030808284214118e+01
5.562369104587955349e+01
5.559383054239842181e+01
5.555529111246784879e+01
5.560531706900417959e+01
5.576348069801626650e+01
5.565953721301016088e+01
5.558924714609830176e+01
5.568166099624630050e+01
5.573154998837415519e+01
5.591398735842444268e+01
5.580271287728496787e+01
5.585144437751193891e+01
5.590712170736022557e+01
5.589775098142808218e+01
5.604024897425357210e+01
5.612116317212814920e+01
5.613802890044583904e+01
5.622182361673727513e+01
5.623428313595930206e+01
5.613922492213895055e+01
5.616323070447191412e+01
5.618305842188847521e+01
5.620959739575719993e+01
5.619396855346553821e+01
5.621729708898624978e+01
5.616400090053758731e+01
5.604293094912529938e+01
5.607071527118687726e+01
5.603507943505930200e+01
5.604134175555834929e+01
5.613921549184002657e+01
5.609957030909034614e+01
5.589921218643427636e+01
5.594059666598688807e+01
5.593084828995283431e+01
5.593041365016763677e+01
5.589008775003181029e+01
5.585799698986833306e+01
5.584478754969342162e+01
5.579451846353853028e+01
5.568823970164953607e+01
5.562367983227060364e+01
5.549886231537195869e+01
5.558569229392328026e+01
5.549222854801320182e+01
5.545680102337651363e+01
5.542440094692408081e+01
5.540934829432742248e+01
5.541137461215665638e+01
5.558799515588265905e+01
5.560134122810514867e+01
5.557160285371771380e+01
5.554240334361005438e+01
5.560673680308591571e+01
5.557467388733413571e+01
5.560086674380949034e+01
5.562108812972640948e+01
5.570888026510034052e+01
5.564765434680903411e+01
5.572578093451355130e+01
5.551719813227254008e+01
5.541886221332608642e+01
5.534830287795810477e+01
5.534918248752624237e+01
5.539830753128091345e+01
5.531512964732036863e+01
5.536944802446414116e+01
5.533786566348706515e+01
5.528256596254534116e+01
5.531885121291047369e+01
5.525411590556437602e+01
5.528632713903448348e+01
5.537737691371562221e+01
5.543157487870446687e+01
5.537995671721294855e+01
5.545209849409975789e+01
5.559613951516808328e+01
5.558209317564543994e+01
5.546106513657925774e+01
5.540017999074318311e+01
5.541064236514556285e+01
5.543171245417789095e+01
5.524991875146223919e+01
5.527498439215977299e+01
5.531634049731395208e+01
5.529734953821379406e+01
5.527855048173152142e+01
5.526588499602566884e+01
5.539226585157457095e+01
5.555673443890862018e+01
5.555019190023833175e+01
5.559001394035674792e+01
5.559057289130272039e+01
5.558083113699674982e+01
5.550342393988736944e+01
5.536566582121820801e+01
5.537259644524748836e+01
5.535234785123212475e+01
5.548849397784515958e+01
5.548140814629302753e+01
5.544296161725142014e+01
5.528991965065331726e+01
5.532808342930378842e+01
5.546521512883030169e+01
5.553751797493337961e+01
5.557733786931486719e+01
5.549902183581614423e+01
5.548879225534919613e+01
5.558165211533701466e+01
5.564703246025818117e+01
5.563533180143398482e+01
5.553728452699887441e+01
5.546380876150703898e+01
5.564678247189718263e+01
5.561817878369789270e+01
5.571016746001607345e+01
5.564927311830783196e+01
5.559639764077824964e+01
5.550243872725311434e+01
5.535975269806510823e+01
5.522464794658169041e+01
5.520251478539143619e+01
5.525362378639402294e+01
5.525088768442306986e+01
5.527655324405385784e+01
5.519077060392024947e+01
5.526642894405221540e+01
5.519509221996357695e+01
5.509450470991563975e+01
5.506851985986480003e+01
5.515858443069249972e+01
5.517799955753928742e+01
5.522883684998316056e+01
5.517233322566858078e+01
5.524740515284371867e+01
5.535436194522220887e+01
5.534189019649014085e+01
5.544984452838681932e+01
5.550055065123914488e+01
5.549917825099273472e+01
5.539779262287795802e+01
5.551257795939721262e+01
5.566064682314839729e+01
5.567952882562518369e+01
5.560659728884615305e+01
5.555124498491603191e+01
5.550292303157104357e+01
5.544945732502278446e+01
5.535694463397864951e+01
5.529715624484143888e+01
5.533717110100114667e+01
5.540091266230106015e+01
5.544127346093301156e+01
5.544737637698047905e+01
5.549605239149251901e+01
5.551286149285285632e+01
5.554433028641035719e+01
5.560880703145626569e+01
5.560013702486810416e+01
5.572359782802610795e+01
5.576302602041491951e+01
5.581641855967775001e+01
5.583894692654898506e+01
5.582064006674513479e+01
5.587551691618984506e+01
5.587441524738547116e+01
5.590585083356693730e+01
5.580431444381797945e+01
5.585971249459491617e+01
5.594794786001092746e+01
5.575279879481213641e+01
5.580045960823773754e+01
5.563024734738927179e+01
5.565394573860770322e+01
5.564115284161898956e+01
5.564520294045999549e+01
5.560192017150144039e+01
5.561214959038640870e+01
5.560264979259493145e+01
5.560082309846698223e+01
5.542463204993370596e+01
5.542528010489748169e+01
5.536792684526318453e+01
5.538337325407584899e+01
5.519901743449676701e+01
5.506539787288858889e+01
5.513505992504045850e+01
5.511919955191157072e+01
5.525459423257687064e+01
5.522890789242428866e+01
5.525056249229918848e+01
5.511038848769624110e+01
5.523549076384930601e+01
5.527647546816685775e+01
5.524243300295756853e+01
5.532781950245236402e+01
5.523612529134967275e+01
5.532910932273301086e+01
5.533121074764553526e+01
5.524257709655224602e+01
5.522754495886747605e+01
5.520334016918344133e+01
5.524105183904593019e+01
5.512303494434770812e+01
5.535929071946283386e+01
5.537148049362137670e+01
5.538924884965565809e+01
5.546339282711830521e+01
5.549259673365538248e+01
5.566348442656563833e+01
5.563091539060148705e+01
5.566522966894437729e+01
5.551919536980197023e+01
5.544320198665101884e+01
5.544119820453961722e+01
5.550837839719385869e+01
5.560642744511560664e+01
5.554395794165206723e+01
5.550864253247386415e+01
5.555719919152068087e+01
5.552516727349063785e+01
5.551565564990062995e+01
5.555504470697263031e+01
5.566424620188659134e+01
5.556505210558600538e+01
5.563152168376166173e+01
5.558853642537140161e+01
5.555966251984580140e+01
5.541523787782252697e+01
5.530715356540959249e+01
5.535410208124911691e+01
5.540489390545000248e+01
5.542433327491684736e+01
5.530734981077355172e+01
5.534096866576351204e+01
5.535001959387174963e+01
5.533166881199120724e+01
5.540962506235123897e+01
5.552067105049039952e+01
5.549106879581726304e+01
5.546926260148320864e+01
5.537246704586262069e+01
5.551718984537127000e+01
5.532580660750557655e+01
5.553668337449452252e+01
5.550482650782412009e+01
5.547954100798859400e+01
5.557963535837540547e+01
5.544554974739643427e+01
5.535804673363774953e+01
5.538636289809254976e+01
5.552877228792571884e+01
5.564790429939994709e+01
5.566108072468015422e+01
5.569423243251304712e+01
5.566316919755604431e+01
5.569417732986849501e+01
5.560748561274568402e+01
5.551764639798143008e+01
5.561143784434777615e+01
5.563159669126680029e+01
5.565527216642313846e+01
5.583463768233124824e+01
5.583991008984997251e+01
5.582050147997935596e+01
5.585046410096059333e+01
5.583624568950076394e+01
5.597311341230995652e+01
5.591480984533198040e+01
5.584288279033540192e+01
5.577513615260784974e+01
5.577772769175497558e+01
5.575572322790593915e+01
5.560221570745940056e+01
5.538263221843192241e+01
5.531075235966672210e+01
5.529850880094666365e+01
5.541494500530014733e+01
5.528574593512878010e+01
5.525087721723040346e+01
5.515430512537852792e+01
5.512737127625846512e+01
5.514148868461749942e+01
5.519529148154062881e+01
5.518929691863930032e+01
5.509830473118537242e+01
5.497741408436613142e+01
5.489464203861732727e+01
5.503468368015450096e+01
5.498057761212471917e+01
5.495769456442621959e+01
5.493094144143010737e+01
5.493647655810103458e+01
5.499939146085154817e+01
5.491265544034163071e+01
5.487238545736847328e+01
5.490125451046029781e+01
5.499307902943206727e+01
5.506358141157801356e+01
5.513219810652100250e+01
5.498078835020864830e+01
5.499907558065581270e+01
5.506667406414896959e+01
5.514390033926235901e+01
5.520936805384432233e+01
5.523933141099803379e+01
5.516717674424636186e+01
5.512068010971324838e+01
5.496738012329380751e+01
5.499168896270077767e+01
5.492423486087989204e+01
5.492454796754148560e+01
5.488506898397679379e+01
5.497007735724481847e+01
5.487647198584576103e+01
5.487109520830794906e+01
5.490073150376218081e+01
5.496478796323735594e+01
5.497844862131307764e+01
5.511251470494019600e+01
5.505874024731136984e+01
5.504119025682795296e+01
5.507309857935305075e+01
5.506165060242506115e+01
5.511110897614372561e+01
5.506385045280061519e+01
5.507934892336912469e+01
5.516892679051724002e+01
5.526321437357650268e+01
5.528709879059967136e+01
5.539928553675173362e+01
5.542251573908598061e+01
5.543143208647379794e+01
5.544449165634273413e+01
5.523451975042262774e+01
5.534395772369969535e+01
5.544218695148518350e+01
5.545679497264558933e+01
5.541179143627035586e+01
5.534987023908328041e+01
5.538882938666814226e+01
5.533149284780869692e+01
5.535242704073277054e+01
5.532622634661984762e+01
5.538925146176186587e+01
5.546457021429502277e+01
5.534433713477940131e+01
5.542851114251796929e+01
5.557086003381790107e+01
5.566661643651962521e+01
5.563437760442773339e+01
5.565416036671611977e+01
5.561134847689532279e+01
5.550938235072990068e+01
5.556566049897945447e+01
5.557094598938668639e+01
5.547500774951030422e+01
5.549373038809417835e+01
5.552824723329874956e+01
5.557309772104638057e+01
5.566451460143915142e+01
5.562231388271352728e+01
5.563513875705817924e+01
5.563373498849638565e+01
5.574967470723036911e+01
5.570203428958986791e+01
5.578362818053220451e+01
5.580915173822304354e+01
5.591677623020091659e+01
5.600393457583607670e+01
5.605557262938975782e+01
5.603806871118565880e+01
5.604843636472543977e+01
5.594495350074392803e+01
5.606704347108193076e+01
5.622739036448923855e+01
5.638369575635854147e+01
5.640113511336216590e+01
5.638360737939386524e+01
5.638078125701107979e+01
5.637539549787334892e+01
5.638894701107901142e+01
5.637047919224312409e+01
5.628050153527447463e+01
5.617566293683422174e+01
5.624777843985340553e+01
5.622615304018332694e+01
5.619670503131341377e+01
5.629251747306783926e+01
5.636458077360261143e+01
5.648268144722380413e+01
5.649236849708604780e+01
5.639755273684872350e+01
5.626020006416906938e+01
5.625180469798424099e+01
5.614669792464192000e+01
5.613075158979296475e+01
5.623444480257210643e+01
5.629692446809681883e+01
5.621644208964860923e+01
5.611357058034696621e+01
5.618914464185218094e+01
5.624214745436224661e+01
5.630673465037015291e+01
5.641343362523072358e+01
5.638160844882120415e+01
5.632327340658507353e+01
5.632954172242710200e+01
5.621728758311017060e+01
5.618571916624147633e+01
5.607290238175774988e+01
5.614294727918407091e+01
5.603196461582906807e+01
5.613221031275322304e+01
5.609234843942537196e+01
5.601768988202609023e+01
5.594293571185664860e+01
5.583051916029398143e+01
5.576737897857038462e+01
5.581257459749191696e+01
5.573679953134651299e+01
5.567818479873433546e+01
5.566961659223875358e+01
5.576597301089582714e+01
5.582052549813163722e+01
5.565336486651251136e+01
5.560919837803945143e+01
5.558678473640389228e+01
5.558944600093204258e+01
5.553001179538235732e+01
5.564665373933284087e+01
5.568097029668814457e+01
5.572313415141631765e+01
5.565330853964047009e+01
5.559502568956057900e+01
5.542845631754983060e+01
5.538085986506105485e+01
5.540559784401241217e+01
5.538025239441520853e+01
5.548346764394668185e+01
5.541837820727687358e+01
5.539931030202135531e+01
5.530682726195794885e+01
5.521507385803844414e+01
5.527426765828570154e+01
5.519035239246056079e+01
5.530813871925644776e+01
5.537509707274892179e+01
5.550160742847517525e+01
5.551005930421841583e+01
5.528818124619551355e+01
5.521273119866982881e+01
5.514604018313143996e+01
5.523195486934098142e+01
5.511961283504729892e+01
5.512252291192984188e+01
5.517889670404385782e+01
5.522035462516708293e+01
5.531761810701449633e+01
5.521460509113873627e+01
5.509429904739522499e+01
5.525138507793173659e+01
5.523427069396380773e+01
5.527817561463045593e+01
5.524658881038705260e+01
5.522572915370247415e+01
5.533661920017397051e+01
5.530759909042420475e+01
5.535531525607666481e+01
5.530451231027286951e+01
5.537719595021079755e+01
5.527600812966466037e+01
5.523131782896415842e+01
5.532455866408285772e+01
5.540224006854332828e+01
5.537457228568464984e+01
5.543968226780595643e+01
5.534282771445717941e+01
5.540210836433537622e+01
5.544035511696279173e+01
5.552104381551996681e+01
5.557711600300308419e+01
5.546038698247514276e+01
5.547826797576509250e+01
5.550051494246927319e+01
5.545730762579295003e+01
5.548588482427609136e+01
5.558110933045160351e+01
5.564894865248649580e+01
5.560141572065345628e+01
5.558982791170974735e+01
5.555248995346703111e+01
5.548852001489406405e+01
5.549769931147027080e+01
5.558674297102209749e+01
5.574944496307600872e+01
5.564868854727868097e+01
5.565229520071654434e+01
5.567818353336938486e+01
5.556081239037730057e+01
5.538539758955995751e+01
5.536641840131890291e+01
5.529155496182586660e+01
5.532419537495402295e+01
5.535724630207924690e+01
5.544877990660004485e+01
5.544081406155594749e+01
5.539118306235588562e+01
5.537190779253647577e+01
5.543135317321829092e+01
5.550275735937655952e+01
5.560615830953976513e+01
5.564250098796551924e+01
5.566215303074243081e+01
5.562136399027938438e+01
5.566198237372908153e+01
5.562992291713779736e+01
5.553688830680025745e+01
5.559565245259577182e+01
5.554362488664597208e+01
5.551669935032712289e+01
5.545485495705356982e+01
5.546253961751888539e+01
5.539412575314797493e+01
5.542580159980501264e+01
5.535791607098449418e+01
5.547977513496057611e+01
5.557441027837221270e+01
5.561779588906801308e+01
5.560242195808414323e+01
5.559984705225649293e+01
5.554313384077577354e+01
5.554082338346494652e+01
5.555029942820129918e+01
5.548720909612313079e+01
5.550551637252604564e+01
5.550342454673100434e+01
5.547658889459743392e+01
5.559541525355137281e+01
5.555683819826476366e+01
5.560320840696527966e+01
5.568107645654979621e+01
5.566133120751744201e+01
5.547394323952145356e+01
5.541374600108577653e+01
5.533463570117085339e+01
5.519618079871077043e+01
5.523934748849337950e+01
5.525377961165907692e+01
5.517578114626378749e+01
5.519647724507419895e+01
5.510664319035703329e+01
5.524319777824492661e+01
5.523943950392911972e+01
5.542572948590245119e+01
5.550973130765877528e+01
5.540186016423690774e+01
5.565000993369691429e+01
5.566729011630408763e+01
5.564290507742973801e+01
5.556775830172939123e+01
5.562650058722468316e+01
5.546737560681881973e+01
5.539791899251219576e+01
5.547818756092324577e+01
5.545418640053640758e+01
5.553473671249159338e+01
5.554863207967919436e+01
5.556163191131997081e+01
5.554728745325004269e+01
5.550611601408186147e+01
5.547840108671159243e+01
5.546722678514244365e+01
5.537999151734162950e+01
5.535612991864960009e+01
5.544683524424023346e+01
5.548070875392875223e+01
5.554863652257923690e+01
5.553166066443954918e+01
5.552469167762745172e+01
5.557834163159328256e+01
5.559034401175701845e+01
5.552972024341370627e+01
5.546457040763457513e+01
5.547518144594251766e+01
5.540939229461730520e+01
5.554097760596174282e+01
5.551059146937737410e+01
5.544087790913616232e+01
5.540889814536990343e+01
5.539351156968562151e+01
5.537130951684783042e+01
5.524590838151802785e+01
5.526493519126744758e+01
5.534846875041986181e+01
5.527349847649027481e+01
5.521025801707823177e+01
5.535835308399142463e+01
5.546425607800649260e+01
5.549737716490507466e+01
5.545842011779431857e+01
5.541309589837258187e+01
5.537997165068281191e+01
5.539549549729323275e+01
5.543129873327896462e+01
5.556341504651903307e+01
5.563066428537032238e+01
5.565011116452709672e+01
5.551242173474905428e+01
5.553288071743831722e+01
5.539487002384651504e+01
5.530492132129388949e+01
5.532710051336365353e+01
5.526919975246062933e+01
5.520578813334325474e+01
5.524542100068727279e+01
5.528629038663264339e+01
5.529748201548736120e+01
5.536189471402106932e+01
5.543068601056313582e+01
5.532708310187553025e+01
5.522346515260776556e+01
5.522472554791876576e+01
5.512994638498768296e+01
5.503234499845361682e+01
5.499411581038683039e+01
5.501983513081202659e+01
5.501023992666328866e+01
5.494701803903287640e+01
5.501324155582158681e+01
5.495408327318216379e+01
5.498275645439688475e+01
5.498988564764932363e+01
5.503253865929313093e+01
5.507178600936741475e+01
5.522164347182110333e+01
5.519250373594716308e+01
5.521385198333534561e+01
5.525311394445283497e+01
5.532995986838066926e+01
5.521986439073475594e+01
5.522700157787505759e+01
5.531951720763223790e+01
5.534313294467143152e+01
5.546932325095909988e+01
5.538775676365567335e+01
5.544442873559871288e+01
5.549783834624802381e+01
5.547069966894395066e+01
5.566012060337941847e+01
5.546710101450783270e+01
5.555324222417433333e+01
5.567927633241920660e+01
5.561791256408438500e+01
5.570463564342540508e+01
5.554658556729028618e+01
5.557654746961718928e+01
5.561307818029307981e+01
5.555870542630793807e+01
5.551672707581035127e+01
5.552403923254173890e+01
5.548260814947298059e+01
5.546286692017401521e+01
5.544798148477376287e+01
5.560014028711685086e+01
5.557193576055629336e+01
5.555572200713432096e+01
5.554653017660487535e+01
5.554521035693937137e+01
5.553405184909992442e+01
5.558534401852273277e+01
5.549692262952710564e+01
5.537198831964917645e+01
5.538492952015440807e+01
5.541361613826023103e+01
5.553309848051920738e+01
5.562054459370587267e+01
5.558323297618620273e+01
5.550959437420008413e+01
5.550509422297331241e+01
5.542885145798376811e+01
5.535788653800680947e+01
5.530080041549863523e+01
5.536647718176697452e+01
5.534647612240925696e+01
5.530560613737073794e+01
5.528991268685052063e+01
5.519387911255329726e+01
5.524979328300730685e+01
5.533026764853151747e+01
5.524136837234020447e+01
5.532751269592763776e+01
5.527734623156630533e+01
5.533569624248387697e+01
5.529664414156138719e+01
5.523870442981080942e+01
5.524854594664099494e+01
5.526693941987804237e+01
5.516717048103585341e+01
5.507803384375166900e+01
5.493902599588574276e+01
5.493015631551634925e+01
5.498387842935613179e+01
5.497816595573488030e+01
5.490133711902108615e+01
5.488229740737204310e+01
5.488853834174899049e+01
5.498272101072298312e+01
5.508179707917874879e+01
5.513659070994419409e+01
5.502819532500116395e+01
5.496965841071651226e+01
5.503605094381395446e+01
5.523253605474970129e+01
5.502264461509299309e+01
5.510306781149488131e+01
5.523604110620730978e+01
5.542761989691717872e+01
5.544465050158421349e+01
5.556910148373868452e+01
5.551006882353770777e+01
5.546027415850863207e+01
5.537200037334379488e+01
5.544617114116547185e+01
5.550051008273507591e+01
5.546637180634760966e+01
5.550900704496461202e+01
5.549434388995260292e+01
5.550501073003535168e+01
5.550285932332476335e+01
5.546951024637070304e+01
5.541933862394841981e+01
5.542633387719671134e+01
5.549448670953903218e+01
5.554770351170039078e+01
5.549144203111902129e+01
5.544545260653777063e+01
5.548190861996874901e+01
5.528340253599943566e+01
5.523474870014947413e+01
5.518659503982004111e+01
5.520694578518486395e+01
5.513923010130686464e+01
5.519321694392764499e+01
5.524489281186796319e+01
5.525017203945756705e+01
5.527833127375179600e+01
5.544023473215943909e+01
5.549472561511622359e+01
5.547573296780831242e+01
5.545997528913937913e+01
5.551492173710575173e+01
5.554767859899310878e+01
5.558057723081374490e+01
5.553979857829321531e+01
5.556744670006582965e+01
5.554630275545952145e+01
5.544847582812193565e+01
5.544513743615119949e+01
5.543963017128520931e+01
5.550901499057449939e+01
5.541005333823650147e+01
5.546470506099392850e+01
5.542096307386563581e+01
5.539842588131607215e+01
5.554266283815695715e+01
5.560730403603444216e+01
5.565464321298794204e+01
5.558445461663573184e+01
5.549248570576357764e+01
5.553212172556779080e+01
5.547233395455047855e+01
5.543413508884297158e+01
5.550487897169238494e+01
5.547033301586554899e+01
5.549556340745375849e+01
5.553261439695815938e+01
5.564674889503393729e+01
5.556565523945280205e+01
5.555042819893049710e+01
5.544470939126098585e+01
5.550967516852621486e+01
5.554358062797433604e+01
5.558902890921655171e+01
5.558210997628860639e+01
5.555597436550298340e+01
5.548855189706148394e+01
5.558072329736733508e+01
5.570906346574041379e+01
5.569357533094054702e+01
5.567315090760881446e+01
5.558278649797613014e+01
5.549267439091559595e+01
5.545353757806436334e+01
5.541746110373447465e+01
5.548683490894446635e+01
5.534749891784650089e+01
5.533905927245994860e+01
5.539353160263036102e+01
5.531846793554721131e+01
5.531725367624626699e+01
5.521354828898647327e+01
5.509903910070345034e+01
5.511110419906449920e+01
5.530458445775455090e+01
5.534764500121166719e+01
5.532800940372173670e+01
5.529095446961349580e+01
5.522430383186429736e+01
5.523657812136215028e+01
5.526255556243494738e+01
5.523179958035408532e+01
5.520353331774262529e+01
5.531459089115047334e+01
5.535340108865165121e+01
5.532051106002388252e+01
5.520985121051634081e+01
5.524986550214714498e+01
5.539803342514708362e+01
5.540618048639324655e+01
5.551355558588852546e+01
5.551844440325506724e+01
5.558913296339000709e+01
5.556594135938872370e+01
5.551797937162661611e+01
5.543665296737370340e+01
5.546376054062030647e+01
5.555485738138085594e+01
5.562016391603643939e+01
5.573601994373324686e+01
5.569542395703072657e+01
5.562189486543349659e+01
5.554921409414681932e+01
5.556891705084084521e+01
5.570803549970310797e+01
5.556916928932382405e+01
5.549008117757428238e+01
5.557237301459988998e+01
5.553675748481639118e+01
5.553522059943661304e+01
5.544848015947669495e+01
5.546831956146863263e+01
5.542086300927134346e+01
5.549996901123265758e+01
5.565216584674624301e+01
5.560857313167576166e+01
5.550562379228703236e+01
5.558400795090560109e+01
5.565153294612770196e+01
5.565792828167389672e+01
5.557363238907110770e+01
5.558257398530393800e+01
5.560238857101648335e+01
5.552714699775179241e+01
5.543200408228598519e+01
5.542989867317481156e+01
5.538184418086010652e+01
5.546649529053372163e+01
5.552121591193581907e+01
5.558185714719432013e+01
5.546164392072186899e+01
5.562375817644642950e+01
5.556128307327184501e+01
5.550284901551956551e+01
5.539646015811001689e+01
5.541811092143907302e+01
5.553216617538636513e+01
5.544395072772083211e+01
5.543304357741631350e+01
5.546470408541770780e+01
5.547974808069774610e+01
5.535993966616318573e+01
5.532422586848164059e+01
5.523172541497548593e+01
5.522991927044790827e+01
5.533151397090358614e+01
5.535280092950521436e+01
5.546704079880637295e+01
5.539336008099131448e+01
5.552957573288746573e+01
5.543173761836379043e+01
5.554414149887924879e+01
5.543831912625005742e+01
5.539176776854166206e+01
5.536903798385525732e+01
5.534549442707468359e+01
5.533720658476275389e+01
5.539514242543806688e+01
5.542258909798812994e+01
5.541300185641416221e+01
5.539331711373856848e+01
5.538063984846077403e+01
5.542059938751292236e+01
5.527161805362696612e+01
5.526412442487326615e+01
5.520714518126164450e+01
5.528972276443157341e+01
5.532417148682908703e+01
5.532811724117526353e+01
5.524333834096309204e+01
5.536218048428337113e+01
5.534546382438497147e+01
5.537104250946767792e+01
5.540764763570290796e+01
5.548735612753957724e+01
5.559133969175968559e+01
5.562509290869519418e+01
5.558717742958016572e+01
5.539568620680323363e+01
5.565135492833329778e+01
5.572024195102817856e+01
5.576472439941325376e+01
5.580704231329289655e+01
5.566198745708647522e+01
5.557131986732081685e+01
5.551779038833192459e+01
5.545865579786822508e+01
5.550574124425584444e+01
5.552546146970372121e+01
5.560930963823791018e+01
5.558065313526762452e+01
5.548052381229710051e+01
5.556357068048184544e+01
5.552462942671743207e+01
5.551904980187747185e+01
5.543928125280886832e+01
5.550624543477032802e+01
5.542264246806882966e+01
5.536872234939517767e+01
5.530630033596470696e+01
5.540351568001766225e+01
5.540028818520968912e+01
5.538838940058184335e+01
5.540734009758880774e+01
5.531436350389624579e+01
5.531755491928103652e+01
5.528763594948520677e+01
5.533502622403886306e+01
5.544985799359652390e+01
5.552435398581629755e+01
5.557669898375736750e+01
5.550548696786613334e+01
5.551986522132119717e+01
5.561033036524345619e+01
5.565666877878692276e+01
5.563957538873778930e+01
5.577092395886965193e+01
5.574462591209347551e+01
5.572695328454612707e+01
5.565545880778223875e+01
5.569174727709182804e+01
5.573436962808408168e+01
5.571820459898518862e+01
5.572881160066870621e+01
5.580343760119394858e+01
5.576690186080431744e+01
5.575490887137812734e+01
5.585335414487535388e+01
5.580853356552759692e+01
5.575005807477528208e+01
5.577954827377470792e+01
5.577582910943666406e+01
5.574038993714818702e+01
5.591237168000019153e+01
5.572153010276551299e+01
5.580707164220393679e+01
5.582341064417210674e+01
5.579147682749258763e+01
5.587774853952404897e+01
5.579228564054901085e+01
5.575867143754697253e+01
5.577557070666881600e+01
5.575613153775541520e+01
5.571686506404436301e+01
5.564414785553653786e+01
5.569956612866241841e+01
5.551931833839297781e+01
5.548280952375483110e+01
5.553278624539321839e+01
5.556589083991512013e+01
5.563975824759576483e+01
5.570228624811949203e+01
5.572612449616806174e+01
5.570257651014621558e+01
5.575316719132471377e+01
5.567543140976074056e+01
5.565437316988265337e+01
5.571920497291425534e+01
5.571455425840949971e+01
5.586313533517576957e+01
5.578867264440815177e+01
5.584969383694333089e+01
5.596246313723342070e+01
5.595437135801851269e+01
5.595939745974841628e+01
5.613348277978185763e+01
5.609952366271882340e+01
5.619559783267470010e+01
5.628228358136363596e+01
5.627604867548538436e+01
5.625184173564372969e+01
5.623765362576580173e+01
5.620793615750415739e+01
5.613258858659872175e+01
5.604698152076057482e+01
5.605423559375298481e+01
5.604015812357182824e+01
5.598658042227658171e+01
5.581746326249896129e+01
5.567693581550328474e+01
5.571863244293751194e+01
5.574378008163689913e+01
5.581669992103125111e+01
5.584226967004553899e+01
5.581319887243742528e+01
5.570620120085317950e+01
5.570445701979473085e+01
5.584531564129222403e+01
5.584052042793209125e+01
