nan
nan
nan
nan
1.456683663979481569e+00
5.036536884625826715e+00
6.009375981899105490e+00
6.715570547454860595e+00
8.014619267755602294e+00
9.283942387915493200e+00
1.014381520785011581e+01
1.095433263234712129e+01
1.167854827762521630e+01
1.271169444429595785e+01
1.374257165517648893e+01
1.447332266496712094e+01
1.516933024770886718e+01
1.583848726551758013e+01
1.648330358071951807e+01
1.712232737788034598e+01
1.785957781922390097e+01
1.857935164707323850e+01
1.909021715752253456e+01
1.983199656312253367e+01
2.042324048610005960e+01
2.113263785592888766e+01
2.178886077917806219e+01
2.231007851169230705e+01
2.282680258077011359e+01
2.336832085312536123e+01
2.402846397626509756e+01
2.453236935735284163e+01
2.521778774923744848e+01
2.562893563245882333e+01
2.616944295367670748e+01
2.666168691866588247e+01
2.712810252776494480e+01
2.756906085656415328e+01
2.800417747275146496e+01
2.841344862055594689e+01
2.889177857998989651e+01
2.926129289809481548e+01
2.968834425938869259e+01
3.008026894368769177e+01
3.045364812383986575e+01
3.082517935537219955e+01
3.116692273554297188e+01
3.158732885869907747e+01
3.186193109012290137e+01
3.223694244849106383e+01
3.261496596579479501e+01
3.296093939679919060e+01
3.333895106113332929e+01
3.361451873788765710e+01
3.397324950868954119e+01
3.435965863546775267e+01
3.469647825597388646e+01
3.501673631841917711e+01
3.542152228426502347e+01
3.563421463886633234e+01
3.597281647564046381e+01
3.640438376124285469e+01
3.671436724989349898e+01
3.707702871706364789e+01
3.730251981934966921e+01
3.769977643585680482e+01
3.803551597450491073e+01
3.846843293810468367e+01
3.874592289358893993e+01
3.903689367763907114e+01
3.937632720451738066e+01
3.967231351677288842e+01
3.999739505827589880e+01
4.037891968445077140e+01
4.069657824183260431e+01
4.098648509589673949e+01
4.132290015796370852e+01
4.154057609775800586e+01
4.185176844454341705e+01
4.221859047099398055e+01
4.247815796597779325e+01
4.283187937343030427e+01
4.305574393079376705e+01
4.331460231977595043e+01
4.358961236046823018e+01
4.389225744336859236e+01
4.419880617106102250e+01
4.439107533292673935e+01
4.455295651718468974e+01
4.475240589452161544e+01
4.507154912139931469e+01
4.530845738708914183e+01
4.552630667777237505e+01
4.567104917573676914e+01
4.584623223480046761e+01
4.611737096714720963e+01
4.626334113743005361e+01
4.641642378562310967e+01
4.662352797445133490e+01
4.684650958591848280e+01
4.698237753675856965e+01
4.714660511627283057e+01
4.726148251546816681e+01
4.741116348571918593e+01
4.761924936045792123e+01
4.766921899427387643e+01
4.777640202221664367e+01
4.790392829998157254e+01
4.802320619273056934e+01
4.812576327837731327e+01
4.828597400466683354e+01
4.843221675333133902e+01
4.855041462912630834e+01
4.861561378166838665e+01
4.877582290502518703e+01
4.892309796604236993e+01
4.904272472444632314e+01
4.918436786701571606e+01
4.931465226970279758e+01
4.943341195712203984e+01
4.953476993006475482e+01
4.967228105091030699e+01
4.986426898334688929e+01
4.998522646629962196e+01
5.005422475742084742e+01
5.018611097265739573e+01
5.028364648029969430e+01
5.045019252991475867e+01
5.066024238241407573e+01
5.071108766765089371e+01
5.081653651741024191e+01
5.103777050210604216e+01
5.104424804475310395e+01
5.123720700263096006e+01
5.126707262509795271e+01
5.130287601001462150e+01
5.134525912773691658e+01
5.144099687532167309e+01
5.156234024109534175e+01
5.159089702793440324e+01
5.167061596152313996e+01
5.182172087732039500e+01
5.190162371718670897e+01
5.194712984627145147e+01
5.204469877251076326e+01
5.220487182067306264e+01
5.231326960559592010e+01
5.239138207899758015e+01
5.247296971611452676e+01
5.265630028149770681e+01
5.276096159298090527e+01
5.291062975779135513e+01
5.296027654611576452e+01
5.303523304258336424e+01
5.306407159929917583e+01
5.319010504994158595e+01
5.329394605850728084e+01
5.342135495866936168e+01
5.344440455277106139e+01
5.357449412763138241e+01
5.365741911151469168e+01
5.375674205417627149e+01
5.386335929772659625e+01
5.407118281605566779e+01
5.409333265605642538e+01
5.420785346638115243e+01
5.440524724252403388e+01
5.451918190010113108e+01
5.468052983456009741e+01
5.476853558123836763e+01
5.487729612977169324e+01
5.503526651975522554e+01
5.514773872025498491e+01
5.531677281719311878e+01
5.541806290236290522e+01
5.553786646600210020e+01
5.566045057107214689e+01
5.577904187241697542e+01
5.586436614148983182e+01
5.599629180014586893e+01
5.604108388196167567e+01
5.616962851805629953e+01
5.625207957120166213e+01
5.633254668450816638e+01
5.639880048384404176e+01
5.648397524074339060e+01
5.652784891553896074e+01
5.659519416919096813e+01
5.669148764699488652e+01
5.669958443515836422e+01
5.676956436785825844e+01
5.684052874563339230e+01
5.689435952946247710e+01
5.692877541906024419e+01
5.697360875140631009e+01
5.703976256631889896e+01
5.711296862510863548e+01
5.717736973383272669e+01
5.724730705858821267e+01
5.725861811855762795e+01
5.728624084547733730e+01
5.735530599230067850e+01
5.739072793306923614e+01
5.743372623346574102e+01
5.743807289413349082e+01
5.751428452340439890e+01
5.755809776779087628e+01
5.761899913989213218e+01
5.775022808070413305e+01
5.782468638351921442e+01
5.789475073157809959e+01
5.800547500880336571e+01
5.806357490598018245e+01
5.823245898687421374e+01
5.832042039259182076e+01
5.836962990433737986e+01
5.843751500494516193e+01
5.848883403244951751e+01
5.852765290311095470e+01
5.863269107264770241e+01
5.870008922539556551e+01
5.864886870368169980e+01
5.871718012064404491e+01
5.882373689853578469e+01
5.890439192207306718e+01
5.902241218171332804e+01
5.906476779468633254e+01
5.909740276874123310e+01
5.916946575875716974e+01
5.927506336000686815e+01
5.934161199149468757e+01
5.943745008994750378e+01
5.949308817564254781e+01
5.955871709097427669e+01
5.958231369366556152e+01
5.963425711477545121e+01
5.966924086086741852e+01
5.970770370915099789e+01
5.976196395208363299e+01
5.979186783764009050e+01
5.984876005584161618e+01
5.984126977772608313e+01
5.991653740398788841e+01
5.992653963379054005e+01
6.002536743695392119e+01
5.999831099180722305e+01
6.005775544768975038e+01
6.009289092565273194e+01
6.017241545545320491e+01
6.023071582608786656e+01
6.029543276786259298e+01
6.034301554861696815e+01
6.037887244708620216e+01
6.040098047043518648e+01
6.048384840208026247e+01
6.051731332404261110e+01
6.061224062194486351e+01
6.063603010112889535e+01
6.067339818759806036e+01
6.075897059017541579e+01
6.082660174424987076e+01
6.090610642478480230e+01
6.090649816318238408e+01
6.090602529123524533e+01
6.098427473190000114e+01
6.108177118312181619e+01
6.111987787458592436e+01
6.116035455805943144e+01
6.119435463955851873e+01
6.124698347555609246e+01
6.125828247878006749e+01
6.125431368926941644e+01
6.130292685121452934e+01
6.130447462511297374e+01
6.135040932525576807e+01
6.135521922913159898e+01
6.132339993325135197e+01
6.132793600817529267e+01
6.126334212553921077e+01
6.124476605496172255e+01
6.122484168183076036e+01
6.121687571035421627e+01
6.118799339559072337e+01
6.117099097968688426e+01
6.123992159786679679e+01
6.121651792452327356e+01
6.121831200803197959e+01
6.120774908567558725e+01
6.124276549543552761e+01
6.121838899157532410e+01
6.117521358280355059e+01
6.122291925345771091e+01
6.125810407345412756e+01
6.121605766192572418e+01
6.121418402670731496e+01
6.122600255485114928e+01
6.122634961671544573e+01
6.117655360150569521e+01
6.119289852492547510e+01
6.115321803559295688e+01
6.114391199531517174e+01
6.115487115922671535e+01
6.109835986619685855e+01
6.107559131025164589e+01
6.110293136921036705e+01
6.106843644151433637e+01
6.107713431837453300e+01
6.108379879860631689e+01
6.102210868712951708e+01
6.106949772457981140e+01
6.108017486331939949e+01
6.109706004792132461e+01
6.113623286598738815e+01
6.113729099612597651e+01
6.124800235508698876e+01
6.131014123919368330e+01
6.128946368449895488e+01
6.131974384185927107e+01
6.142043960716787154e+01
6.142670905751127464e+01
6.145532017253862023e+01
6.148565432461187896e+01
6.143590775943697935e+01
6.145496594314478500e+01
6.148990450173068467e+01
6.148682933365678593e+01
6.151863618230007091e+01
6.145685289919912719e+01
6.146404471543058889e+01
6.147871444829317511e+01
6.144728271214216875e+01
6.146757195344835623e+01
6.147689701718599053e+01
6.146092612697683677e+01
6.146441099099938299e+01
6.144238516036424613e+01
6.152042862337364681e+01
6.148835508176863129e+01
6.151699074353354035e+01
6.156691354200974331e+01
6.156983769664875439e+01
6.163238242581241622e+01
6.169285392546622404e+01
6.164656031067121944e+01
6.170869439283058711e+01
6.171560111779135127e+01
6.169645906184206297e+01
6.160661931259276258e+01
6.172260175195712151e+01
6.171089615181639942e+01
6.175317677185237386e+01
6.175446531425583174e+01
6.171718940198714165e+01
6.170275120641040445e+01
6.164710273232676485e+01
6.164742657246903690e+01
6.167585969215709696e+01
6.169058298369442639e+01
6.164279341443717186e+01
6.167081108316302362e+01
6.161216902518070526e+01
6.157765745759543563e+01
6.159195842439095259e+01
6.160095069045192417e+01
6.159759372888355244e+01
6.165884097916907791e+01
6.159550298747391395e+01
6.160471717168147876e+01
6.167301412895805157e+01
6.171142672857401124e+01
6.172035877753013011e+01
6.175909603624953803e+01
6.176967517049653367e+01
6.176858669343631902e+01
6.177582752169714553e+01
6.181925536933491827e+01
6.181161956704611526e+01
6.186566853617031825e+01
6.183616230552103588e+01
6.181880767311665181e+01
6.189179683905135221e+01
6.195252577340508537e+01
6.193740855721378580e+01
6.198015983140643925e+01
6.197052909263705800e+01
6.201175688542080877e+01
6.211410812866708397e+01
6.217161375388650413e+01
6.219458113839366575e+01
6.215117290086818258e+01
6.224220295002347569e+01
6.228722719430832200e+01
6.227499678820522178e+01
6.233082440869380747e+01
6.232123321002867300e+01
6.236758278574561132e+01
6.238219417557113644e+01
6.241313080428238891e+01
6.243097189043422901e+01
6.251606129328400385e+01
6.251235329077680092e+01
6.253796960393323445e+01
6.253072118415407488e+01
6.258476879842384477e+01
6.260252118592017467e+01
6.265499736690505728e+01
6.270673563467128275e+01
6.273013067777844043e+01
6.271303251130623124e+01
6.272490798509308263e+01
6.271998417366985024e+01
6.274477085717702352e+01
6.272122711439682519e+01
6.268342063141254528e+01
6.278018132433560083e+01
6.277004793779666869e+01
6.278942958748787362e+01
6.280379939516534193e+01
6.276941027689778707e+01
6.274949197809188206e+01
6.280702714030267941e+01
6.277894723841633606e+01
6.277664289462349956e+01
6.276341823521069330e+01
6.271776757402346902e+01
6.270932424979657327e+01
6.273172557361257162e+01
6.276111214500230062e+01
6.277135495806522414e+01
6.272089612248009161e+01
6.273464739225529030e+01
6.275087612397668124e+01
6.270726145632751525e+01
6.272728862800317984e+01
6.268526943167790222e+01
6.265133127043542771e+01
6.271661910244024085e+01
6.269146479311732634e+01
6.273129684752750990e+01
6.272000767336509597e+01
6.275045890607154320e+01
6.273769345306826750e+01
6.273021889219986491e+01
6.278380445828175027e+01
6.277871909915607773e+01
6.278795221192878273e+01
6.278249205794019616e+01
6.274260865669286602e+01
6.271374859388800616e+01
6.272982880480153511e+01
6.274220384286368812e+01
6.271886491551629206e+01
6.275049125917988846e+01
6.267460647997137357e+01
6.271439604336983820e+01
6.266170640142179593e+01
6.267079293064880119e+01
6.268623357723726031e+01
6.263411533316156010e+01
6.256303768464559312e+01
6.256556385814505461e+01
6.256884595294874174e+01
6.251215223358018847e+01
6.246766979475157910e+01
6.244886093773702385e+01
6.242267830171726928e+01
6.240100180526592055e+01
6.239715143203508774e+01
6.237134447502482004e+01
6.229196358838055403e+01
6.227148131431549416e+01
6.233636113431271752e+01
6.229083174853109739e+01
6.231117212411655970e+01
6.231323916328970114e+01
6.234945332214549296e+01
6.229618359807426486e+01
6.232457968451545582e+01
6.232791350953497300e+01
6.236532122659835409e+01
6.234736653787468441e+01
6.242682508337181702e+01
6.247208577178930256e+01
6.244033195862360941e+01
6.252828851481832828e+01
6.255402941136804884e+01
6.262328590029477482e+01
6.271532971640696985e+01
6.272610261858269354e+01
6.273384873234400061e+01
6.279902207037471840e+01
6.285693295215799026e+01
6.288178609393310836e+01
6.291348442794227225e+01
6.286544244890944810e+01
6.294216556490692227e+01
6.297907421363102998e+01
6.296136802884102224e+01
6.304967866125430476e+01
6.304939214813839499e+01
6.311098802241923522e+01
6.310224271281707331e+01
6.312736478967922693e+01
6.313785186097363322e+01
6.313601082095107131e+01
6.318607146724517776e+01
6.317307539424046325e+01
6.318291980670533547e+01
6.318756529208577888e+01
6.319788694360711645e+01
6.326045175837808898e+01
6.328642696256242317e+01
6.330828740087893891e+01
6.335834667340460413e+01
6.334678320462937506e+01
6.336064423216547681e+01
6.335306751408915460e+01
6.336140589923444821e+01
6.346962452040896352e+01
6.341523740579714996e+01
6.349618178681422620e+01
6.351705223733487315e+01
6.356498482127333460e+01
6.352326373251492697e+01
6.350579010231870569e+01
6.355541555097888562e+01
6.355877666451119268e+01
6.356724942533533351e+01
6.358291554023202252e+01
6.361312052108394255e+01
6.364161708873076861e+01
6.367495326550881174e+01
6.363751821374768980e+01
6.364416095167779019e+01
6.369451603229083503e+01
6.363540119056790445e+01
6.360335556950631286e+01
6.359181526269773599e+01
6.353924541058665199e+01
6.349589831963715625e+01
6.351951610293319561e+01
6.346004859485462646e+01
6.350197293961594625e+01
6.346031223645673691e+01
6.341265967621055211e+01
6.341990669381793566e+01
6.337153513522029158e+01
6.337013147133634305e+01
6.339361971815560537e+01
6.337027943512177330e+01
6.335156133788836996e+01
6.329803363612423084e+01
6.336413198518134493e+01
6.332146908372312311e+01
6.335075479808457999e+01
6.336445293310910643e+01
6.338570118355275440e+01
6.339410639325972596e+01
6.341370926693696219e+01
6.340847218849496869e+01
6.333203297664677933e+01
6.339478020347738152e+01
6.335232767225610218e+01
6.342389386406953378e+01
6.345072473657909029e+01
6.344728296555258140e+01
6.347333035158357717e+01
6.345746495007048082e+01
6.351262633613548303e+01
6.350582745580528155e+01
6.353300748775766493e+01
6.357842783246119467e+01
6.348997120917967152e+01
6.351593850375881090e+01
6.346028035638045850e+01
6.346557802562109174e+01
6.351255873978291078e+01
6.347710253342091846e+01
6.353347609989074840e+01
6.350951733609124972e+01
6.350203799379869452e+01
6.351886168857114967e+01
6.357439983611755707e+01
6.356311025404436776e+01
6.360419671339334258e+01
6.364373602771500060e+01
6.365967605297637277e+01
6.372721401611460124e+01
6.376597953736857249e+01
6.378984281830972236e+01
6.377900013277636759e+01
6.378900849044737953e+01
6.378547015887398430e+01
6.372710320613580137e+01
6.372407306131199078e+01
6.369541018538090071e+01
6.362955033073535560e+01
6.358891931520219742e+01
6.356147361061246670e+01
6.354213587924292739e+01
6.351146587821753542e+01
6.347010438876042571e+01
6.348650976173505001e+01
6.342557720290988499e+01
6.340900987280880940e+01
6.336055541710493344e+01
6.333630521289918391e+01
6.333585576255587313e+01
6.329212374177959788e+01
6.322899850458616555e+01
6.320995051745747162e+01
6.316046852249323251e+01
6.312315778277352507e+01
6.318253628314904091e+01
6.316848369870960056e+01
6.310132199800238340e+01
6.315938848382513982e+01
6.312263753914668030e+01
6.310099442838441064e+01
6.310671900609032292e+01
6.310923617260731078e+01
6.314187955989129364e+01
6.311613402038973675e+01
6.303985091997385126e+01
6.296191805069184255e+01
6.291579577517732247e+01
6.290609819931088964e+01
6.294516765143058734e+01
6.286731328049749834e+01
6.283605663564369337e+01
6.279853267952306339e+01
6.277559161823594991e+01
6.275872448513877089e+01
6.274451469626886535e+01
6.274435370341754492e+01
6.271675030253741312e+01
6.264874818584019067e+01
6.263950046800952265e+01
6.257710706584088456e+01
6.265603720658921105e+01
6.262945982987791638e+01
6.256849715689411795e+01
6.256486177252996583e+01
6.256997755722752430e+01
6.257354204176723300e+01
6.256467962536838456e+01
6.256906863842251454e+01
6.259745895659500547e+01
6.261188840903292174e+01
6.263792425327280711e+01
6.259768194215137527e+01
6.260527508155647070e+01
6.269156252782046579e+01
6.266417624641110251e+01
6.271951947559029605e+01
6.278364322222585514e+01
6.277472627126833515e+01
6.280690868755502265e+01
6.277894191540800506e+01
6.278283035162462511e+01
6.285717949631307278e+01
6.291850762823144549e+01
6.293443225281031772e+01
6.291613024517488384e+01
6.293032316364359247e+01
6.293032782309713014e+01
6.295707243526655361e+01
6.298173269389869944e+01
6.298255586913410298e+01
6.296106300401945077e+01
6.287552647666336014e+01
6.287916962080159067e+01
6.284314456982131247e+01
6.285625210854737333e+01
6.281251967412406145e+01
6.277223287915767713e+01
6.279542472595318259e+01
6.279974134445843248e+01
6.274805520878511800e+01
6.277964110788645513e+01
6.272537669962995466e+01
6.269599558037455722e+01
6.270579641159888240e+01
6.266601962910866064e+01
6.266221767665777520e+01
6.262154845312406337e+01
6.263750941993929189e+01
6.262875540582055578e+01
6.264464915641676868e+01
6.260865579168444839e+01
6.255277216645912119e+01
6.252616774584058845e+01
6.257603920126085484e+01
6.254096343134131786e+01
6.252013111041686955e+01
6.249409994779193056e+01
6.241419569860774885e+01
6.243565917783252672e+01
6.238425468359759662e+01
6.246794731504799358e+01
6.235327714876432736e+01
6.235318051338198586e+01
6.231032543686209380e+01
6.230222316115344228e+01
6.233396996470889206e+01
6.229066963208320828e+01
6.229051594879255305e+01
6.221818395600809026e+01
6.229756666861396042e+01
6.219407652298539801e+01
6.231149182974293410e+01
6.229377564430135550e+01
6.226599501661920044e+01
6.229410483341819571e+01
6.230171021227694439e+01
6.242923373741286497e+01
6.243099552851762013e+01
6.249611575496916771e+01
6.255735915881208342e+01
6.256617581864035316e+01
6.255973638443727225e+01
6.268361673782224130e+01
6.275427048987635459e+01
6.278203787677096415e+01
6.280218133347734977e+01
6.287274657321352578e+01
6.291347671757465321e+01
6.297213936123232259e+01
6.298024136418926844e+01
6.297128323212916001e+01
6.296487415801916399e+01
6.297517329475066816e+01
6.302689628273270728e+01
6.306034416078187377e+01
6.312911823230650299e+01
6.315283097356950748e+01
6.317127513745464995e+01
6.317627349597452024e+01
6.322178643624352645e+01
6.327396683824247248e+01
6.333588948121000328e+01
6.330573152132343751e+01
6.339752157592356241e+01
6.342360907744854615e+01
6.348146843797699290e+01
6.348557800835062892e+01
6.358577535060153707e+01
6.352584011563427424e+01
6.360834395944144859e+01
6.356157601869582408e+01
6.362818157143255604e+01
6.363676337357370727e+01
6.369641422720911805e+01
6.372682303830104900e+01
6.376981212764138007e+01
6.379406220178283604e+01
6.378528527563958761e+01
6.381214252034890677e+01
6.379399202368004751e+01
6.384328284416283594e+01
6.390987145186782215e+01
6.389449801481598712e+01
6.392325858264537430e+01
6.390835477382751151e+01
6.390731712261003139e+01
6.398732357932290427e+01
6.404442335626420402e+01
6.403653199274343422e+01
6.399408781320121875e+01
6.400819857574249738e+01
6.399300507040968711e+01
6.401208009334938254e+01
6.411724808601952930e+01
6.418731325955816658e+01
6.413685775694827385e+01
6.415348889004285127e+01
6.418399684648962022e+01
6.411789523040853567e+01
6.415806457052899248e+01
6.416925238549640653e+01
6.419006201953310153e+01
6.418031588675299304e+01
6.416271523988996250e+01
6.413159299931803048e+01
6.419218952401672595e+01
6.417570713464495213e+01
6.422024333104214122e+01
6.426817139812409607e+01
6.422280444049845016e+01
6.420939135584627877e+01
6.424790005395904302e+01
6.424406544834232591e+01
6.423596636773281432e+01
6.423683015760431658e+01
6.420131926343418627e+01
6.416670899066787115e+01
6.419602093156315448e+01
6.421222868639247849e+01
6.421441787931146905e+01
6.423230922572106749e+01
6.418516596666725604e+01
6.417192336010600684e+01
6.423810209386041947e+01
6.426969028599135925e+01
6.431401574226796924e+01
6.427712104240048063e+01
6.431919820048476311e+01
6.432042075060506647e+01
6.432567455152037894e+01
6.432202697049379481e+01
6.433833160467679591e+01
6.437794176285775904e+01
6.435090302531790485e+01
6.434560285565147808e+01
6.437958680979441795e+01
6.441861665856048091e+01
6.445691189104262264e+01
6.448518239223513149e+01
6.452021813361048430e+01
6.459717741715029149e+01
6.461975253270017561e+01
6.465549910427657210e+01
6.466300654477097964e+01
6.462833365067648117e+01
6.466186953827910600e+01
6.469088000006671280e+01
6.468350385248376710e+01
6.470039054704302828e+01
6.464469834043296714e+01
6.457609231032937203e+01
6.458720655032431068e+01
6.451958720914707612e+01
6.452510828944525656e+01
6.454954001383477191e+01
6.448802212543053258e+01
6.442662945047050016e+01
6.437180461029338119e+01
6.439936623123799109e+01
6.439227985347761773e+01
6.435843877488444775e+01
6.436039490062553625e+01
6.429347582639763914e+01
6.422451635109763401e+01
6.429896595955082717e+01
6.426545238746062694e+01
6.420815609814077618e+01
6.411207038966291805e+01
6.413801714400061371e+01
6.399505028729448242e+01
6.400348362116092460e+01
6.396237782307272113e+01
6.399972298695556105e+01
6.400114189717756119e+01
6.397600063926847014e+01
6.393181645614978947e+01
6.398819496502395765e+01
6.396108428306425964e+01
6.396443667345909034e+01
6.394896755737654104e+01
6.393131050427216167e+01
6.387384932874007859e+01
6.386606300650640833e+01
6.390757972364932016e+01
6.391562903171012522e+01
6.387259639013461765e+01
6.389967512137859984e+01
6.390607357579172287e+01
6.393113490033409363e+01
6.400399641216257862e+01
6.402770212816218987e+01
6.401544992283596969e+01
6.405035855585299487e+01
6.408966088220877566e+01
6.415973506305022056e+01
6.413087406175463911e+01
6.412259332866625527e+01
6.420072725055955232e+01
6.419591241893404288e+01
6.420056074648981337e+01
6.422918896019352530e+01
6.421590817666171347e+01
6.416461035250294742e+01
6.423410601141401344e+01
6.427020952981754931e+01
6.421220043795831600e+01
6.424637094636911172e+01
6.415789986602024442e+01
6.411819906873941477e+01
6.422744626566814929e+01
6.419827159167306263e+01
6.420401532376546072e+01
6.427192323874791668e+01
6.432130802784816126e+01
6.428280600615599383e+01
6.434603863124142720e+01
6.438670786930345002e+01
6.444581537636929625e+01
6.451146640689239575e+01
6.452533648980427472e+01
6.456493426888251008e+01
6.457897936105604231e+01
6.454727030055579462e+01
6.459879669652066525e+01
6.464023633601831875e+01
6.463779594174027920e+01
6.472527884473898041e+01
6.463432775808979613e+01
6.464669801876394217e+01
6.466505805876722945e+01
6.466870913997108516e+01
6.466428380144829191e+01
6.474466800112183762e+01
6.467486313314323354e+01
6.461200187338693013e+01
6.465682472831817051e+01
6.468478765578579726e+01
6.470984657797679063e+01
6.461311698757310751e+01
6.470554002201510002e+01
6.466036969055124928e+01
6.474824493905209977e+01
6.469892599699304014e+01
6.477675699532296960e+01
6.480706065727821397e+01
6.488237780256605447e+01
6.478962001782365121e+01
6.477938460508713092e+01
6.482162262183243229e+01
6.478886533689110649e+01
6.476753282949114521e+01
6.472712551983543960e+01
6.473888395120582118e+01
6.462444507427522922e+01
6.466030899713190649e+01
6.461068074917415061e+01
6.465285664549972466e+01
6.463892590033580632e+01
6.454298122054647990e+01
6.449999770918765307e+01
6.446246540683334558e+01
6.443445687609448669e+01
6.441382528590385448e+01
6.443452245386156108e+01
6.425248772772016537e+01
6.432118407098847968e+01
6.433904215358677448e+01
6.430419654706209087e+01
6.429618548215101725e+01
6.426993991544438245e+01
6.424058693960051869e+01
6.429205298862378015e+01
6.423799795269307822e+01
6.427656148237188916e+01
6.424004220290986211e+01
6.426806943693179619e+01
6.422391216463604735e+01
6.424858655345748559e+01
6.425269629648185798e+01
6.422155099627673280e+01
6.421423504619620815e+01
6.424733784114125967e+01
6.423998749237951245e+01
6.426404767366814497e+01
6.431940120999104238e+01
6.425733181588205412e+01
6.420229562689542036e+01
6.417835139330129834e+01
6.410343439790199227e+01
6.408753246884138832e+01
6.403616029044329139e+01
6.394431386251469007e+01
6.401112219101516132e+01
6.396316873140948189e+01
6.390942107114418036e+01
6.392472119537900710e+01
6.392919953273674594e+01
6.388311977728284319e+01
6.390697091202934388e+01
6.384880637391975711e+01
6.384886317413525347e+01
6.389695150639273891e+01
6.389775209419933333e+01
6.385911621462620502e+01
6.387173412905767833e+01
6.390117165548895883e+01
6.389383339593432254e+01
6.388218921362133074e+01
6.389307835084057530e+01
6.388925368385449133e+01
6.385870537608263220e+01
6.392246329884226697e+01
6.393559082322064313e+01
6.388301663606740277e+01
6.396541338900938456e+01
6.395656135724980373e+01
6.393876896225672368e+01
6.393761672644547644e+01
6.397798475894331460e+01
6.394100517247400717e+01
6.398320194602052169e+01
6.402143880110064345e+01
6.394825752685357401e+01
6.401986389000906286e+01
6.402582318866922151e+01
6.404543811442808021e+01
6.411777582030495637e+01
6.419369185213516005e+01
6.415324671070874274e+01
6.418578079186663388e+01
6.428624959113051318e+01
6.431073373527682691e+01
6.428712177167200537e+01
6.437844007853604467e+01
6.440097670095418891e+01
6.434382765401089443e+01
6.438053807231887049e+01
6.437713307672953533e+01
6.440457992272381205e+01
6.441934457106233936e+01
6.438749917152364333e+01
6.439682134008288017e+01
6.443312646289662382e+01
6.443240232376454912e+01
6.439727095098582765e+01
6.451428441214079612e+01
6.449037739516671763e+01
6.451614458168972988e+01
6.450774864777635287e+01
6.450273982456401711e+01
6.453147396014088599e+01
6.454423298075614923e+01
6.456055394036060591e+01
6.457169601329256636e+01
6.447901172282581683e+01
6.456141582743023832e+01
6.454083679787255790e+01
6.459020183464018316e+01
6.460646038740058827e+01
6.461122020036428637e+01
6.464693618250160512e+01
6.455751429176675060e+01
6.463074954331771949e+01
6.461334433981174641e+01
6.466020551646403192e+01
6.463165068287284498e+01
6.463268619687373473e+01
6.464280756481581136e+01
6.457134636549103845e+01
6.466064436255668113e+01
6.467500413084427180e+01
6.463721681702068622e+01
6.467421637775706245e+01
6.472623374356339809e+01
6.470611744141341148e+01
6.473126116572342426e+01
6.473515614646518657e+01
6.470471654474702916e+01
6.464398748788751448e+01
6.466087675218228981e+01
6.469542738367761103e+01
6.464755805672197653e+01
6.466159824476986273e+01
6.462923591978571380e+01
6.452286704729374378e+01
6.452114344323301509e+01
6.457811122009620419e+01
6.453508196582974676e+01
6.456037121856728334e+01
6.453316197054984116e+01
6.446954344847775076e+01
6.450566571498985979e+01
6.462123579592797284e+01
6.455408786362139040e+01
6.458707305624837147e+01
6.463781603233417172e+01
6.460195019470207001e+01
6.461839464886988083e+01
6.465565203605366662e+01
6.465997335186516182e+01
6.464310440524903356e+01
6.461747344256819758e+01
6.461919948620858634e+01
6.471194417545223132e+01
6.466957216848277312e+01
6.467966673428190916e+01
6.470032188575392240e+01
6.469143740883775706e+01
6.465724065085298378e+01
6.464919406178418626e+01
6.466029179309808228e+01
6.469508579551153105e+01
6.472043164438950669e+01
6.477334958614392235e+01
6.478710634081872399e+01
6.478741391381008441e+01
6.477865020184708555e+01
6.479954968171097107e+01
6.479260710025239689e+01
6.480889008840250654e+01
6.479341407162759481e+01
6.485289259089643110e+01
6.483193519276650818e+01
6.483384585568784075e+01
6.478087355601834929e+01
6.487507003007964101e+01
6.484764960469917128e+01
6.485957953062678882e+01
6.487802036494828428e+01
6.487249418933360801e+01
6.491286174968351474e+01
6.491318514960347841e+01
6.490409695581064398e+01
6.489920530505105489e+01
6.486587787792922200e+01
6.488484142258113252e+01
6.483060957003081626e+01
6.485043252197756658e+01
6.481308406939461975e+01
6.478802687610796340e+01
6.479258632754739722e+01
6.471155510545393952e+01
6.475445520457667214e+01
6.476770051093694747e+01
6.467068761894627471e+01
6.464058966282316021e+01
6.474954036117179612e+01
6.471101942389947226e+01
6.474437618185751830e+01
6.466511648875106744e+01
6.474103490573801878e+01
6.469798420991794785e+01
6.475139048921343488e+01
6.471204701352687039e+01
6.473560025931563189e+01
6.473355935310220843e+01
6.476215703971401183e+01
6.473298518184175521e+01
6.474903519416831443e+01
6.477033512036334173e+01
6.480538410698548546e+01
6.475306663275411267e+01
6.473769487187638560e+01
6.473756276566676604e+01
6.482143615977720685e+01
6.481659363297784182e+01
6.481515466546552773e+01
6.490610412490430292e+01
6.480319204756357010e+01
6.485631653169924959e+01
6.478262870490863179e+01
6.488025218381713444e+01
6.485385172173398871e+01
6.487081529971113980e+01
6.485120041997497253e+01
6.479591709707531777e+01
6.480831382332047497e+01
6.479506817304020672e+01
6.479446459601940944e+01
6.484544501522270821e+01
6.478809455522640803e+01
6.479259163020060441e+01
6.475118072704056260e+01
6.471785010769748681e+01
6.473456701995506535e+01
6.473995042986557280e+01
6.472159921072903899e+01
6.460698105741563779e+01
6.457219425877877939e+01
6.454249036006544316e+01
6.456007336147622766e+01
6.446909663799846157e+01
6.438444014780223768e+01
6.440710830525694064e+01
6.435209154047426239e+01
6.426522285729588191e+01
6.430189237774399658e+01
6.425722457361375461e+01
6.435381611917264877e+01
6.427161048241323726e+01
6.428325656693172618e+01
6.420699334923745027e+01
6.422695189025040463e+01
6.422751640754410118e+01
6.421893789343261005e+01
6.422664472273049796e+01
6.420178715575929118e+01
6.424512566701037031e+01
6.425340255168370618e+01
6.423211292016424068e+01
6.425488866342331562e+01
6.424443291992727723e+01
6.425821965084445253e+01
6.426154168506590736e+01
6.431294231726853639e+01
6.431541098331730666e+01
6.427487486281685847e+01
6.429051555430909559e+01
6.433481210354327118e+01
6.432541844207221970e+01
6.434850302511055986e+01
6.435329191159962647e+01
6.437489145461944418e+01
6.443439256247299340e+01
6.446494686285761588e+01
6.449388583062766145e+01
6.454624287825055262e+01
6.460973296402360688e+01
6.456811715721512712e+01
6.462161795259531516e+01
6.466111885378317936e+01
6.468883818928286189e+01
6.469455549152358742e+01
6.471666586862897930e+01
6.475221103799334799e+01
6.475690536669884523e+01
6.474902372092215330e+01
6.482476520928202035e+01
6.484161468027744490e+01
6.489324254825659466e+01
6.493925565764394037e+01
6.494385053312375078e+01
6.497119254957837597e+01
6.510444064919363427e+01
6.515444649509413466e+01
6.514332206716876783e+01
6.520305389754960856e+01
6.526691501667042417e+01
6.530558613309258931e+01
6.540879612190629189e+01
6.543639174079086729e+01
6.544223626563557161e+01
6.545226572703002432e+01
6.552887373280003658e+01
6.554481926196844199e+01
6.553471966381655989e+01
6.555449187753511353e+01
6.560195434093297706e+01
6.558748279823869609e+01
6.557015398939850570e+01
6.557955230841564287e+01
6.556255349906398067e+01
6.562049649639392612e+01
6.560631495989831308e+01
6.556814809026019475e+01
6.555112475807733574e+01
6.557756983339433532e+01
6.558837985570350781e+01
6.559097467274163762e+01
6.562688296289094581e+01
6.562784535423476484e+01
6.564811342999087174e+01
6.564573943558512781e+01
6.566730043689291563e+01
6.568439010699692915e+01
6.570724075425752631e+01
6.569395814364801822e+01
6.574211927951682810e+01
6.575618926822269827e+01
6.566917333639010224e+01
6.571510075495122294e+01
6.572213487185561576e+01
6.569660372267419746e+01
6.572807129443769725e+01
6.567904532279331420e+01
6.563284345032350586e+01
6.563733867077290540e+01
6.558991702584214067e+01
6.557944965498779766e+01
6.549150079119435475e+01
6.541708711814769117e+01
6.533341336631175977e+01
6.527209019905519938e+01
6.522217176986913501e+01
6.515707928003895688e+01
6.505224473502556748e+01
6.500124787546160121e+01
6.490101868241579552e+01
6.491016179318516777e+01
6.492892687887577097e+01
6.487692767835385155e+01
6.488427910065485094e+01
6.490657196097654946e+01
6.487774916430961980e+01
6.493635836245866244e+01
6.493763824165554865e+01
6.497181722889855848e+01
6.497217197910963193e+01
6.497084575726809419e+01
6.503794098835508919e+01
6.501194009873768209e+01
6.505215209103664620e+01
6.513847130562368193e+01
6.510335736778482385e+01
6.510889126294603102e+01
6.513858635147096265e+01
6.516860043935416513e+01
6.520226384174027601e+01
6.521886513302041521e+01
6.524345691953853077e+01
6.523613044853237852e+01
6.524517731978282598e+01
6.527147746784123683e+01
6.520902253253532876e+01
6.523657533837592837e+01
6.520592405229112387e+01
6.527117299470873490e+01
6.531904113195564321e+01
6.534164177049282785e+01
6.531842886389031833e+01
6.531026874831277951e+01
6.529713576598632585e+01
6.530764028717692327e+01
6.536957537491782944e+01
6.535400605478959335e+01
6.532622717472555962e+01
6.534564337995479377e+01
6.527713260675051288e+01
6.532825306574926572e+01
6.531945540724903765e+01
6.531026591769995093e+01
6.534828143857698990e+01
6.535345618387562183e+01
6.536434214410638788e+01
6.536781531475836005e+01
6.535730454950467561e+01
6.543331322202062950e+01
6.546125729822801986e+01
6.543352165172605339e+01
6.541065948701134403e+01
6.549275140246771798e+01
6.546677234617402519e+01
6.552578151602860146e+01
6.552118588031775914e+01
6.557272002354386586e+01
6.552467365455213155e+01
6.558172442153410486e+01
6.556737147222912654e+01
6.558293870134282599e+01
6.551770911358529759e+01
6.553244050739183990e+01
6.556743740807380050e+01
6.555018450601679092e+01
6.549296327118339889e+01
6.548162359227964657e+01
6.548444076948079839e+01
6.548910356593897575e+01
6.552627790585796674e+01
6.557073417476463817e+01
6.556371183698601612e+01
6.559689398673019411e+01
6.566816697861987961e+01
6.573459659613594397e+01
6.576932268064268783e+01
6.576341660297042324e+01
6.575979064717995470e+01
6.576886341850672579e+01
6.579627056015895903e+01
6.588393865222124646e+01
6.587950674095621650e+01
6.584296517144349536e+01
6.580257623560322600e+01
6.582633575299567497e+01
6.587525995699066073e+01
6.578270812326870498e+01
6.585412234506299001e+01
6.576700188936574420e+01
6.572283962135776392e+01
6.573628603113154156e+01
6.572345492968906910e+01
6.575291731565550890e+01
6.575633746946776625e+01
6.573737165126411242e+01
6.575541366955262390e+01
6.575447563793602512e+01
6.572875951014120233e+01
6.577321193903213725e+01
6.574111111816161213e+01
6.575282571351806382e+01
6.578711410982361940e+01
6.578403803182317233e+01
6.581721500029682659e+01
6.577618968352275886e+01
6.576429603024809012e+01
6.572620171048254178e+01
6.574210190452453162e+01
6.574063082148920500e+01
6.574614040392914660e+01
6.575810262949981677e+01
6.569830224150054221e+01
6.562897006654027621e+01
6.561476761178586514e+01
6.557538806256116004e+01
6.567087773274624851e+01
6.567254018384591063e+01
6.567393052126269026e+01
6.556773143838955775e+01
6.558960049382419299e+01
6.559457635796707109e+01
6.554486914380973417e+01
6.561496611625517517e+01
6.548590245451953251e+01
6.542754322271244405e+01
6.542157960932993888e+01
6.541645403732368891e+01
6.539951622497895301e+01
6.542454572650163414e+01
6.542236019792780155e+01
6.541321175167075808e+01
6.537380706198987923e+01
6.526031134549666035e+01
6.527967661668522226e+01
6.527184949025546246e+01
6.530791571822807384e+01
6.523236671401654974e+01
6.519746441953569160e+01
6.518423449098170863e+01
6.520674219771518665e+01
6.517823926212061281e+01
6.521909516074349256e+01
6.519005319071230531e+01
6.521831121875935366e+01
6.519270902155031422e+01
6.521660963418277390e+01
6.521990404969821498e+01
6.536366262718910036e+01
6.528499983654904781e+01
6.529411828257129002e+01
6.525852735274673933e+01
6.528805123735968152e+01
6.537169986822374312e+01
6.535383996505899518e+01
6.535495950209376304e+01
6.538037642916891912e+01
6.537517837395675713e+01
6.542999495044281844e+01
6.545146779055569652e+01
6.547980646987063835e+01
6.542128358097667729e+01
6.548522705714282210e+01
6.546290515237231489e+01
6.547185784938292841e+01
6.548723867877880878e+01
6.549760839415280600e+01
6.550351112736284165e+01
6.546761891686729484e+01
6.551172036111063335e+01
6.546820957618216141e+01
6.548711317661158660e+01
6.536990459229814121e+01
6.538029993903080594e+01
6.527200127518798922e+01
6.520516912900768602e+01
6.519845859017989653e+01
6.517657633493078606e+01
6.514384624335806961e+01
6.507184835313971405e+01
6.509520284027559001e+01
6.499829970316025651e+01
6.510536234840083125e+01
6.512634992972353132e+01
6.513483612818176027e+01
6.515203412649935899e+01
6.507990381789794299e+01
6.499634064310264137e+01
6.504541688438457925e+01
6.508729398436197755e+01
6.503237815389724119e+01
6.507575187309502951e+01
6.509263241958771573e+01
6.500569616191530997e+01
6.493906214592657022e+01
6.487449551887809207e+01
6.499252274998286794e+01
6.498589034435212852e+01
6.492572897923885478e+01
6.490316128987237221e+01
6.487349698736298365e+01
6.487393127161274720e+01
6.487855435365932522e+01
6.500218507862545891e+01
6.509766686386730328e+01
6.505134782959700601e+01
6.504586594531680532e+01
