1.534581566562416697e+02
2.688843255642989050e+01
9.464544413060382055e+01
1.748272001577385595e+02
1.740523220682616170e+02
1.740444982588534799e+02
1.736406009693579620e+02
1.765436868642039769e+02
1.759374349854365391e+02
1.669152035309846269e+02
1.611382596084271768e+02
1.603189112324616019e+02
1.573632081020938358e+02
1.517654245794844314e+02
1.503044538693588095e+02
1.446340264610626889e+02
1.414520041003504502e+02
1.361237118016028660e+02
1.282736474813033283e+02
1.203559527502174546e+02
1.050915633634875093e+02
1.174896988600781356e+02
1.249195615011327902e+02
1.330538195940044375e+02
1.200507376612546722e+02
1.255607285507984443e+02
1.270432145317044927e+02
1.262284128244591841e+02
1.246151723893150347e+02
1.303129533927794625e+02
1.299995759787105669e+02
1.286257218133118272e+02
1.260276862922463152e+02
1.289260712732460945e+02
1.222402757593713432e+02
1.224434525683154504e+02
1.211847003195821060e+02
1.194313580219154005e+02
1.196587890905073976e+02
1.250124116199958308e+02
1.226333967262380611e+02
1.154737642980909840e+02
1.185835614140367085e+02
1.176526729902200401e+02
1.131269729691908594e+02
1.151194661060526840e+02
1.179220068979117713e+02
1.131380177158542182e+02
1.160046397729662715e+02
1.148912948703240886e+02
1.064550894217298094e+02
1.085519007080826412e+02
1.098316011573156885e+02
1.053905945158543318e+02
1.004873662383320863e+02
1.003017866297387712e+02
1.004457744858683128e+02
1.040104726076501152e+02
9.915294381592643447e+01
9.859292481604336444e+01
1.006861691729871922e+02
1.018927483518848760e+02
9.574339735063510659e+01
1.012020856848625101e+02
1.051196056205289295e+02
1.033387539550907377e+02
1.037331742789921663e+02
1.041790548205538585e+02
1.078263453453694751e+02
1.067000165972006585e+02
1.021489994506341787e+02
1.013438527833936575e+02
9.328996499792350505e+01
9.747779455122621073e+01
9.462460937935814798e+01
9.968564937750279853e+01
9.867830582792026917e+01
9.888216150823532757e+01
9.729585066990306075e+01
9.320636617356061038e+01
9.669550654012638802e+01
9.597465360502560827e+01
9.773521259329731947e+01
9.851394600734180074e+01
9.430726192599686897e+01
9.201330979268584542e+01
9.266420859900077289e+01
9.669893778636323134e+01
9.490023059348223455e+01
9.075906264009115887e+01
8.473169490188379882e+01
8.489103173401885272e+01
8.378997224192889348e+01
8.313712502387301129e+01
8.675090455704859949e+01
9.076163135883615496e+01
9.272860648448047982e+01
9.070568592496945826e+01
9.192368739593175064e+01
9.623271768925948777e+01
8.981828969189041345e+01
8.545984703345770583e+01
8.833836079206153613e+01
9.026492395524904566e+01
9.239188865770461234e+01
9.421527579506042116e+01
9.383147320162629512e+01
9.170874848934420243e+01
9.512994423090884766e+01
9.297662413884786758e+01
8.860700967686308616e+01
8.517534976650732403e+01
7.885387916204862790e+01
7.785632926412864663e+01
8.225771190594589655e+01
8.416229570600214061e+01
8.210327776981334580e+01
8.714117393937452505e+01
8.898943344492674612e+01
8.718797142322542015e+01
8.950820531833633709e+01
8.922017742332941737e+01
9.006349642241626441e+01
9.509562158535651122e+01
9.579918448489975447e+01
9.439222670376918245e+01
8.821630025706174649e+01
8.474474356612645920e+01
8.637601683276753306e+01
8.427966948798028568e+01
7.902241265872896747e+01
8.423502744756027028e+01
8.607956315279471937e+01
8.714047194873107571e+01
8.429193947201324022e+01
8.733053928341433902e+01
8.979956241226562952e+01
9.114520556877762658e+01
8.940714852961137638e+01
9.021331480446914952e+01
8.736977456497525907e+01
8.350734939826746484e+01
8.538148183994169926e+01
8.580674697146761787e+01
8.397887378410037229e+01
8.218367307241152275e+01
7.812878868942999588e+01
8.189555405984215497e+01
8.149103697287365833e+01
7.887260699384904683e+01
7.972036843820789898e+01
7.850056055475965877e+01
7.894486646502735994e+01
7.770933813788808209e+01
7.179351343412504605e+01
7.119476837945757097e+01
7.223821496600245951e+01
7.406863081550824290e+01
7.506733270975276184e+01
7.485927911186911388e+01
7.339390414344364899e+01
7.373819793052879845e+01
7.986193752078202124e+01
8.120297106987923996e+01
7.624942736906747598e+01
7.578961378421965378e+01
7.762660977133386098e+01
7.971085994555483012e+01
8.034139476568148552e+01
7.799023659917828866e+01
7.776869005401897539e+01
7.258121407797851532e+01
7.129384671780341876e+01
6.320363005593845429e+01
6.562063197420394545e+01
6.780887895373369645e+01
6.647133888820626169e+01
6.781460433414041233e+01
6.637585504337003783e+01
7.074457413822410956e+01
6.583983743165222791e+01
6.387101326087047681e+01
6.002568373637956256e+01
6.009440798157090313e+01
6.117320079909758590e+01
6.352523306749228738e+01
6.538641692262832805e+01
6.450086581032132926e+01
6.309389410808542209e+01
6.454771509352255521e+01
6.504923284016820162e+01
6.242787608066515759e+01
6.565440491150154401e+01
6.835892208492211353e+01
6.861491679323084725e+01
6.815763259846752931e+01
7.055168252137417539e+01
7.112369368258568159e+01
6.813856892712250612e+01
6.459583761818622349e+01
6.748549006765732372e+01
7.094696044765122167e+01
6.499043075434587990e+01
6.485520348325161422e+01
6.659777957592081066e+01
6.629171733702980873e+01
6.420517166458095915e+01
7.162014868005330470e+01
7.522148785746755095e+01
6.835590750331544996e+01
6.610088702829729357e+01
6.629094711089024372e+01
6.526606338042066113e+01
6.469904382289816169e+01
6.758293763341094973e+01
6.487667673283119996e+01
6.248437849764447094e+01
6.833757686905943274e+01
6.319710100753689375e+01
6.359472449018834794e+01
6.429754595895556690e+01
6.258743951262363936e+01
6.175993286086352185e+01
6.865149333151380517e+01
6.638872983973432440e+01
6.481647064067932718e+01
6.774721678450757167e+01
6.715422688662064843e+01
6.691245145227212276e+01
6.353622718485116394e+01
6.616707307127657600e+01
7.526432031858082894e+01
7.200269182927688405e+01
6.874734685723605310e+01
6.904636028040792439e+01
6.345980176075806867e+01
6.450737916191297927e+01
6.607938003748641620e+01
6.353929290691893783e+01
6.379504765890314388e+01
5.895193857469749332e+01
5.954908748775221028e+01
6.138939402616743735e+01
5.698187918136183328e+01
6.366071932593450811e+01
6.430900937699703945e+01
6.365035485048343844e+01
6.548754484388480535e+01
6.071527911845520009e+01
6.073516097187382456e+01
6.369046498437703718e+01
6.152670020481168223e+01
6.325132050064031120e+01
6.692615032277119269e+01
6.959151995223464837e+01
7.143310692995278544e+01
7.168516029530354672e+01
7.583040240175336066e+01
7.281689176899412530e+01
7.703405211386822771e+01
7.509727164728921878e+01
6.955415011358874722e+01
6.596756792115604640e+01
6.655890213295150204e+01
7.133336848037423294e+01
7.436043627682866486e+01
7.301871698144761069e+01
7.026920948276321610e+01
7.334189978329000326e+01
7.391598670089281597e+01
6.899187681281991047e+01
7.064414497375487656e+01
6.412350551057095061e+01
6.398869877026788089e+01
6.423344390940363269e+01
5.626102601579610507e+01
6.188902128377149836e+01
6.198823369127574523e+01
5.782894226623538003e+01
6.140985942149888643e+01
6.245667184179104936e+01
5.990607892135384560e+01
6.386359680490068769e+01
6.557435786497876506e+01
6.780200182872319203e+01
7.098605930505009098e+01
6.801905659333519338e+01
6.796808000879454426e+01
6.826302907541416687e+01
7.187431363747140267e+01
6.828881839786279784e+01
6.523529274388296528e+01
6.847331583672331590e+01
6.687496538117312639e+01
6.731289270042653072e+01
6.937297718341153541e+01
6.713737345523001920e+01
6.767274681808109449e+01
6.647026035562801383e+01
6.481354775331298868e+01
6.631568976495995571e+01
7.134400228180804504e+01
6.784596052546071121e+01
6.993378045038919311e+01
7.246227767676761289e+01
6.615497790777637022e+01
6.523243447248420068e+01
6.837666160591433595e+01
6.741390294191515409e+01
6.276573451973969497e+01
6.677179311700162145e+01
7.302581913852016271e+01
7.184002057095645455e+01
7.122343254557452497e+01
6.549852156002164350e+01
6.469041824762612691e+01
6.763863934094501928e+01
6.589537390459680921e+01
6.468204270563791169e+01
6.557763513115860121e+01
6.166703777192009284e+01
5.963884393817671992e+01
5.750646351751967700e+01
6.681845649263397036e+01
6.204733541046235246e+01
6.363826548652539827e+01
6.675445087389486787e+01
6.577841923770441213e+01
6.377972865459287988e+01
6.679543169726110818e+01
6.688524672345974409e+01
6.122581712752197802e+01
5.992402039744934683e+01
7.265558965948370940e+01
6.634994834337112479e+01
5.845085022235281258e+01
5.757471331274912529e+01
5.702753007357573267e+01
5.779851189300411818e+01
6.068998324176612158e+01
6.331996841733750614e+01
5.921547131799850661e+01
5.954674606770586109e+01
6.313781045773098555e+01
6.011499442419309958e+01
6.228864425562537832e+01
5.879966057916902145e+01
6.282443499525507491e+01
6.491649969938151798e+01
6.370022801593678707e+01
6.485024808048872558e+01
6.424868984148709217e+01
6.715212991419411992e+01
6.349613819166690831e+01
6.500350677721738180e+01
6.038358263298723472e+01
6.063570181580543306e+01
5.963359384765236371e+01
5.912913100405783950e+01
6.417971221022487782e+01
6.483044425440795067e+01
6.566001249371073811e+01
6.516008947338190183e+01
6.713552374984362814e+01
6.616482445375417853e+01
6.562019015189558502e+01
6.154838906453999670e+01
5.599620670525834498e+01
5.514560060533252539e+01
5.980911742752024907e+01
6.086317616361093030e+01
6.074222120451595686e+01
6.121073396700614211e+01
6.264691078155291137e+01
6.303366799552951250e+01
6.238139793637132868e+01
6.495916584586963438e+01
6.416173951098841144e+01
6.412343721714957212e+01
5.745764301713856526e+01
5.454370645236064519e+01
5.693113371429939207e+01
5.291367214090057303e+01
5.210459601582175537e+01
5.009884531109114647e+01
5.087891321522694454e+01
5.414635005380146282e+01
5.170600449584767944e+01
5.357089800410374636e+01
4.679737081036856949e+01
4.943004797580414333e+01
5.142100213585869994e+01
5.300551195916581548e+01
5.221601155478909106e+01
5.106807060138530829e+01
4.788271760432395752e+01
4.795786795746276709e+01
4.590822100691523389e+01
4.860900667712552803e+01
5.419810538242695230e+01
5.286167373455106855e+01
5.322753329501319541e+01
5.233484123500201690e+01
5.459270251913116567e+01
5.009978926979509595e+01
5.313087745869400891e+01
5.039492676966338536e+01
5.275889714824317878e+01
5.379943292976376057e+01
5.468243296749745497e+01
5.406406543284486332e+01
5.516134927281660794e+01
5.620569081914239717e+01
6.127437180898553493e+01
6.368024602951285118e+01
6.580982461433980291e+01
5.984088657087497154e+01
5.974371992136844511e+01
6.001134813867388118e+01
6.045998305085323210e+01
6.338118774215101325e+01
6.146258018400847334e+01
6.192725703011009131e+01
6.399910214884776138e+01
6.008938210181062800e+01
5.888203856208151166e+01
5.849316315276716693e+01
6.092730191524752570e+01
5.522312381528607261e+01
5.828751155694573782e+01
5.933475327644049457e+01
5.666538453066367254e+01
5.950803801541822224e+01
5.814606546868937187e+01
6.265595235916022432e+01
6.038161238115774410e+01
6.330454770577156864e+01
6.760825853112541495e+01
6.959543262645451023e+01
6.518167286235674851e+01
6.372478389957247913e+01
7.211282772996980839e+01
7.102875526818000651e+01
6.374881093152649925e+01
5.878509813649616689e+01
5.739606221209103154e+01
5.988292434307064838e+01
5.782568253073844033e+01
6.007039769333849932e+01
6.111536099945466560e+01
6.218452484807643543e+01
5.630887210749850169e+01
5.712106339681376710e+01
6.482032120086279292e+01
5.901836323795519235e+01
5.538692727816948036e+01
5.426710950730753069e+01
4.970348984762804889e+01
5.323380143606836867e+01
5.227741682280922930e+01
5.588712922744345946e+01
5.291446389431760622e+01
5.121220800166231157e+01
5.026948608488996229e+01
5.386313347315657296e+01
5.154394613820272752e+01
4.596480288472203313e+01
4.573838923426162495e+01
4.727990055207040143e+01
4.859817957198806226e+01
5.333953172450564750e+01
5.241720551017936458e+01
5.221393714422621457e+01
5.632699801493179592e+01
5.332420054758263461e+01
4.772887058290998397e+01
5.190786093704015514e+01
5.357223439760128514e+01
4.861663572574178005e+01
4.845897973504635559e+01
4.899706177820048936e+01
5.305484887212497114e+01
5.380806069149230098e+01
5.399995561751786255e+01
5.490872125204298015e+01
4.776410174605614856e+01
4.746975177357160192e+01
4.724724988575542994e+01
5.307877133168020123e+01
5.815388190104577149e+01
6.371062398219358158e+01
6.235647180113348753e+01
6.338492600125277221e+01
5.724651786973908685e+01
5.770136924480345897e+01
5.672639724961404539e+01
5.786137392023840675e+01
5.528239579355270195e+01
5.625527763086366662e+01
5.677415124936963764e+01
5.447264683710436373e+01
5.199765262829842527e+01
5.159453761949088602e+01
5.663471995279657989e+01
5.518741817032525177e+01
5.558294719553682484e+01
5.617059186734825715e+01
5.079155428511386816e+01
5.805811559119513277e+01
5.577645215024173098e+01
5.509550570552877247e+01
5.842460471819310186e+01
6.067126136612480991e+01
6.064181797578046229e+01
6.007150657174711483e+01
5.972908218586572104e+01
5.433810934497279987e+01
5.042015869112869098e+01
4.893935276298170578e+01
4.947114843283511476e+01
5.427577828669085847e+01
5.310788649707745890e+01
5.650097344221731532e+01
5.502301507773359646e+01
5.456892383854552264e+01
5.658583602659802381e+01
5.518069938650869233e+01
5.492383618200751982e+01
5.722387562046615272e+01
6.453557479554164900e+01
5.822867601289817685e+01
5.748722285830151435e+01
5.410872236762978815e+01
5.637570552529703605e+01
5.345022408093173993e+01
5.138761565603582682e+01
4.863993559544136502e+01
5.468991447641711545e+01
5.823874352960505973e+01
6.209313649795289791e+01
6.387091751766103442e+01
5.632788627992940178e+01
5.601845244410591107e+01
5.284853965713364232e+01
4.954841275346412743e+01
4.913335775234434522e+01
4.663127508439105640e+01
4.745748252680056112e+01
4.425458443240709983e+01
4.642566440095657043e+01
5.076046823311783385e+01
4.420366697164489267e+01
4.742886740174405702e+01
4.754541981511154347e+01
4.787098040482389649e+01
5.145137888832879725e+01
5.187064703579709857e+01
4.912960357865474492e+01
4.848255561092672394e+01
4.741086683485902142e+01
4.877975082881548730e+01
4.683654891477227267e+01
4.729579397777064287e+01
4.783550126462448304e+01
4.489958929132352949e+01
4.454827289832982018e+01
4.641820540670867956e+01
4.593499540980269558e+01
4.428158385540143627e+01
4.945851334243765507e+01
5.423061484171896041e+01
5.064063197657096538e+01
5.729132725351676214e+01
5.321352035705303507e+01
5.720697631826717355e+01
5.874746872754419513e+01
5.626712120694630670e+01
5.214802198990652471e+01
5.774016525791009968e+01
5.695442580992678927e+01
5.722333671565908730e+01
5.585711264452542935e+01
6.165646000979798202e+01
5.885121578638931794e+01
5.885395941459678681e+01
5.938232482082014485e+01
5.664971366549749376e+01
5.362717168477410468e+01
5.871898162248460551e+01
5.883357574263526146e+01
5.376341444891144050e+01
5.876720970406754674e+01
5.773155389565911122e+01
5.230392359108363109e+01
5.055977827762600185e+01
5.125468368229630300e+01
5.069949351191915810e+01
5.482823411903071076e+01
5.225199518410331478e+01
5.214375059958078396e+01
5.026704816510987683e+01
4.703609492879138543e+01
4.593215538365423356e+01
5.113690823176222011e+01
5.290575808050776629e+01
5.380941301967089174e+01
5.801637310699794625e+01
5.667933245527169817e+01
5.688509642248557441e+01
5.708089424360368724e+01
6.184589156704686275e+01
5.724849980432333041e+01
5.241863374583174817e+01
5.405786483244423835e+01
4.997847051099854809e+01
4.973555727456432862e+01
5.104734942259923969e+01
4.683653747710391002e+01
4.805395954864794561e+01
5.024957844603947876e+01
5.005904214546417563e+01
5.226866248598536657e+01
5.198334886939952781e+01
4.988068239488789857e+01
5.662356484846457505e+01
5.429222017291959901e+01
4.681031633240652923e+01
4.404229545108231036e+01
4.078013276607265425e+01
4.357415418183536104e+01
4.930264722953894818e+01
4.493919615389592792e+01
4.660388430348611166e+01
4.787726062372198754e+01
4.728534264418777155e+01
4.997090821893831247e+01
4.984709092581073264e+01
4.724735556683014437e+01
4.641560184873602424e+01
4.668524308469714867e+01
4.421988808138796401e+01
4.504354641550072103e+01
4.957051742942820027e+01
4.843864818720230403e+01
4.780728467610466481e+01
5.180447705929258007e+01
5.029156322891585518e+01
5.594725501963208814e+01
5.897655523496064944e+01
5.155061716942302041e+01
5.228275454970273017e+01
5.193365834060316644e+01
4.869346175119420650e+01
4.710577750441031242e+01
4.667068372722388148e+01
5.522947901580965890e+01
5.059916343921987192e+01
4.755608451794562086e+01
4.869764840723634336e+01
4.743775197564858104e+01
4.576767721324166160e+01
4.443511908511732855e+01
4.245684002844424754e+01
4.301313394009417834e+01
4.612065300128564616e+01
4.425783842610394458e+01
4.835242341066137328e+01
4.813607700581513171e+01
4.097383910701776699e+01
4.042278113043046517e+01
4.238254716085103979e+01
4.351388993993329990e+01
4.863162145912944112e+01
4.715906077548132203e+01
4.416352476777928615e+01
4.672410277233274911e+01
4.859398645567632968e+01
4.419988584119271735e+01
4.166637164117890535e+01
4.273627036438669080e+01
3.716380053819983686e+01
3.935632902799501665e+01
4.212209787155514817e+01
4.210287862331368558e+01
3.910554336379333051e+01
4.713537459844788913e+01
4.679151538796843823e+01
4.600002951908172832e+01
4.276895043627413173e+01
4.293870204999939943e+01
4.085462654344763678e+01
3.987743293035872227e+01
4.251142609402089079e+01
4.294862083403224773e+01
3.966356950671450221e+01
3.995798740785390635e+01
4.381145102494037502e+01
4.193865106440453872e+01
4.936511587345963648e+01
4.524892334891972467e+01
4.218623148072085627e+01
4.184388830748681443e+01
4.119738921305638257e+01
4.017838357200931654e+01
4.431106375797293850e+01
4.130645806911891782e+01
4.200488023073990718e+01
4.194657459227724416e+01
4.484672734914321524e+01
4.701967946377690311e+01
4.450986012875936382e+01
4.478314490757593802e+01
4.297987827801484428e+01
4.431814209220262057e+01
4.843286794971649556e+01
5.209955081035970181e+01
4.958843191831840613e+01
5.269510341787412244e+01
5.120207357203408094e+01
4.551838943598629328e+01
4.917548231856441276e+01
