nan
nan
nan
nan
nan
nan
nan
1.750306627153023555e+02
1.726317947936819905e+02
1.711729159503929338e+02
1.707655944181258008e+02
1.709272166976467133e+02
1.702504529891393190e+02
1.686984351604286871e+02
1.677118227937518498e+02
1.671930655297385329e+02
1.660560422487021128e+02
1.650179671556153096e+02
1.639889155519772430e+02
1.632274448574408154e+02
1.623359185741933572e+02
1.610510485080375247e+02
1.601522365552711733e+02
1.592808530343081941e+02
1.585867707441108791e+02
1.576863559233874241e+02
1.567604947053242199e+02
1.558386667002832837e+02
1.550528635638735011e+02
1.543157407809054291e+02
1.536206806148092596e+02
1.527815931039066015e+02
1.519960587067574522e+02
1.511874513824259623e+02
1.505963274380116559e+02
1.498566675133419324e+02
1.491170783082083915e+02
1.483531946637039880e+02
1.475762683470953789e+02
1.470102397290040415e+02
1.462588449912902036e+02
1.456770581232825919e+02
1.449584625779214946e+02
1.442890982036811351e+02
1.435971090140601518e+02
1.429741308383084686e+02
1.423594601624270410e+02
1.419183489397581468e+02
1.413154879895930662e+02
1.407253156391483060e+02
1.401884760215389747e+02
1.396014830829437585e+02
1.390563937604161424e+02
1.383657655948730678e+02
1.379534538636353034e+02
1.372994864783097171e+02
1.367121813658702649e+02
1.360614003276620849e+02
1.355362966745787503e+02
1.351776664973911295e+02
1.345531889884797465e+02
1.339967849199953207e+02
1.334639921294298119e+02
1.329423879753686037e+02
1.322146127416779109e+02
1.318312479069374206e+02
1.311393114243219600e+02
1.306576672739081459e+02
1.301071378206240183e+02
1.296474453134173928e+02
1.291741355102950877e+02
1.287296930609954302e+02
1.283089099597764289e+02
1.278770240223459922e+02
1.274031135085902235e+02
1.267493897988880605e+02
1.264778820873997773e+02
1.261721129714584890e+02
1.255995247930761707e+02
1.251008071967835775e+02
1.246938139080169350e+02
1.242456392966739145e+02
1.236719786405700461e+02
1.231669279935933048e+02
1.230590203504694671e+02
1.226206732984555146e+02
1.219194244746349511e+02
1.215148853885487057e+02
1.211735770605772871e+02
1.208573121126691348e+02
1.201922816904399980e+02
1.198404850940049613e+02
1.193895261835009194e+02
1.189189108951669596e+02
1.184125751594244065e+02
1.180587597025721323e+02
1.176147832782146878e+02
1.172107620689452858e+02
1.167015349748173918e+02
1.163609021016400931e+02
1.159005559438044344e+02
1.154923898316346396e+02
1.150694451517474590e+02
1.146986354036934870e+02
1.142801786436493643e+02
1.138918780350853268e+02
1.135018028912194552e+02
1.131897626158254724e+02
1.127985987558185883e+02
1.124124921364274172e+02
1.121981368235222902e+02
1.117411758039224310e+02
1.113904312897503956e+02
1.110025477983393500e+02
1.106621931282276421e+02
1.103702987752438531e+02
1.099157050874365638e+02
1.097415396824792708e+02
1.093966679342184278e+02
1.090057418459732901e+02
1.087051143936804039e+02
1.084769415262230297e+02
1.082463751172972621e+02
1.079997953152072512e+02
1.078052421609078806e+02
1.074591044550917474e+02
1.073247070253366644e+02
1.069903259075218074e+02
1.068116650179384095e+02
1.065732029286109821e+02
1.062225670591877673e+02
1.059440009175488484e+02
1.057002412972529015e+02
1.054191166133836361e+02
1.050519384741090079e+02
1.048915299558770613e+02
1.045837086901779429e+02
1.043770929678515387e+02
1.041707823929487375e+02
1.039828606559340614e+02
1.037113335547054760e+02
1.035003302302237245e+02
1.034424832186162888e+02
1.031353852951595798e+02
1.029339875367757173e+02
1.027857460641462808e+02
1.025805463043945167e+02
1.023295118377669581e+02
1.020031702033184473e+02
1.018856420728039609e+02
1.016791444634630608e+02
1.014883379125015352e+02
1.012014122458231640e+02
1.010181927327100482e+02
1.008505918574310130e+02
1.005665590757584482e+02
1.003572145983756201e+02
1.001811570400775793e+02
9.992793195191042344e+01
9.969718420109084889e+01
9.947511999281339001e+01
9.924510451400672650e+01
9.903245854788899294e+01
9.877920336697670223e+01
9.860438100673965778e+01
9.832282508376290764e+01
9.808451542091546571e+01
9.791753735838693729e+01
9.765578164840452757e+01
9.752367291076089373e+01
9.733899037300720636e+01
9.708221542038268126e+01
9.690118068640047966e+01
9.660939729129306386e+01
9.650280293302772350e+01
9.619793841454236372e+01
9.610470135530384539e+01
9.591944149245566109e+01
9.568412458291537348e+01
9.560354846396450057e+01
9.542561834514994246e+01
9.521892054705342900e+01
9.505633873735686734e+01
9.492013112881205927e+01
9.471219356997723082e+01
9.451853580852963432e+01
9.429176263496179899e+01
9.419685104892853644e+01
9.402154756077449349e+01
9.390254445730731447e+01
9.378215583732963978e+01
9.358198141018415583e+01
9.344494221059538575e+01
9.331560767533414946e+01
9.311032948669830489e+01
9.301972754091958961e+01
9.284266701371444697e+01
9.276615409665113532e+01
9.264712938420802857e+01
9.243823343157345107e+01
9.228484444131453301e+01
9.214813790479563238e+01
9.198505263305672486e+01
9.179004998227169665e+01
9.168572394269099846e+01
9.151620083205045830e+01
9.135389054093053574e+01
9.130874053805662527e+01
9.118653821746644894e+01
9.102230153121138301e+01
9.084039364507027869e+01
9.077388966812206661e+01
9.066907108928673154e+01
9.059385414152920646e+01
9.053044746025570078e+01
9.045290982160631188e+01
9.035074484872960454e+01
9.032445421657253348e+01
9.021706690359629022e+01
9.012794431488894986e+01
9.004282965887382773e+01
8.997911796143164054e+01
8.987108833823414500e+01
8.971798096445132842e+01
8.964080130553301728e+01
8.950282191285450040e+01
8.932330803798983254e+01
8.924455022800576387e+01
8.913772198388640788e+01
8.903053468830898964e+01
8.897704249842293223e+01
8.889344139471235451e+01
8.880455272585513171e+01
8.869296271528925502e+01
8.854965595347952956e+01
8.836129530325918324e+01
8.825127962204800269e+01
8.807777907232227221e+01
8.793871176060362416e+01
8.771821743821961093e+01
8.763802726847350755e+01
8.746170170570188418e+01
8.729932486031599126e+01
8.717037800764633459e+01
8.708162432827778332e+01
8.696129199955224465e+01
8.682290346624868960e+01
8.670339883876279430e+01
8.661355281864537403e+01
8.650602038321204645e+01
8.635350215146026187e+01
8.621433396600509980e+01
8.610240763386840968e+01
8.595913715212881812e+01
8.579610614231243915e+01
8.571618717904300411e+01
8.562804170142739224e+01
8.548602953829343676e+01
8.534657288799115804e+01
8.526948212929188742e+01
8.512014871977594055e+01
8.489643483537950885e+01
8.473084151712203038e+01
8.458193792252748722e+01
8.446516687322318262e+01
8.431944997923831409e+01
8.420326682277494967e+01
8.403735211306832298e+01
8.395150273626342141e+01
8.380336997273668942e+01
8.365321061172122086e+01
8.353324429212601387e+01
8.350413411158872634e+01
8.335672465758977978e+01
8.319750419158889088e+01
8.305639152681642656e+01
8.286580192824314395e+01
8.269151732360522544e+01
8.259215295837138626e+01
8.241759700808786704e+01
8.227015253733243583e+01
8.207917145335787268e+01
8.199015394006302415e+01
8.176068850066940286e+01
8.161236234875180173e+01
8.140571321988348075e+01
8.137394572990881159e+01
8.124582968260445170e+01
8.112777121888234433e+01
8.095794668112840498e+01
8.082429624856800388e+01
8.073071526563093414e+01
8.059501014997448465e+01
8.034662041160557067e+01
8.033242903180705241e+01
8.024483950041332037e+01
8.017357528874296690e+01
8.011949221638172958e+01
8.002370572141235527e+01
7.993469676335678287e+01
7.985501094852511983e+01
7.979029233871830229e+01
7.976875678777309986e+01
7.962882079720186823e+01
7.956454274813386007e+01
7.944114369120842412e+01
7.931995938855384054e+01
7.915690781632494577e+01
7.909344660817369288e+01
7.896347220175931625e+01
7.888516491159865041e+01
7.884278478592830197e+01
7.873255811568346019e+01
7.862192342191912076e+01
7.849002361108489367e+01
7.830619767894721406e+01
7.826979957863822790e+01
7.818332006454943439e+01
7.815255285078524139e+01
7.808963207984305654e+01
7.795167803281520946e+01
7.782088293577092486e+01
7.777832646698401220e+01
7.766786575259718006e+01
7.751660163155658267e+01
7.741744738931436132e+01
7.727742558057293820e+01
7.714202516436037627e+01
7.705967225301009194e+01
7.682854340087159528e+01
7.672356883884819467e+01
7.662301410065093421e+01
7.648867801692152568e+01
7.634505656096814619e+01
7.623635253102206377e+01
7.607979685505497969e+01
7.587934227784077734e+01
7.575512246724568399e+01
7.561168161111254449e+01
7.547513699031374301e+01
7.536888919559402211e+01
7.523509975512679659e+01
7.508833721667036798e+01
7.492525138493731163e+01
7.483104459537896957e+01
7.474804581739456921e+01
7.457461918408931467e+01
7.450799556637109333e+01
7.442442824200647067e+01
7.436039490009747510e+01
7.428699681338466121e+01
7.429238909847306616e+01
7.421274899749309384e+01
7.412460993518243413e+01
7.408465533460056918e+01
7.397491014624263528e+01
7.391010802320545281e+01
7.387940297531882550e+01
7.381378856097471441e+01
7.377391526609693528e+01
7.367506165957370001e+01
7.356856829159836764e+01
7.354185072775277376e+01
7.348186753612203859e+01
7.347630017590572038e+01
7.339186895246304232e+01
7.331551165355159583e+01
7.325361695949212049e+01
7.319590991198683128e+01
7.313267902612830085e+01
7.310099649770553754e+01
7.309281097920450065e+01
7.302661474790981799e+01
7.296536617902737021e+01
7.293490712832577572e+01
7.285351157445266779e+01
7.276864155452912541e+01
7.277425823583811848e+01
7.269686329215581111e+01
7.257706294639325506e+01
7.256526043440166518e+01
7.259382688015989515e+01
7.249869698660086215e+01
7.246450286012922959e+01
7.241603262747987912e+01
7.233191635759126825e+01
7.227143035408086291e+01
7.219297163451760468e+01
7.214068226446224230e+01
7.202368765195492983e+01
7.191799835957831988e+01
7.183540913062751088e+01
7.167415634492260779e+01
7.160641059810862430e+01
7.150035017570304774e+01
7.143282737107141145e+01
7.138484904325137848e+01
7.127266829638740830e+01
7.114536105825665402e+01
7.105567887330361998e+01
7.100443735523391808e+01
7.088270840210313395e+01
7.078381433045549898e+01
7.072674699629411066e+01
7.059288542835399483e+01
7.051914836138480780e+01
7.050011465052936899e+01
7.038587036889089177e+01
7.032414217787753330e+01
7.026656438638298141e+01
7.018745774510502144e+01
7.009322967726630793e+01
7.002706500876568896e+01
7.001389607778170898e+01
6.993864348212051141e+01
6.983019404787435747e+01
6.977370925942281588e+01
6.965311731245917315e+01
6.960240969778703857e+01
6.955680617424363277e+01
6.940332162007317152e+01
6.936620900443085702e+01
6.930240589806422236e+01
6.921466537647772554e+01
6.915162110729448841e+01
6.907863977458109161e+01
6.900805538714359955e+01
6.893679841247133311e+01
6.891847059743118109e+01
6.883413847562070487e+01
6.879043391057324186e+01
6.875067666125460164e+01
6.876629206980453546e+01
6.871792056337027077e+01
6.863922311766384610e+01
6.865976211793883976e+01
6.862719841304115675e+01
6.857233309526931464e+01
6.859949258158837893e+01
6.863330535875168437e+01
6.850850487417157808e+01
6.844260151677804060e+01
6.832625442194797927e+01
6.826166319821106754e+01
6.829406171166519357e+01
6.828295764860246209e+01
6.823983332355439302e+01
6.816254488987534899e+01
6.812092818528388705e+01
6.803034006477508910e+01
6.797693731600996614e+01
6.789439002589818983e+01
6.786624920522757520e+01
6.779227458200078615e+01
6.777374155353778917e+01
6.773495228555610481e+01
6.769211801564681252e+01
6.768016573021765225e+01
6.769474425735333512e+01
6.766828279771667098e+01
6.761155789898818114e+01
6.754557903303580702e+01
6.743405316095311264e+01
6.741021698335107715e+01
6.731798212015803529e+01
6.718809521872266544e+01
6.709499257780488790e+01
6.700813823424259397e+01
6.706256130952752414e+01
6.691942049447476393e+01
6.686161858486129006e+01
6.675169907430039018e+01
6.664632335443526756e+01
6.655560289114268357e+01
6.651756575545890371e+01
6.641552579569021475e+01
6.628564824427579083e+01
6.619810265510331249e+01
6.612874418411465172e+01
6.597532405296433922e+01
6.590515432210028735e+01
6.581588622398240318e+01
6.567072670592641259e+01
6.556903878330481916e+01
6.545266629323494101e+01
6.532514671951877006e+01
6.526255422149259289e+01
6.519108120781736204e+01
6.509416244211217872e+01
6.504951476974211744e+01
6.495108903805414968e+01
6.489376315393813854e+01
6.489042622951491524e+01
6.482063981642690464e+01
6.471082322277806043e+01
6.466240730432619443e+01
6.463401066990194010e+01
6.457561695615217445e+01
6.459226082790152645e+01
6.457520439449315575e+01
6.448318096580219105e+01
6.443941089855118776e+01
6.442371044056488927e+01
6.442692296527781082e+01
6.433648981100327546e+01
6.428237840158816141e+01
6.426178138873156342e+01
6.414662763561288727e+01
6.414907498168945210e+01
6.405234284572595982e+01
6.393886966898049451e+01
6.386627236766144478e+01
6.380252544388893199e+01
6.376061794340648703e+01
6.364033536022839854e+01
6.357371984764881745e+01
6.352008853028952728e+01
6.350062435557913432e+01
6.341029317127808440e+01
6.336643721927420358e+01
6.328682795426973939e+01
6.325970442321099085e+01
6.324381694070462601e+01
6.314950243929700946e+01
6.313851358590934382e+01
6.308945659912872372e+01
6.299645275898964769e+01
6.290534847620344294e+01
6.278848238091767087e+01
6.266606025696565041e+01
6.254426763064191164e+01
6.243777008416257246e+01
6.235940106782305037e+01
6.224254974728139445e+01
6.212719317606372726e+01
6.201031455140675064e+01
6.196787997240485879e+01
6.184921066279701307e+01
6.173102853788527966e+01
6.166901211960982465e+01
6.152418677496297761e+01
6.146843711279396416e+01
6.140715878059168631e+01
6.137888750731261922e+01
6.133363586573815240e+01
6.126636775022098647e+01
6.116104526680700815e+01
6.108394343378606806e+01
6.107050799091499016e+01
6.103429484797607074e+01
6.096428710048596855e+01
6.094308902484023349e+01
6.088519021188100311e+01
6.075462586435087786e+01
6.068244630583517107e+01
6.066135805557074434e+01
6.060909225918784671e+01
6.055331665368368732e+01
6.046333054790623152e+01
6.039899767494009808e+01
6.033812144558196167e+01
6.028035173875858277e+01
6.029443116840811001e+01
6.027041986357651382e+01
6.026605337290772724e+01
6.022677181874879437e+01
6.017734518718160786e+01
6.009202324250623661e+01
6.001929163627332287e+01
6.002033151898351804e+01
5.997697853018451752e+01
5.997212560644017998e+01
5.990433211600094410e+01
5.985344147531955628e+01
5.983580135527558497e+01
5.978377463918577917e+01
5.981630254330151075e+01
5.983518558546117561e+01
5.975662720769522451e+01
5.977998349407533141e+01
5.972623619544673801e+01
5.967969828471991178e+01
5.964954911661123305e+01
5.970122910305577335e+01
5.967361069377427896e+01
5.970816974434165303e+01
5.972443639646220248e+01
5.970055735524909579e+01
5.967781757246533658e+01
5.968957485698034304e+01
5.968872245184899583e+01
5.970185552890441727e+01
5.969899097604114502e+01
5.963682983151036154e+01
5.960686951831580416e+01
5.959068030387711445e+01
5.950145499945942618e+01
5.948753774035088782e+01
5.946812410003292371e+01
5.945360412507044856e+01
5.941098826960349299e+01
5.938052222270551539e+01
5.931953997472011508e+01
5.930774456239126380e+01
5.929528265228934458e+01
5.920339148970845855e+01
5.912127227326486434e+01
5.904896547807869922e+01
5.897726141710423065e+01
5.892199752241354105e+01
5.891072675714453766e+01
5.885412440263799283e+01
5.883506649931345578e+01
5.878541673230063935e+01
5.872142985184328978e+01
5.866508752348453015e+01
5.865062300569661602e+01
5.864647721152380910e+01
5.856317485319361538e+01
5.850198589581994213e+01
5.848867741102014151e+01
5.847424585908373018e+01
5.844648281490825781e+01
5.841076851105901824e+01
5.836434561334431237e+01
5.828009380197241285e+01
5.823479797281529358e+01
5.819396617754958356e+01
5.818643654835602064e+01
5.806021182643041101e+01
5.800493990101202257e+01
5.790984909634284605e+01
5.779073305194890509e+01
5.780073958194905259e+01
5.776605344437339795e+01
5.770492605107638440e+01
5.766711351736296365e+01
5.758896454355135575e+01
5.754969209558490206e+01
5.754008331140214949e+01
5.748718398319773826e+01
5.744548357013315609e+01
5.741234709331310881e+01
5.741895837754363896e+01
5.739042753610686987e+01
5.731388941563231043e+01
5.726260732190001335e+01
5.718074200177551347e+01
5.717054567386750108e+01
5.715090277860232248e+01
5.710364673281413417e+01
5.705856298002520788e+01
5.702340063720237140e+01
5.693620021616538196e+01
5.693822357972182147e+01
5.688641041650459584e+01
5.688332430070497026e+01
5.682849020745829449e+01
5.679812039262748158e+01
5.674943600592250448e+01
5.675627840261172707e+01
5.677088906951952652e+01
5.672483100880101858e+01
5.673092000985497663e+01
5.661904140440383060e+01
5.661224410075932667e+01
5.657305706388137878e+01
5.648473267963102273e+01
5.651579327772178374e+01
5.646886481848320471e+01
5.647370053957569525e+01
5.643317863749736318e+01
5.638560903693691984e+01
5.639953281992262646e+01
5.638013887632912713e+01
5.637872187829081128e+01
5.633994293892493488e+01
5.626642823559156170e+01
5.626742798168496762e+01
5.622361303545879707e+01
5.625729572799440348e+01
5.620041037428444497e+01
5.621198118033071722e+01
5.614491890351605008e+01
5.610609216772726171e+01
5.607313908646565892e+01
5.603989290049700145e+01
5.600362536627242349e+01
5.596737176129781943e+01
5.593160572393800578e+01
5.590581472921869732e+01
5.586927811183124248e+01
5.578853939357015435e+01
5.578404963277184692e+01
5.573721966999656985e+01
5.576559921675916343e+01
5.574475343943853289e+01
5.572642657347782347e+01
5.568780061001374548e+01
5.564308734877086948e+01
5.565935602391235903e+01
5.567687553109085030e+01
5.572700823826866667e+01
5.574561942690474581e+01
5.568449211683844169e+01
5.565340117345696314e+01
5.562591323375846741e+01
5.562270637299018716e+01
5.563144396336029729e+01
5.561577284363522011e+01
5.552483938891899129e+01
5.543161332903557081e+01
5.538234924028818540e+01
5.535199828931106225e+01
5.527216250357911775e+01
5.525725712135681533e+01
5.517534947183991534e+01
5.510875039101465944e+01
5.502356101986109138e+01
5.499886623217837212e+01
5.498035465493175167e+01
