3.080071531258710138e+00
4.438613391454083512e+00
1.442863995904190233e+00
7.831872916499378334e-01
1.434960150013523617e+00
1.755559847280221675e+02
2.990664856253573589e+00
9.162829025710183828e+01
1.747915118727884760e+02
1.681556365454427180e+02
1.657127475595406736e+02
1.596213451396942844e+02
1.555859264732364977e+02
1.493520577539853491e+02
1.390327555522408716e+02
1.389536075176988845e+02
1.397864684494256835e+02
1.433933093669739947e+02
1.417346681146788114e+02
1.359307291249638183e+02
1.331582970559669548e+02
1.394329169843823593e+02
1.310885470988810084e+02
1.261409287552726255e+02
1.274040631616478834e+02
1.282087769044134404e+02
1.349643195240301736e+02
1.254738726746272590e+02
1.210200834653304440e+02
1.255164168374921303e+02
1.282141810257553232e+02
1.292720358067786037e+02
1.257853040477799311e+02
1.174880690837886306e+02
1.235471651737002787e+02
1.211717949988781697e+02
1.218622241909511672e+02
1.125906954359010683e+02
1.139201266429826660e+02
1.151555797953273981e+02
1.112862629522383600e+02
1.161326710390346761e+02
1.210082301636230966e+02
1.203436745628130353e+02
1.174718104223342294e+02
1.106152059268375893e+02
1.128380883948586870e+02
1.191934122489852399e+02
1.177865815327211862e+02
1.111495175998783083e+02
1.107082564591471936e+02
1.101839223101337097e+02
1.105609851852119903e+02
1.178884277893509847e+02
1.158260426217662058e+02
1.198045074066860423e+02
1.138370663766240511e+02
1.138350731071362389e+02
1.119562615248573252e+02
1.116053511760164270e+02
1.135953471193950719e+02
1.104828392085107112e+02
9.900311114766272169e+01
1.002110351824047569e+02
1.037149541962768211e+02
1.009002775589526806e+02
1.014438077898425092e+02
1.035073178687027848e+02
1.051210820947439544e+02
1.049346080115836912e+02
1.041200389738519334e+02
1.048155124763861181e+02
1.023464433834571850e+02
9.907245836017875718e+01
9.631480667411031504e+01
9.664811904824841804e+01
9.915310619322160335e+01
9.753601973339739573e+01
9.643681083828123235e+01
9.885144459464102340e+01
9.760766916137771432e+01
9.939427278443608316e+01
9.846089618813745403e+01
9.773592260425591860e+01
9.528626721959541612e+01
9.344288646807656562e+01
9.428755396248183729e+01
9.803055477233270665e+01
9.042587096259795487e+01
9.072139240292322881e+01
9.007315158209522110e+01
9.552957881536771367e+01
9.570084247385010201e+01
9.356888298077751642e+01
9.133936011978762792e+01
9.570230060967512031e+01
9.196046483920351022e+01
8.818704024932357299e+01
9.215849174812518640e+01
9.295319917026988321e+01
9.517743485815913118e+01
9.399614994408428004e+01
9.488657404032232989e+01
9.545492419773529491e+01
8.969808701781153104e+01
1.000746218523030393e+02
1.008876757036885579e+02
9.728087785021742206e+01
9.591263197272010643e+01
9.614891108412855658e+01
9.180153307960964071e+01
9.206783370586786930e+01
9.373787133079029843e+01
9.624017624925974701e+01
1.011608048837302078e+02
1.007157367622523481e+02
1.062675471444702140e+02
1.032210536157285503e+02
1.005564748656818495e+02
1.009721550579953231e+02
9.636313551292958834e+01
9.910380813842637338e+01
9.610392500344070754e+01
9.714795136962766264e+01
9.565171772544836415e+01
9.547021039332646808e+01
9.852730366560371067e+01
9.717955379376583380e+01
9.312503542045327265e+01
8.552046917065621301e+01
8.305840745159531480e+01
8.142688592773366452e+01
8.368471658833257720e+01
8.079898539864269935e+01
8.131573137852440425e+01
7.877092271842118976e+01
7.917010190526274016e+01
8.807850574843033087e+01
9.129698764003998690e+01
8.577003366735074508e+01
8.400340434428724734e+01
8.994958784901510285e+01
9.154671115370864243e+01
9.255087346338054033e+01
8.862834662581597911e+01
8.084110028683610949e+01
7.944426546844510995e+01
7.729805658198081630e+01
7.454307201725798393e+01
7.772665926144004800e+01
7.366661072047077141e+01
7.030522814017567157e+01
7.468570984445173622e+01
7.449388119945585629e+01
7.629977688744568809e+01
7.731104275995977559e+01
8.150918125417948090e+01
7.938974856782034806e+01
7.854459702839011470e+01
7.511649156689563256e+01
7.570592102751655261e+01
8.099998710451542649e+01
8.095703007240487636e+01
8.307047783282290254e+01
8.355051014361144723e+01
9.141636139155143326e+01
9.330495750920520948e+01
9.229121698331366019e+01
8.956254398762348501e+01
9.250269930507886329e+01
9.090866190451062323e+01
8.418502012179735061e+01
8.475709445253200158e+01
8.345810392286171009e+01
8.482193695511703879e+01
8.267631023027715287e+01
8.354437659247395231e+01
7.752214003078012183e+01
8.209439786939053363e+01
7.673401425043138602e+01
7.913197852414739941e+01
8.226564124209836848e+01
8.508953968545523594e+01
8.935483322932755357e+01
8.950604008664328148e+01
8.549975468494187680e+01
8.443851595365427443e+01
8.326467577309530554e+01
7.905360973359994148e+01
7.970371546449094069e+01
8.063212413518051846e+01
7.411602380481643593e+01
7.002610630692450400e+01
6.774690189958472786e+01
6.947087360617824459e+01
7.570083434473012574e+01
7.512170243763029021e+01
7.551921945122683155e+01
6.974494624631812201e+01
7.179085068618458365e+01
7.292068855632345503e+01
7.080689766653648576e+01
7.349834594426883427e+01
7.063853532186830364e+01
7.780018946677488145e+01
7.757252093738036081e+01
7.508987864349192876e+01
7.122224080392507517e+01
7.036113832326626039e+01
7.648696140903399510e+01
7.665418238738384105e+01
7.375090133086500543e+01
7.076624521525781120e+01
6.875736997343838652e+01
7.307713131725971323e+01
7.147377919737793661e+01
7.476425240661588134e+01
6.974030849451084180e+01
7.122883888503693584e+01
7.092870746706140039e+01
6.693587463361441792e+01
6.347194177698615647e+01
6.297602347060856687e+01
6.738434680265814336e+01
6.520120692785596361e+01
6.493796859022516799e+01
6.550264493135721011e+01
6.502968288522619389e+01
6.460829936605418311e+01
6.437884504262038377e+01
6.338664135607139372e+01
6.721410483011554504e+01
6.659625609447087413e+01
6.436299664575486190e+01
6.121415513468804193e+01
7.200395867858982513e+01
7.312328740986920650e+01
7.616322580456004232e+01
7.856033440445742144e+01
7.621681507253302357e+01
7.893412049848613776e+01
7.200495271935359654e+01
6.898615591087327914e+01
6.848143432250704166e+01
7.117125695711469291e+01
7.332922123235395873e+01
7.067344703327002264e+01
7.204053133945811283e+01
6.986452322438225337e+01
7.232389666754485802e+01
6.906832137555336715e+01
7.346314422998554505e+01
7.777644051017566085e+01
7.922283782677594388e+01
7.732343836263622450e+01
7.201189999421184496e+01
7.453297659477722448e+01
7.247487236192544913e+01
7.104707859989180463e+01
7.275574533402367194e+01
7.535752714724517887e+01
7.433429485017097704e+01
7.601839032931235351e+01
7.660795808145445562e+01
7.416377150426822595e+01
7.438895402117069011e+01
7.425596863769261802e+01
7.662188981511174291e+01
7.726869040607782324e+01
6.938573973470413137e+01
6.796902004306822676e+01
6.647651665183160219e+01
6.826678218028418144e+01
6.990047023937411552e+01
6.836177431948355832e+01
6.843762510243456632e+01
7.671914388057381018e+01
7.901774381005949976e+01
8.438310551501807311e+01
8.445818604961601750e+01
8.262358485413794540e+01
7.686682063193349279e+01
7.417924970395050366e+01
7.921760171485908586e+01
7.744549098255598096e+01
7.573955278546809211e+01
7.556722148317861354e+01
7.303499812647527278e+01
6.907596849288255214e+01
7.192248953213093898e+01
7.290768004377996192e+01
7.404015373994263882e+01
7.066142856747644885e+01
6.709825137080056834e+01
6.865499891524551401e+01
6.873132120815348856e+01
6.748310800173199198e+01
6.888517537280480951e+01
7.201570058415802578e+01
7.514195038359635248e+01
6.772891479961721473e+01
7.078098266898973634e+01
7.359006285074642051e+01
7.191950663201764371e+01
7.051011892842727491e+01
6.328935564116005708e+01
6.399748530186435858e+01
6.435240568520725901e+01
6.383190888083956338e+01
6.424212677629941481e+01
6.300291926766104211e+01
6.249710459767734960e+01
6.030846369846376831e+01
6.051255695785381761e+01
6.083205510347723077e+01
6.206058389472713088e+01
6.682009387554805357e+01
6.318285993913207221e+01
6.340231138219283480e+01
6.630009291424326534e+01
6.462754372350843823e+01
6.070284160007754792e+01
6.160726031763779531e+01
6.393980229826473760e+01
5.954738922851821314e+01
5.423081330346948903e+01
5.924446694360328536e+01
6.306673751348721169e+01
6.456611196177375689e+01
6.642838831266335831e+01
6.619380259768843189e+01
6.132169548534031378e+01
5.984983461238847724e+01
6.141698874357579996e+01
5.819244757950693270e+01
5.780539604448347291e+01
6.281799417720729650e+01
6.378796999791188682e+01
6.172418094513240305e+01
6.608482557195324603e+01
6.138611963059641141e+01
6.455699975656601453e+01
6.117419076838628200e+01
5.853923222788439773e+01
5.705335052231107795e+01
5.536299349090383259e+01
5.651512542961516772e+01
6.079635448795094987e+01
5.825768710548790352e+01
5.419470533357794295e+01
6.244722311209811494e+01
5.943826513769738540e+01
6.029627352625871595e+01
5.831836747931403409e+01
5.803307272868946143e+01
6.602275592820973316e+01
6.463800812678958607e+01
6.209631306562627628e+01
6.319498229656066712e+01
6.571366772649055576e+01
6.544961580950345592e+01
6.367114837748307821e+01
6.227527900605682021e+01
6.121060368096904369e+01
6.521461340268818674e+01
6.344865269997050916e+01
6.112482023125636488e+01
6.569174358081498610e+01
6.036121125221019668e+01
6.097497344172815303e+01
6.004325332929926162e+01
6.110296386959377912e+01
6.197377424059797590e+01
6.264432932394164766e+01
5.912325323334057714e+01
6.313328977386431973e+01
5.982161111183357605e+01
5.873424104155482439e+01
5.725250892954244364e+01
5.160343684889173232e+01
5.433526480595286046e+01
5.215998470682357890e+01
5.211558246089596480e+01
5.670485340491454451e+01
6.172644460878944983e+01
6.012697499565754811e+01
5.560675724657612307e+01
5.859208032954755652e+01
6.059368465906996448e+01
5.841733488905126137e+01
5.983150154553247546e+01
6.318114551059058215e+01
6.622022886458141500e+01
6.486600951436058438e+01
6.627866512916463648e+01
7.317311149509680490e+01
6.975298162860900675e+01
6.823089534699842318e+01
5.953970716439353339e+01
6.038632684994752253e+01
6.147950246746552239e+01
6.341875919191107869e+01
6.222640705782764314e+01
6.140697262305725701e+01
5.822267920610009639e+01
5.937857069188984838e+01
5.958826632261444445e+01
6.176151212504699117e+01
6.159254633441450721e+01
6.106117339282496914e+01
5.858036527184010822e+01
5.594311299537483251e+01
5.386381880503680009e+01
5.776865047169117418e+01
6.053283947606512072e+01
5.685434362821506227e+01
5.726371774769616252e+01
5.571631574078590177e+01
5.352652511267186242e+01
5.597536683634392318e+01
6.180095516781487675e+01
6.207108838933569928e+01
6.399009602036187516e+01
6.088470722821374181e+01
5.855541088462129551e+01
6.078059231545272212e+01
6.242433767351076312e+01
6.483646240749929746e+01
6.735714287990629145e+01
6.416705455580988371e+01
6.257957208905551738e+01
5.958131086790686481e+01
5.488781734763314546e+01
5.041390022966098172e+01
5.011609286647095018e+01
5.254039592515668744e+01
5.112058923510483055e+01
5.130463699859333815e+01
5.151814095372438373e+01
4.824566378287917701e+01
4.606140507575196352e+01
4.613517341021068319e+01
4.675966526643375687e+01
4.636220711442084053e+01
4.407184703576430707e+01
4.739639960847898692e+01
4.249187795511184618e+01
4.439878928356480969e+01
4.675860892466926089e+01
4.715820379364691917e+01
4.838063535220015865e+01
4.844118983744505158e+01
4.379029112382858102e+01
4.408438199027082760e+01
4.407774331430411507e+01
4.594038579468718808e+01
4.546141744936142004e+01
4.706247500044696608e+01
5.283049482868653968e+01
5.065885127329909210e+01
4.838739395021366363e+01
4.489262834746756425e+01
4.583790770390814373e+01
4.782889519561916813e+01
5.259185646525672553e+01
5.960629511541937120e+01
5.493844451669149009e+01
5.465659680042251978e+01
5.277382184287665723e+01
4.788635329640996474e+01
4.713960524995420087e+01
4.751476191178900876e+01
4.675467771808848738e+01
4.625579401590616158e+01
4.655830188248918944e+01
4.360886276732333044e+01
4.492040708865795295e+01
4.715294124295940037e+01
4.997112239253536359e+01
5.033241312744016227e+01
5.186987080959053742e+01
5.064834539331684482e+01
4.782010244631192108e+01
4.682983839856572672e+01
4.833188997162261558e+01
5.463163868256563660e+01
5.519483801236785325e+01
5.471995304969955498e+01
5.325798875610624350e+01
5.491231020181903943e+01
4.957946423922467716e+01
4.822870483977703771e+01
4.895448841243623406e+01
4.724329954316110047e+01
4.860342454511240362e+01
5.293133055222838834e+01
4.938649839028224164e+01
5.021696646555088250e+01
5.473641651267872987e+01
5.832447540808422559e+01
5.708340824488459475e+01
5.300228693585943063e+01
5.257015413480756649e+01
5.495455353236211238e+01
5.552886061582228194e+01
5.154607890040080065e+01
5.019330013412064773e+01
4.761880338981450222e+01
5.066203761671587813e+01
5.306414462264811505e+01
5.848355497715225226e+01
5.698407015846190404e+01
5.535452897872100664e+01
5.657381019362244956e+01
5.653791821547790164e+01
6.045789832276763320e+01
5.541905159348326038e+01
5.459675852011355346e+01
5.433506411850045481e+01
5.800056784497537876e+01
5.616429174808540381e+01
5.881542704283114631e+01
5.696509734727997909e+01
5.474039063227321833e+01
5.754095326596799964e+01
5.679005535116287717e+01
5.977071614612458461e+01
6.480647287236863008e+01
6.240923741678034276e+01
5.580083460338252621e+01
5.832896493874062571e+01
5.653005554263219778e+01
5.422581188689559895e+01
5.196870454717927146e+01
5.998606808877690355e+01
6.320599505056023304e+01
6.245326919581830794e+01
5.876410847387528236e+01
6.137926494669758881e+01
5.963460815535873394e+01
6.079984089631032873e+01
5.690502743573536293e+01
6.157132552095552569e+01
5.819390418881651783e+01
5.635340888565666262e+01
5.026930357832631557e+01
4.798301334907228011e+01
4.901426548377330050e+01
5.399842852522127146e+01
5.380334814562135648e+01
4.821825839662145086e+01
5.003402762303039708e+01
5.018951013270003614e+01
5.029303729593419803e+01
4.603826483820481030e+01
4.533620734415140419e+01
4.638265220627806684e+01
4.678317064236097167e+01
5.249933695557960789e+01
5.347214056851997555e+01
5.593009614815213126e+01
6.070250923681123822e+01
5.946487932363623941e+01
6.089495617130323524e+01
5.483146281777744946e+01
4.969805490250493563e+01
4.947708458510308560e+01
5.293857512127416953e+01
5.387195855182245907e+01
4.990465384492091516e+01
4.512540290091843076e+01
4.082357133296522989e+01
3.888326531912503015e+01
4.009781393013639672e+01
4.167384708563372442e+01
4.494908629957754442e+01
5.091561685180545282e+01
5.001806858176149717e+01
4.645944974303620256e+01
4.890636248845243017e+01
5.100057069142994237e+01
4.973084203940553039e+01
4.465695209616271200e+01
4.603088375213624772e+01
4.393871221950905692e+01
4.888098364874991830e+01
4.889719285066280463e+01
4.731345815572075253e+01
5.067919906580522138e+01
4.519951331483426316e+01
4.487534095414804369e+01
4.386590205378067253e+01
4.160175344240511208e+01
4.429568350927635834e+01
4.300091096752254316e+01
4.479058222251907750e+01
4.624878753127853770e+01
4.916359289798657528e+01
5.249673931021372653e+01
4.611142047933648769e+01
4.939257449630397900e+01
4.647698129735718453e+01
4.738187364075164965e+01
4.698724886283332580e+01
4.735178002755927196e+01
5.135857960204111805e+01
5.251215067129845693e+01
5.537462754611753724e+01
5.320892820328562323e+01
4.634547724632602694e+01
5.214863079099778531e+01
4.542546974109211533e+01
4.356804745695814063e+01
4.452646915189515653e+01
4.572260342894986707e+01
4.710599572026453075e+01
5.039381552364770300e+01
4.646461607411603723e+01
4.380176334416009354e+01
4.370832520918781938e+01
4.717212358595412525e+01
5.124244560992138986e+01
4.582774864272261084e+01
4.608572471711084972e+01
4.385783932173572452e+01
4.378288213586554889e+01
4.053032278952372280e+01
4.305024799244768019e+01
3.855484643351533691e+01
3.807245457203384831e+01
3.694017845157185320e+01
3.818090816272535903e+01
3.976111800086459880e+01
4.183458608250600719e+01
4.092494372872607755e+01
4.308182442014484081e+01
3.943881470080691543e+01
4.252910244220578306e+01
4.388713674159538414e+01
4.171337601521028660e+01
4.016880607091400179e+01
3.982611216165045676e+01
4.207538470525264529e+01
3.922598290978629620e+01
4.133520587787805312e+01
4.291696803005410743e+01
4.644635917821767634e+01
4.240565028803194991e+01
4.847759955757979355e+01
5.188915868699376688e+01
4.994191343953755791e+01
4.773129953815885074e+01
4.891492928303159715e+01
4.778510913873464006e+01
4.987646690929980764e+01
5.408827884839601552e+01
4.763026865858176961e+01
4.686702108452041671e+01
4.565289668025673109e+01
4.217732340067635732e+01
4.398242849443593627e+01
4.562690132243699281e+01
4.662919652473701149e+01
5.027862740983647427e+01
4.823918012000035560e+01
4.213265603834790340e+01
4.444263649686800477e+01
4.338878836666359007e+01
4.252812897858041197e+01
4.040573969297241774e+01
3.682363500946613044e+01
4.336529745037188377e+01
4.403830103145421049e+01
4.532705082042750178e+01
4.319079802988039773e+01
4.301651688438579413e+01
4.285186435605552902e+01
3.850964578275545591e+01
4.202272683332304837e+01
3.356407326026615578e+01
3.795086717283285793e+01
3.699870714155750306e+01
3.768557503057726876e+01
3.570676943370085610e+01
3.629192704147496329e+01
3.329782998292432694e+01
3.207515568629784752e+01
3.655743605491295511e+01
3.801202004545382351e+01
4.024443229007837886e+01
3.711242693973576934e+01
3.846666908491880577e+01
3.952868196415764146e+01
4.287367932546584370e+01
4.282453783202083741e+01
4.095724418053123372e+01
4.456363243370094551e+01
4.339453551843726586e+01
4.211700768166758735e+01
4.447452262421722935e+01
4.718456757805353163e+01
4.728465105284689685e+01
4.687775559813104564e+01
5.030178026930036594e+01
5.029154144874087251e+01
5.334774391335295718e+01
5.083982495046677741e+01
4.854373569150268963e+01
4.702631379922365795e+01
4.331112520065937588e+01
4.303839713557121627e+01
4.366267123255798310e+01
4.149717544383116774e+01
3.854626628372429309e+01
3.847134521339316393e+01
3.698524353333371550e+01
3.503442303486210108e+01
3.730807425006184985e+01
4.161391564108771490e+01
4.390172346943538173e+01
4.352960570293021192e+01
