8.478960372422113778e+01
8.474479622418819247e+01
8.513662834784685174e+01
8.570045487773006698e+01
8.672767870359753317e+01
8.678427369572413852e+01
8.609980632156631941e+01
8.741829577995612510e+01
8.661356607745656788e+01
8.313927711822725541e+01
8.223654544205622585e+01
8.224826626777067418e+01
8.119684183331405336e+01
8.016092058208808169e+01
7.953323922484294428e+01
7.892356230023563057e+01
7.828041895546257933e+01
7.766368211629372809e+01
7.709754032189735540e+01
7.665012283122052850e+01
7.631597031700276546e+01
7.600631441472040706e+01
7.577664918022622942e+01
7.551177838943479514e+01
7.496984953088063719e+01
7.474000540542820659e+01
7.455204698001908525e+01
7.415324109092354377e+01
7.380092148476254010e+01
7.358890930997887381e+01
7.327389093596067937e+01
7.298514929288481312e+01
7.263579132454862020e+01
7.243288104921047932e+01
7.217113622012442420e+01
7.184491637598274849e+01
7.159356583043413025e+01
7.142466156307298775e+01
7.116920419251205487e+01
7.083689439316435710e+01
7.044053191929565116e+01
7.011932607844688903e+01
6.996611706167948341e+01
6.976315087721016539e+01
6.956394629950840169e+01
6.934613691982299599e+01
6.915383240403861009e+01
6.880852019353267224e+01
6.862427512357085391e+01
6.848580559664458178e+01
6.815489257663513456e+01
6.797200909697595250e+01
6.774118349872352951e+01
6.750073903049320734e+01
6.722761135547996503e+01
6.711186985694892826e+01
6.695661957253017249e+01
6.683629347228109907e+01
6.660680603214838413e+01
6.642391819699020061e+01
6.621073563720126742e+01
6.605702551676932899e+01
6.564528095656109485e+01
6.555889069712810624e+01
6.550240761387037480e+01
6.532936273949249539e+01
6.516724735477453123e+01
6.494255798442264904e+01
6.480219926109678852e+01
6.461550420318360466e+01
6.447270745330030195e+01
6.428094694859380809e+01
6.403486218469946323e+01
6.402190120077123936e+01
6.379353028505526169e+01
6.369368797003983218e+01
6.369773385613454764e+01
6.364224317850690227e+01
6.347261254683933629e+01
6.319345340869480765e+01
6.302741923466445684e+01
6.299197142440352337e+01
6.293263626111940567e+01
6.284626418117538549e+01
6.271384264315837243e+01
6.261045800541933204e+01
6.255815475524780567e+01
6.251288407460290131e+01
6.237403719320769824e+01
6.221286429660054296e+01
6.201435063325865826e+01
6.190836640926351464e+01
6.174778697566542718e+01
6.157035487802481555e+01
6.154929667920877279e+01
6.147749497175473010e+01
6.140113593860082375e+01
6.135951994017641198e+01
6.135107636691778765e+01
6.128623242500012935e+01
6.099791331697629460e+01
6.071545082969348073e+01
6.061233133802619477e+01
6.049589987986334449e+01
6.036032796754089702e+01
6.031483468206835141e+01
6.015567289572584286e+01
5.996417947531967485e+01
5.995996160311207746e+01
5.989014047959575038e+01
5.972082756290345884e+01
5.964793335853382672e+01
5.941399386949191097e+01
5.931387262085077339e+01
5.925211956435639138e+01
5.921363798638146392e+01
5.918771091745259838e+01
5.923665996269759404e+01
5.923560490596862138e+01
5.906430138497068327e+01
5.899577461844373261e+01
5.891278016641958004e+01
5.888307566907381130e+01
5.896279021842431689e+01
5.898111778165760910e+01
5.879735375508045792e+01
5.859434319882019082e+01
5.840766997142518591e+01
5.824277854094029294e+01
5.812237116113519875e+01
5.792501895802909218e+01
5.796115314112905281e+01
5.798820720363048054e+01
5.786739993887648836e+01
5.769551872817765314e+01
5.759913480846362432e+01
5.744602043128970337e+01
5.745539705113695561e+01
5.728505375417027068e+01
5.720953231799975924e+01
5.712895299878157118e+01
5.706872271664499152e+01
5.703895981660168246e+01
5.694672482367404598e+01
5.678915108652985566e+01
5.677577085095899889e+01
5.656199890830261268e+01
5.651479419439613849e+01
5.648970024827377756e+01
5.640342275791754645e+01
5.637555534505168708e+01
5.634192542366102430e+01
5.628544237064199507e+01
5.627045030028653372e+01
5.612775918778072537e+01
5.610392446647871623e+01
5.609162762090016230e+01
5.606427054154736567e+01
5.593346242242603239e+01
5.580929668764321860e+01
5.563538788322196638e+01
5.558990013635503402e+01
5.563429610183063545e+01
5.553124508738839182e+01
5.539540883422066031e+01
5.522529979305559067e+01
5.509970353108564467e+01
5.508769990106942771e+01
5.507094207817619491e+01
5.492501061662094486e+01
5.487413609317467689e+01
5.471342734039603783e+01
5.460617112083863844e+01
5.443463525254075108e+01
5.447415638282095074e+01
5.438026030761779595e+01
5.439841249132786061e+01
5.433083732950002087e+01
5.433891619003478013e+01
5.435732037440858733e+01
5.430146761286601276e+01
5.425878376051762331e+01
5.409228384507224519e+01
5.398673620309025978e+01
5.400465006299006632e+01
5.399719537206301823e+01
5.393409095129257480e+01
5.388387491263996054e+01
5.379511791577192525e+01
5.384686097878321220e+01
5.388075236639699028e+01
5.371306366816238409e+01
5.379028085278618221e+01
5.382386468595622375e+01
5.370657381066401825e+01
5.365823479974856269e+01
5.362083360073831528e+01
5.360104738389507872e+01
5.345595767843282431e+01
5.334279629629140373e+01
5.337266402894763928e+01
5.333282320562169332e+01
5.312752451914865048e+01
5.309456563492613412e+01
5.306364187851859526e+01
5.294120888104973233e+01
5.279108293579962208e+01
5.285997361625381785e+01
5.280835348123250839e+01
5.250396992167361532e+01
5.237382204055866453e+01
5.240431391360036883e+01
5.235524370821839568e+01
5.232209746800400296e+01
5.238337009686014056e+01
5.230878085953165169e+01
5.231172384740202119e+01
5.242341777578633355e+01
5.221961108844598698e+01
5.208838125057631174e+01
5.200114020885597199e+01
5.190599252221461768e+01
5.197907835370104834e+01
5.207545134703354961e+01
5.191997210038556432e+01
5.182719727209706662e+01
5.176272062711150568e+01
5.175171145355736257e+01
5.179593694043897756e+01
5.167133469498781295e+01
5.166122625995087958e+01
5.174482449679637597e+01
5.160610611424377936e+01
5.154603551357210023e+01
5.164099178820551828e+01
5.160213864644479287e+01
5.159606101088572672e+01
5.151281929319797825e+01
5.133900042247547901e+01
5.133981084561396813e+01
5.125516765467797597e+01
5.116227135819548977e+01
5.122021556928361719e+01
5.105310073984713881e+01
5.107785814772044120e+01
5.104183837446593230e+01
5.090979669129178831e+01
5.089304911926572572e+01
5.089699291945765225e+01
5.088314805779427275e+01
5.090695674135082527e+01
5.075860402461082543e+01
5.072737680894311296e+01
5.073063418675842939e+01
5.073887623651730649e+01
5.073801692451225165e+01
5.074278687984365632e+01
5.074676121999446821e+01
5.073968117885125650e+01
5.087660449237693427e+01
5.082832061879283714e+01
5.066125181077809003e+01
5.052286335805528950e+01
5.052206763978544046e+01
5.068117106986157694e+01
5.055758544006940269e+01
5.048535815648705238e+01
5.044042227230175257e+01
5.047224089671167491e+01
5.043046761943894296e+01
5.032258062127677078e+01
5.031039177833512355e+01
5.010171864269869957e+01
5.004819578523371604e+01
4.997584653626824291e+01
4.985616378442178132e+01
4.987447235942796908e+01
4.973964220911089029e+01
4.966226546498163685e+01
4.969863337970728168e+01
4.953914139142892026e+01
4.944497775882763335e+01
4.950442236290209763e+01
4.954626183613392953e+01
4.956635921761026964e+01
4.955110386879585604e+01
4.954285421475719886e+01
4.953686661447867579e+01
4.941135763930657987e+01
4.939589968345352133e+01
4.930478586205141767e+01
4.923410044302677591e+01
4.929582538629369992e+01
4.919546520297797798e+01
4.906298346628159379e+01
4.917068483368568366e+01
4.917052418963656635e+01
4.915067208509500318e+01
4.915645441425202478e+01
4.906605560167376012e+01
4.907738826048934300e+01
4.920723349845503236e+01
4.906943359530937698e+01
4.890812715151711387e+01
4.900030038214719497e+01
4.877311525140120807e+01
4.874528160860962345e+01
4.857975876404840676e+01
4.852535975569884386e+01
4.831041295625551157e+01
4.848984723179046341e+01
4.853367761475868036e+01
4.849328601243128389e+01
4.842413050551808595e+01
4.824813277185518245e+01
4.819332786451343509e+01
4.824623771632697355e+01
4.818072610966573421e+01
4.809671947525871616e+01
4.806034224863822857e+01
4.791860079138763240e+01
4.790296840156451452e+01
4.789796374206365215e+01
4.812538571505922391e+01
4.809017174334718447e+01
4.811023047160849586e+01
4.811137277592999340e+01
4.817800513343432556e+01
4.818337493099824798e+01
4.810031136482939473e+01
4.805456939718340692e+01
4.790414507779797049e+01
4.788271003995299679e+01
4.811878593790101633e+01
4.813530265622799931e+01
4.794202878832998493e+01
4.790089717322958052e+01
4.791311015358328973e+01
4.791872970278942034e+01
4.788469101006432993e+01
4.783356931480963681e+01
4.770760273300397358e+01
4.767414839306002250e+01
4.769610724553474768e+01
4.765741983821231287e+01
4.768267072689273789e+01
4.750320770662415271e+01
4.752026404274496230e+01
4.758176050662672907e+01
4.741108920831669593e+01
4.739800578865281011e+01
4.736890389520203115e+01
4.750263580828545429e+01
4.747919820627870990e+01
4.741768356371365201e+01
4.719438027404028446e+01
4.719116061837393516e+01
4.716966295996184755e+01
4.724208959064071678e+01
4.716218159229176621e+01
4.717288099801696433e+01
4.718347234608064156e+01
4.718652301613808220e+01
4.716781037201432270e+01
4.713039676162443925e+01
4.710339495423659173e+01
4.696476753510088287e+01
4.684507416757374187e+01
4.671577423377470240e+01
4.683573323286842793e+01
4.684682410985167422e+01
4.688034668119064463e+01
4.684274904581229748e+01
4.685140650822542341e+01
4.685902860830019279e+01
4.667056108989353902e+01
4.655258249891869582e+01
4.653714852479295416e+01
4.653246029797630001e+01
4.631350796373129697e+01
4.632546358083861548e+01
4.646547978255473765e+01
4.631833569064690437e+01
4.625813203124427275e+01
4.619342860382189997e+01
4.620674468804961776e+01
4.616375118126224919e+01
4.612226357998087423e+01
4.609915984800034749e+01
4.584399285432770199e+01
4.584586654741323741e+01
4.587363148115856859e+01
4.587004312983212628e+01
4.590537354704653694e+01
4.583741997672204604e+01
4.585827569123337355e+01
4.566774110806504439e+01
4.567366218519799759e+01
4.574175201462424667e+01
4.588908276472874093e+01
4.591430687132487520e+01
4.591213072393788508e+01
4.584730394484907379e+01
4.590365431971955701e+01
4.573142041822580239e+01
4.591931970469815383e+01
4.576582026485847621e+01
4.586812897433967606e+01
4.591960137188036128e+01
4.589857578921371584e+01
4.585771300054881294e+01
4.572985112198304591e+01
4.553707573027019606e+01
4.559270189063061451e+01
4.565059980801863304e+01
4.563950502152033550e+01
4.546399380942828117e+01
4.526639965303507296e+01
4.529068790224393126e+01
4.514098322470398017e+01
4.527575835518869951e+01
4.525155399373218046e+01
4.509786177082959568e+01
4.507536846259998953e+01
4.503376647762806329e+01
4.489209827806969599e+01
4.487959951846890760e+01
4.489235884438659241e+01
4.474867424822119943e+01
4.489414963461036479e+01
4.492030750899191816e+01
4.477840882031421899e+01
4.473152458543557231e+01
4.467242477555986113e+01
4.471400516390002622e+01
4.465973517237972601e+01
4.468368856600370265e+01
4.470992456312490049e+01
4.466539262655996367e+01
4.454891943621717587e+01
4.435608185736303000e+01
4.436119033584999016e+01
4.431737837453818685e+01
4.428650836830132675e+01
4.425504771976270746e+01
4.428136241775100501e+01
4.438784797338472288e+01
4.431891996421565949e+01
4.417761583743058651e+01
4.411114742141493394e+01
4.391779292720093508e+01
4.387799116849421921e+01
4.375599894194277084e+01
4.399701718961372165e+01
4.398146523587136159e+01
4.393662071769901445e+01
4.379418210710649362e+01
4.376576064511193209e+01
4.376176583643812990e+01
4.369405512436340189e+01
4.371440570870721132e+01
4.368822387194013857e+01
4.355937073235449475e+01
4.354419681941446640e+01
4.353768268280833809e+01
4.349583620742627943e+01
4.332993735069332786e+01
4.331013437727047943e+01
4.349811780830522423e+01
4.345054855111208525e+01
4.350226294012079364e+01
4.335419325115227451e+01
4.337230144063857296e+01
4.334091336691944463e+01
4.309398111076920657e+01
4.309707403352052779e+01
4.310824800823419167e+01
4.314184078358834284e+01
4.308020792321950410e+01
4.312703914964395580e+01
4.310080640415324638e+01
4.312738275131965082e+01
4.309568780931557086e+01
4.308406174095105001e+01
4.305559219868982979e+01
4.292388549645333740e+01
4.281128168294621616e+01
4.280811275248038328e+01
4.288720846675075649e+01
4.284940359010094113e+01
4.286105018413210388e+01
4.279513687164445201e+01
4.269838364127148367e+01
4.268466905652909560e+01
4.268895599527157003e+01
4.273904988801558602e+01
4.285532115204516401e+01
4.279274473024193526e+01
4.273711406209258001e+01
4.271398053483423496e+01
4.262134688571048002e+01
4.255139486019593420e+01
4.250464653888893451e+01
4.264855625171308873e+01
4.251666822663980838e+01
4.247745434701612766e+01
4.250011174793405644e+01
4.231654935375507165e+01
4.249523405834046486e+01
4.251504724553778658e+01
4.235756751741445214e+01
4.242899356819872025e+01
4.254213281026810023e+01
4.248082304962525058e+01
4.233113817354069397e+01
4.243298894623956130e+01
4.228358737925978517e+01
4.224365956138278477e+01
4.208749496054914374e+01
4.207249285866390665e+01
4.215304473867766433e+01
4.217008334968817707e+01
4.232812622652082268e+01
4.214881798506888799e+01
4.210777601643310675e+01
4.221160666861059241e+01
4.203008245407124122e+01
4.191964806671906985e+01
4.193829605147053741e+01
4.208401505273543108e+01
4.192215744734215122e+01
4.206106688790037396e+01
4.202566298591874983e+01
4.190691251334023804e+01
4.188516427426020527e+01
4.170677423816910334e+01
4.175584313020016225e+01
4.172587184627575851e+01
4.174000770506533797e+01
4.182512132170810304e+01
4.180033237367168653e+01
4.172276998790083979e+01
4.180202255194688377e+01
4.171396154897484365e+01
4.176481904007821555e+01
4.173569128718585830e+01
4.154503242793990836e+01
4.157867278044740544e+01
4.159996876816386191e+01
4.158287293042485544e+01
4.157097099997385214e+01
4.154086912742927495e+01
4.153703373018974077e+01
4.139211106264009032e+01
4.124088889946567349e+01
4.135835530200341026e+01
4.138766491804022962e+01
4.118456145347043673e+01
4.133666805459246518e+01
4.113846089775348247e+01
4.112878673776902616e+01
4.112169509188515804e+01
4.107952275497002148e+01
4.106795001673232548e+01
4.108036459447698974e+01
4.102584707954152776e+01
4.096370475072571793e+01
4.087948988930237704e+01
4.069258495519656549e+01
4.086568493694255011e+01
4.091040812084560230e+01
4.081447842376726243e+01
4.091082739681551317e+01
4.074608389856082624e+01
4.075976307075590199e+01
4.072621001940880348e+01
4.065264373707351808e+01
4.065653917441966314e+01
4.072651380623366890e+01
4.085582001139193409e+01
4.075779972214245817e+01
4.076682397584224304e+01
4.087680752577512777e+01
4.088814825161335875e+01
4.089119052624248951e+01
4.088435744958157869e+01
4.072909456873285450e+01
4.070131278449041190e+01
4.071130943320633833e+01
4.073165354180770237e+01
4.069382572975403178e+01
4.073214051671502745e+01
4.071810806759589951e+01
4.053752434544897909e+01
4.063047903219424484e+01
4.071805555374906760e+01
4.068995481512747148e+01
4.081738616673473530e+01
4.078510340142565838e+01
4.078161963055310224e+01
4.055445320054936076e+01
4.053394225870277978e+01
4.049597011909679622e+01
4.041891633477250423e+01
4.052604703999107016e+01
4.034830384166508566e+01
4.034906297921929053e+01
4.021697773541328047e+01
4.018175676486445269e+01
4.017219942200278382e+01
4.017307320948793148e+01
4.019285513637113638e+01
4.000937920766442346e+01
4.006024555706062529e+01
3.992102122175244716e+01
3.996766956317616604e+01
3.997858753016674882e+01
3.993594966260691592e+01
3.994374591231837002e+01
4.010129755553443687e+01
3.992979589100639970e+01
4.008363729192233649e+01
3.994257248179956576e+01
3.978323190769916096e+01
4.001549981192242456e+01
3.998553428370816221e+01
3.985142350984569504e+01
3.970413440106993619e+01
3.970143350601211552e+01
3.970791430809904199e+01
3.975633238164130034e+01
3.957918326405410170e+01
3.955999877781898277e+01
3.952039849633980140e+01
3.954077912809269435e+01
3.955869557904187417e+01
3.951241704278506717e+01
3.938015615437402772e+01
3.930136726710588846e+01
3.939627040789108747e+01
3.927472940336301832e+01
3.928275789088335301e+01
3.928613988668469403e+01
3.937434342113822794e+01
3.926420259399460377e+01
3.926872478577930536e+01
3.924474307820741359e+01
3.927506098164968762e+01
3.929105838733757849e+01
3.923334791277861910e+01
3.924337396657287513e+01
3.907893988634786808e+01
3.909167119297617887e+01
3.909865943908971531e+01
3.908839479633386560e+01
3.908181176028002568e+01
3.902959383578266284e+01
3.900870860620258895e+01
3.883812905100440105e+01
3.883450605363454855e+01
3.875476457181490275e+01
3.862323160097736263e+01
3.850952708760479481e+01
3.869223035733308080e+01
3.869188975639815453e+01
3.872592234268804390e+01
3.872801459191329343e+01
3.868543179863257109e+01
3.862905159288192891e+01
3.870608062672572203e+01
3.878305613668828045e+01
3.877033477027363517e+01
3.873317281665163847e+01
3.871273492070893951e+01
3.869942695527991106e+01
3.869300092191678431e+01
3.866534056415986953e+01
3.854026316722065815e+01
3.856572778507676702e+01
3.852414252784182480e+01
3.837172247369566946e+01
3.841336482283877984e+01
3.861343795385906219e+01
3.859927731735653822e+01
3.839684564865729044e+01
3.853239230062946064e+01
3.870328469669426852e+01
3.861553106431822613e+01
3.864067197265063669e+01
3.847754025024696745e+01
3.827056146497725564e+01
3.832828404574225090e+01
3.835509942753702006e+01
3.835249633775291045e+01
3.834700821369869317e+01
3.831960938090020363e+01
3.852785121875216134e+01
3.833220217491489734e+01
3.850148958412888334e+01
3.832889380235545929e+01
3.829578736997562771e+01
3.832618369870019848e+01
3.832379361447795674e+01
3.829349969393157949e+01
3.828818861005254348e+01
3.827415201160614799e+01
3.826973211870971170e+01
3.824749282190878574e+01
3.826735825961797133e+01
3.838852265731208746e+01
3.807390497879093516e+01
3.808969270334505097e+01
3.809159440552878095e+01
3.808966703708350821e+01
3.809152391496134982e+01
3.830077411883215888e+01
3.813806486143325714e+01
3.816383446805497215e+01
3.811183940867744013e+01
3.810917324216350011e+01
3.815568952805648451e+01
