9.165051680175230331e+01
9.067906201879267769e+01
9.194303590459821862e+01
9.391571225194525141e+01
9.220184419880888527e+01
9.011375229451527957e+01
9.079029188671884754e+01
9.009953287250272069e+01
9.049962700395768422e+01
9.302669195744343256e+01
9.365223092692880869e+01
9.455275817280769957e+01
9.516061873570211560e+01
9.620694433063320616e+01
9.690316297170082294e+01
9.751749357384285588e+01
9.789475865374384966e+01
9.828028549361626176e+01
9.884836330036954166e+01
9.918649165106242549e+01
9.930898242930953757e+01
9.968570597092350738e+01
1.003073818274804694e+02
1.007010234920698650e+02
1.008610176966546703e+02
1.011062098610287023e+02
1.012572256392007546e+02
1.017247071129838929e+02
1.020995434702671076e+02
1.023718449993547921e+02
1.026577906618870486e+02
1.028987896446434291e+02
1.032782242543009943e+02
1.035624827479402228e+02
1.036504112766503738e+02
1.038339722742567091e+02
1.040858734947020139e+02
1.042929706191054890e+02
1.045295376526091786e+02
1.047127844152892351e+02
1.049235267992742280e+02
1.052350910685574803e+02
1.053870547518418448e+02
1.056614763299737092e+02
1.059130254527736952e+02
1.061268004702237846e+02
1.063475013800520941e+02
1.064534281283434183e+02
1.066038353084851735e+02
1.069040813275396573e+02
1.070342382331049009e+02
1.072712845200461089e+02
1.074383002456663121e+02
1.075343758258747897e+02
1.077895324595907738e+02
1.078420603077888984e+02
1.081785560594669846e+02
1.082537515586586778e+02
1.085476604167564716e+02
1.089068285208196585e+02
1.089813002888540012e+02
1.092907138550675370e+02
1.096010789024947485e+02
1.097238709931247342e+02
1.097684400231448905e+02
1.099754946324600127e+02
1.102940562894395811e+02
1.105156040224352836e+02
1.108570346045666355e+02
1.110257469066969804e+02
1.112665812091166515e+02
1.114494811542343626e+02
1.115731268421228179e+02
1.118002010883736119e+02
1.119615561049408967e+02
1.120643779668364033e+02
1.120800761849612144e+02
1.121831948529933953e+02
1.122990819096361577e+02
1.124357094285918777e+02
1.126093881858215440e+02
1.126029631949526930e+02
1.127376008285108782e+02
1.127955328771083572e+02
1.129891076733037494e+02
1.131765942885861875e+02
1.133011699733814197e+02
1.132585650839355935e+02
1.134583460967803603e+02
1.134904682760003993e+02
1.135612011466522091e+02
1.136229610670250594e+02
1.137401000231066490e+02
1.139861838579841020e+02
1.141516127269090930e+02
1.142277214846992024e+02
1.143142448586071680e+02
1.145025872773940563e+02
1.145451434850993166e+02
1.145856411474958492e+02
1.146816404739311395e+02
1.148775213942969060e+02
1.149138191073000712e+02
1.150632227728064976e+02
1.152717747740019689e+02
1.151843588963279217e+02
1.152638682182237631e+02
1.154527510727910453e+02
1.155935000990495496e+02
1.156554033887714041e+02
1.158378796949021137e+02
1.159824045186258417e+02
1.160732470064339452e+02
1.161078797650929886e+02
1.161227432193784210e+02
1.162841136004510645e+02
1.163639495946109292e+02
1.165793669129454457e+02
1.167641138761530613e+02
1.169732488376559303e+02
1.170721287465012210e+02
1.171213330965483976e+02
1.173740155647465286e+02
1.174720931559286754e+02
1.175747604431171851e+02
1.176480309612518909e+02
1.176901287385811656e+02
1.177288760149000950e+02
1.177981625225578313e+02
1.180395598171868841e+02
1.181502733820962447e+02
1.181974197036908834e+02
1.181634195332586188e+02
1.182014398115488802e+02
1.182965445611696396e+02
1.184283287235723208e+02
1.184408297103165637e+02
1.183422900037542149e+02
1.184273545435937649e+02
1.185833531851379519e+02
1.187838115402062300e+02
1.187692192654008778e+02
1.187314234842319109e+02
1.187564010587499013e+02
1.188771663741984810e+02
1.191289487560979836e+02
1.193909551769298076e+02
1.194698552854307962e+02
1.195799301444103406e+02
1.195593952034456038e+02
1.196850750822850813e+02
1.197468628898110126e+02
1.197287100633626267e+02
1.198031952065174437e+02
1.198795690017627891e+02
1.199746053933132970e+02
1.201028400097881530e+02
1.202050240729111010e+02
1.204037707077239645e+02
1.205523574858090967e+02
1.206064140758162324e+02
1.206529125124942112e+02
1.207574120958777684e+02
1.208029195992785532e+02
1.208492190933417589e+02
1.207931124316277618e+02
1.208490687220383393e+02
1.209363074266978089e+02
1.209359886512094135e+02
1.210108386685540012e+02
1.212205539305150381e+02
1.214023103275580695e+02
1.214964724283367588e+02
1.216418655360074865e+02
1.216367727703830042e+02
1.217292239654648540e+02
1.218242267103940577e+02
1.219352693239202949e+02
1.220171902899282372e+02
1.221524982973525226e+02
1.221326500333599370e+02
1.221925825200862903e+02
1.222238981816129950e+02
1.222835128220376930e+02
1.223964703651338084e+02
1.225057534198582374e+02
1.224730299737840369e+02
1.226456258583385903e+02
1.227348289619741450e+02
1.227903477755972119e+02
1.228397745789774120e+02
1.229856883496126869e+02
1.231703312318780092e+02
1.232031914154961356e+02
1.231711980120961556e+02
1.230949452087359504e+02
1.232210165514534737e+02
1.233711400457729894e+02
1.234744246634974161e+02
1.234233509195873779e+02
1.234646756895843680e+02
1.235332793888099161e+02
1.235231321084562950e+02
1.236476553225305821e+02
1.235135177537526658e+02
1.235260827580239891e+02
1.236285345206276673e+02
1.236664013368034034e+02
1.237459886938195410e+02
1.237808751177782227e+02
1.239312011897648347e+02
1.239843624944350751e+02
1.241058605315648578e+02
1.241464873309920733e+02
1.241397926655412078e+02
1.241949968080700160e+02
1.241926547546785287e+02
1.242892647970313362e+02
1.242785000442600278e+02
1.243341894335306392e+02
1.244197461399702007e+02
1.245668992151842076e+02
1.246950600690559696e+02
1.247072377318301193e+02
1.247098727175992821e+02
1.247340856009572860e+02
1.247208947245660511e+02
1.247220993211670645e+02
1.247614215113380851e+02
1.247717664866087688e+02
1.249257993934997728e+02
1.248775205950480824e+02
1.249181267546230885e+02
1.249916284730470153e+02
1.251246580789985501e+02
1.249082615819208542e+02
1.251214340776769944e+02
1.251057526191057576e+02
1.251280434986026648e+02
1.252914807317136763e+02
1.252595525038762361e+02
1.254813986735007774e+02
1.255169645627446471e+02
1.255041835018052296e+02
1.255778875547341471e+02
1.256841399503713887e+02
1.257581741018115764e+02
1.257482246582511038e+02
1.257812684977910607e+02
1.256735922978945723e+02
1.257468031014972496e+02
1.257311849323632629e+02
1.257519899659413056e+02
1.257244827253534538e+02
1.258214767658596429e+02
1.259773892232048240e+02
1.259278158364854079e+02
1.260363394182837595e+02
1.261840573184766754e+02
1.262128032480730440e+02
1.263450876856401095e+02
1.264177022996367015e+02
1.264490167479031584e+02
1.265321028476172671e+02
1.265885215785451692e+02
1.266133458305166499e+02
1.267026126593221136e+02
1.267636164675777621e+02
1.268161703105915592e+02
1.269700684152278995e+02
1.270732814809397127e+02
1.271581858213055796e+02
1.270596956169752616e+02
1.270101403033866774e+02
1.270882699098276305e+02
1.271391300744302981e+02
1.270785264321149270e+02
1.271132245277931503e+02
1.271083480156863317e+02
1.271161012449334464e+02
1.272768605557499484e+02
1.274643726338267129e+02
1.276338754585907083e+02
1.276134235894733422e+02
1.277235460632780786e+02
1.277625319677330253e+02
1.277101854575814315e+02
1.277835593714256675e+02
1.278981922263363913e+02
1.279755515530624024e+02
1.280582432781511102e+02
1.279770285428756438e+02
1.281394856149046575e+02
1.282148335762055638e+02
1.281339002580578494e+02
1.280960511891970270e+02
1.281395424878176641e+02
1.281662570419165945e+02
1.283077291618797631e+02
1.282789446402686622e+02
1.285186332813223089e+02
1.285272079427858785e+02
1.284306223586160911e+02
1.284884338916940862e+02
1.285563021607096061e+02
1.287118972990740815e+02
1.287919989478171203e+02
1.287824503127979483e+02
1.287724421968412685e+02
1.288098477042766490e+02
1.287817932701443056e+02
1.287908373473746053e+02
1.289798524885457311e+02
1.289934127166647500e+02
1.289923352854062557e+02
1.290000305028395076e+02
1.290146165887217649e+02
1.291435319010921603e+02
1.291784654584793088e+02
1.291504707587095879e+02
1.291478267020164594e+02
1.292907432747239227e+02
1.292468890226288067e+02
1.291649116292800841e+02
1.293091191107772033e+02
1.295488207491903836e+02
1.293997542095229392e+02
1.293714426656090950e+02
1.294070290073038052e+02
1.295190646852746568e+02
1.294208044555064134e+02
1.295259908561685052e+02
1.295537016871036258e+02
1.295899372038951185e+02
1.297052549062781850e+02
1.297877855742593454e+02
1.297905635239264370e+02
1.299545404667645698e+02
1.301129850913756911e+02
1.300078081765042839e+02
1.301160699635502453e+02
1.300633586981886083e+02
1.301400251527491321e+02
1.301324116603110781e+02
1.302750175234598942e+02
1.303444967981623392e+02
1.303417835759420313e+02
1.303343050962818097e+02
1.304756502149546691e+02
1.305866129751792357e+02
1.305020971036983610e+02
1.305559824970019633e+02
1.305382747436507032e+02
1.305726189575339333e+02
1.306053783128658381e+02
1.305103587439054706e+02
1.305270729833182486e+02
1.305475069622781064e+02
1.304798894567100831e+02
1.304646336630156327e+02
1.305664216974514602e+02
1.307010066078674697e+02
1.307332686576714309e+02
1.308796458490890018e+02
1.308749444986823676e+02
1.310191439435411667e+02
1.311383052883126936e+02
1.311022317297178859e+02
1.313246311179642021e+02
1.312976121132936100e+02
1.313231235418448364e+02
1.313362605583586742e+02
1.313615634364034008e+02
1.313130462025106340e+02
1.315288354308976864e+02
1.313990642940571831e+02
1.315304659943301147e+02
1.315935028058107719e+02
1.317167677239181103e+02
1.317297667633358174e+02
1.316774211334560505e+02
1.317442878360496081e+02
1.317160900818537357e+02
1.315178921477146616e+02
1.314803530242815555e+02
1.316163129510721319e+02
1.317430391940521304e+02
1.317451260337464305e+02
1.317625029074549161e+02
1.317715022309368180e+02
1.317765574483810838e+02
1.318626069651009232e+02
1.318396503820661110e+02
1.319474365958768090e+02
1.319775273541624188e+02
1.319403676633357634e+02
1.319521180198922536e+02
1.318859910936349706e+02
1.319979473220802504e+02
1.320346529000291866e+02
1.321434522852389080e+02
1.321468152635355580e+02
1.320346301647901726e+02
1.321411104763799642e+02
1.321912713096872380e+02
1.322531274256975280e+02
1.322618601253406325e+02
1.322640624085551906e+02
1.322865492990612495e+02
1.322774269679935060e+02
1.323978386862473826e+02
1.325138797852869743e+02
1.325186496459821797e+02
1.325406778587327494e+02
1.325534096693339450e+02
1.327484460133071593e+02
1.327489047297081015e+02
1.328075205980282476e+02
1.329649790239915035e+02
1.328722251409664921e+02
1.329490357110053651e+02
1.329394552834623369e+02
1.329196106905460510e+02
1.329587100436353069e+02
1.329552626387682324e+02
1.329420990474954465e+02
1.330938558705508115e+02
1.331087423330019135e+02
1.330266095570528933e+02
1.331214055243706866e+02
1.331777876877832796e+02
1.332462803634679460e+02
1.333371445329771348e+02
1.333731086698100512e+02
1.333895131041480511e+02
1.333829644822146747e+02
1.333785158957638828e+02
1.333791552591474669e+02
1.335315891038264340e+02
1.335909907450599121e+02
1.337059421727746837e+02
1.337091791336490019e+02
1.337602737024947146e+02
1.337692910856612230e+02
1.339172459555447290e+02
1.337903331731643277e+02
1.339261096483396614e+02
1.339061259256128835e+02
1.339427087139891910e+02
1.339422449270212212e+02
1.339607049159786243e+02
1.340004928847415613e+02
1.341379428369281470e+02
1.342782315864274096e+02
1.341570367697588608e+02
1.343400197670856073e+02
1.342947926834071666e+02
1.342650998205194242e+02
1.341221156969077697e+02
1.340789950781431799e+02
1.340987234207701135e+02
1.343547231079038795e+02
1.343242693088237445e+02
1.343615089681333075e+02
1.343635940138496494e+02
1.343633159850860181e+02
1.344050843638999027e+02
1.343873098875131120e+02
1.344030278019928915e+02
1.345362375123082188e+02
1.345248289107520065e+02
1.345743068531561164e+02
1.344273564997961330e+02
1.345649869439358497e+02
1.345435226633464936e+02
1.345289424026741187e+02
1.345596048548115959e+02
1.345850437456652173e+02
1.345695680231151243e+02
1.347537969690530986e+02
1.346901022185789429e+02
1.347059730780025291e+02
1.348534358221522211e+02
1.347318146344409797e+02
1.347104352592714918e+02
1.346860253063508139e+02
1.346785236689166254e+02
1.346987901552305118e+02
1.348846222139596023e+02
1.347766706940899724e+02
1.349221392637566908e+02
1.349636224902515380e+02
1.349454284521487750e+02
1.350167917720698938e+02
1.350696300347080410e+02
1.351508063089287646e+02
1.351793437790068992e+02
1.351492833027922131e+02
1.351619608137854698e+02
1.351537171912085284e+02
1.351722563282816623e+02
1.352175450277813411e+02
1.351928299231259700e+02
1.351543829003031760e+02
1.353594262385251739e+02
1.355519450519393274e+02
1.354238546084094708e+02
1.353931030235341382e+02
1.353234250894768707e+02
1.353730569190922495e+02
1.353517880650727250e+02
1.353262507105201564e+02
1.352817692910263929e+02
1.351770682068574558e+02
1.353421262739895496e+02
1.352292908122189772e+02
1.353662923243247462e+02
1.355611639193598421e+02
1.355482143646632096e+02
1.355377863531265348e+02
1.355575719588252639e+02
1.355406673902079433e+02
1.355150245527817390e+02
1.354848044956610806e+02
1.354572891204574319e+02
1.355085417020703744e+02
1.355011881158754079e+02
1.355038784711678659e+02
1.355232166493408386e+02
1.356741173212246849e+02
1.356885399412720972e+02
1.357917150248161704e+02
1.358632779027724382e+02
1.360182012803218754e+02
1.359371856747345930e+02
1.360145181199985132e+02
1.359509388979810467e+02
1.361045935318697389e+02
1.361492163942620834e+02
1.361745293666319867e+02
1.361814991910379717e+02
1.363614770903180045e+02
1.363565664832437108e+02
1.363769724560075076e+02
1.363327241317023493e+02
1.364982035434139505e+02
1.364908731847483523e+02
1.365067161199832526e+02
1.363528321633029918e+02
1.365290328107213611e+02
1.365451991815396582e+02
1.365382523553227543e+02
1.365316308401156959e+02
1.365061366998114920e+02
1.366836873363621692e+02
1.367103890295979909e+02
1.367521061149532500e+02
1.368177252101471311e+02
1.367444077830597564e+02
1.367404731466912722e+02
1.367308414746559890e+02
1.368213697895735379e+02
1.369173659793984825e+02
1.367186985865252495e+02
1.367200484722176270e+02
1.368777693219909963e+02
1.369076804507900249e+02
1.368791047322218617e+02
1.370635862887714609e+02
1.371187223870616378e+02
1.373363290456435095e+02
1.373661781353863205e+02
1.375543502748986668e+02
1.374911649855304177e+02
1.373309815607447320e+02
1.372880210997041956e+02
1.371844308861296611e+02
1.371798260609696172e+02
1.372740067644045325e+02
1.373809374519859148e+02
1.373945632095192764e+02
1.373751750397956357e+02
1.375568458681329105e+02
1.374723901437894540e+02
1.376537361313824022e+02
1.374601706641528835e+02
1.374534300156263100e+02
1.375065214412274202e+02
1.375200362464960051e+02
1.377542717229855782e+02
1.377724937769251596e+02
1.379457991422462158e+02
1.379692616647490411e+02
1.379769262726485977e+02
1.379643594774683208e+02
1.379701005229906912e+02
1.381521499260509813e+02
1.382028557186031890e+02
1.381868850388992485e+02
1.381071473325321506e+02
1.381462808502054145e+02
1.382564299141954791e+02
1.382250982347731281e+02
1.383175762143147551e+02
1.382328229400214354e+02
1.382331938362753760e+02
1.383368433944717140e+02
1.383240789877067982e+02
1.383279167786585901e+02
1.385471034750969750e+02
1.383531653416505662e+02
1.384325528678639330e+02
1.384972778648788960e+02
1.385978135191884064e+02
1.385544956564239101e+02
1.385131460810485464e+02
1.384941330386181164e+02
1.385306460576268819e+02
1.385283593678744296e+02
1.387101758026029756e+02
1.385328533259630888e+02
1.385726421751138275e+02
1.387900108535548895e+02
1.386081085151159300e+02
1.385420856947968389e+02
1.387005599688621658e+02
1.388884707306384314e+02
1.388582428253419607e+02
1.389434863907365525e+02
1.389652402836071019e+02
1.389349076638974907e+02
1.389771920560562251e+02
1.389597965364555137e+02
1.389431492784976001e+02
1.389108467615315021e+02
1.389091911257940524e+02
1.390035619762275871e+02
1.389107703670638898e+02
1.388863321769137542e+02
1.388657300949190585e+02
1.388914725622918525e+02
1.389521543151294054e+02
1.389753676269828588e+02
1.389897767344757824e+02
1.389790093272324327e+02
1.389385237404964926e+02
1.389317453074188791e+02
1.389612093025688182e+02
1.389393750569817314e+02
1.388549580175165374e+02
1.388517165235066102e+02
1.388942115577283403e+02
1.389382465869969963e+02
1.389364309342120691e+02
1.390387670426588045e+02
1.391185639878216875e+02
1.391312771247833666e+02
1.391151143027961155e+02
1.392834474262852780e+02
1.392246300911378682e+02
1.391603567759504472e+02
1.391026867227306809e+02
1.390990859677662570e+02
1.389456448485845215e+02
1.391426300596542092e+02
1.393837720761105743e+02
1.392939130024889209e+02
1.394227243730950079e+02
1.394333111193110426e+02
1.394458545611337001e+02
1.396026971000333106e+02
1.394650433766987021e+02
1.394295217319434812e+02
1.392667488014640185e+02
1.394961937730361115e+02
1.394938949972774651e+02
1.394846929282342956e+02
1.397350404280942939e+02
1.395347055622577557e+02
1.399399379660538330e+02
1.396162481645744151e+02
1.396856776886747298e+02
1.396842907356598289e+02
1.398665311545847487e+02
1.398308700961662794e+02
1.400332575108004960e+02
1.400606630505544672e+02
1.399052612292011304e+02
1.399712167373205602e+02
1.399332441692051248e+02
1.401235349878248257e+02
1.399338648062180823e+02
1.399745455754438694e+02
1.398085108058945423e+02
1.399207908624715060e+02
1.400179641747117500e+02
1.399526556790608538e+02
1.399038252665065727e+02
1.399002734662532248e+02
1.398561412392508601e+02
1.398687750401109042e+02
1.399242759390074298e+02
1.399238416761882036e+02
1.399036779514891009e+02
1.399492622249136673e+02
1.399289510470367190e+02
1.398821301644009907e+02
1.398838077858711699e+02
1.399251694699307507e+02
1.400762012667334204e+02
1.401007084060330783e+02
1.400627381788401635e+02
1.399321623369610847e+02
1.401779942890982227e+02
1.403799824159480920e+02
1.401678406146527323e+02
1.403645167708271799e+02
1.401760303900615554e+02
1.403302675071086583e+02
1.403173489715697428e+02
1.402815123736024532e+02
