nan
nan
nan
nan
nan
nan
nan
4.308551298875796576e+00
6.386792809970945228e+00
7.646477178897799654e+00
7.984402543465144220e+00
7.830995630598486912e+00
8.405314334222900641e+00
9.729077127193328067e+00
1.056491102981999219e+01
1.099192881439296166e+01
1.195040586657835568e+01
1.282541032721047358e+01
1.369161202295757107e+01
1.431972180523275462e+01
1.505671646296068467e+01
1.613225274486913108e+01
1.687543335599339756e+01
1.759083045754103836e+01
1.814566196374468632e+01
1.888534544431766093e+01
1.964691925878052814e+01
2.039910556360388583e+01
2.102784009077744187e+01
2.162011817271866931e+01
2.217361432208168637e+01
2.284752928905033187e+01
2.348718028635631683e+01
2.412723491915751239e+01
2.458179483434792445e+01
2.517023500910906719e+01
2.575422991428917996e+01
2.636980712138976202e+01
2.697637368371143296e+01
2.739984804107692540e+01
2.798453911617998457e+01
2.842923906861353700e+01
2.898040564562745658e+01
2.952232021298277687e+01
3.005119088822083384e+01
3.052243566491904403e+01
3.099339335665390038e+01
3.132783245742952971e+01
3.179063357199420636e+01
3.223044458293031056e+01
3.263474480981710002e+01
3.308891439172631976e+01
3.350140880702333135e+01
3.401584527299464611e+01
3.431693580566379609e+01
3.481987629185534416e+01
3.527129488313627803e+01
3.575408598904078161e+01
3.613730446774966509e+01
3.639844890970373825e+01
3.686802513986472007e+01
3.727782646647437303e+01
3.767337400619970111e+01
3.807428220155482990e+01
3.859460257136353789e+01
3.886355298957393956e+01
3.939345173391207311e+01
3.974751795879105032e+01
4.015223071147489264e+01
4.048461378526607035e+01
4.081079159608357543e+01
4.113611020475683233e+01
4.141700346087326068e+01
4.176464899032249889e+01
4.211013722030079975e+01
4.261371269227389291e+01
4.279550055975224154e+01
4.299116651324213478e+01
4.339963730553625965e+01
4.379929240903829424e+01
4.408600897497043292e+01
4.441049133026881179e+01
4.484540450107396481e+01
4.521631679889618027e+01
4.523064161416215256e+01
4.555862043235411107e+01
4.611291785457423487e+01
4.641478861949939017e+01
4.665215240111985651e+01
4.686213937924046036e+01
4.734342731215593858e+01
4.759523640811880796e+01
4.792951762094518386e+01
4.826756524333428189e+01
4.862608039289816020e+01
4.887076471284041190e+01
4.918477796956057801e+01
4.946752083635789887e+01
4.983365328682267403e+01
5.010339733723949962e+01
5.044779633088038651e+01
5.074248995531704765e+01
5.101415653151096308e+01
5.127429990272423765e+01
5.158999024659431143e+01
5.186082958057788517e+01
5.214914893704950316e+01
5.239864827281916604e+01
5.264463674593033460e+01
5.291983254441197460e+01
5.306670111919104471e+01
5.341620465163668285e+01
5.367588161032247740e+01
5.394255251147666996e+01
5.418205617440247579e+01
5.437653961677810344e+01
5.471679669185839145e+01
5.482585155276341027e+01
5.507910839905184019e+01
5.536424776671286452e+01
5.558466714056277169e+01
5.574344424926106001e+01
5.590441927347951889e+01
5.607261068608185184e+01
5.621180303733264338e+01
5.647582905636568285e+01
5.657691276614852427e+01
5.681412697917336629e+01
5.689261493972574613e+01
5.708687789056336470e+01
5.736805094456257592e+01
5.756481775285758573e+01
5.775511664508925236e+01
5.794002095668314212e+01
5.818504572325589663e+01
5.828123465198358844e+01
5.853581631723800882e+01
5.868150323941057422e+01
5.882882388781754202e+01
5.895406699183329380e+01
5.915433248791678977e+01
5.932820014951460053e+01
5.935053019981606326e+01
5.959352465416004918e+01
5.972803398220584370e+01
5.981498689453916029e+01
5.999312597902378741e+01
6.017527946405655115e+01
6.040843609250767088e+01
6.046954906948714381e+01
6.062507548668718016e+01
6.074514097365599241e+01
6.097255100748029832e+01
6.112430704703386652e+01
6.121937387214816795e+01
6.143940129367554448e+01
6.160304017028094847e+01
6.169998139533652903e+01
6.191887907939588587e+01
6.208937767235654093e+01
6.223815687870040136e+01
6.240484622585356078e+01
6.255238378435041824e+01
6.271399918445120392e+01
6.284367223237980227e+01
6.305751348399501666e+01
6.324374280797520953e+01
6.336588356897694752e+01
6.355889134911121374e+01
6.363046409206182119e+01
6.376894334938108244e+01
6.398554662182908714e+01
6.409874429230526971e+01
6.432653551133633130e+01
6.436544550964318034e+01
6.461088670884488749e+01
6.468839682970001093e+01
6.483858639161798010e+01
6.501635601542834308e+01
6.505734488988964870e+01
6.515967341624067899e+01
6.531379762849365989e+01
6.547754515638430917e+01
6.557332921141092186e+01
6.573464565624385614e+01
6.587459611482941568e+01
6.602572725975633716e+01
6.609177377097829265e+01
6.623692361493843350e+01
6.631553286326546015e+01
6.642889254649151098e+01
6.656482619527507438e+01
6.667602774783433972e+01
6.675400673819673614e+01
6.687478873028953785e+01
6.694117186537265241e+01
6.709723918451801694e+01
6.718505361929057074e+01
6.728406374713553362e+01
6.742977541398295216e+01
6.749898750460130259e+01
6.760002136918313909e+01
6.773922244976654383e+01
6.788739092311040224e+01
6.794574719660266737e+01
6.807969234223971000e+01
6.820835008435035718e+01
6.822881356059744462e+01
6.831334743929687647e+01
6.845404828232929617e+01
6.860073061360013469e+01
6.863509573695012023e+01
6.870088289963021566e+01
6.878994099831975007e+01
6.881955912348360016e+01
6.888751723274764061e+01
6.894494738572640813e+01
6.895511870393768561e+01
6.905526336669875320e+01
6.914252567314869680e+01
6.919843908278855338e+01
6.923420624691406999e+01
6.930278154385669609e+01
6.944836845230561551e+01
6.949585594911046371e+01
6.961352974368502089e+01
6.973542572636270620e+01
6.977958920624402595e+01
6.986480001485763580e+01
6.994295513280822263e+01
7.000079591401194534e+01
7.006627452022419789e+01
7.013256619765701316e+01
7.023368587774167793e+01
7.032839438368436902e+01
7.042223436360299615e+01
7.053226288101858188e+01
7.065145552942684049e+01
7.078707673697613245e+01
7.096481674360067871e+01
7.103090907464434167e+01
7.115105968979649731e+01
7.126519532676755375e+01
7.137262120925493036e+01
7.145549667158910268e+01
7.154188199375647628e+01
7.164064275731298892e+01
7.173702443489897007e+01
7.181558130340580703e+01
7.189325432395138193e+01
7.204082563720437804e+01
7.211987479313511074e+01
7.220639778592736491e+01
7.231471215910033834e+01
7.243997313246406122e+01
7.250518526779853801e+01
7.256704179740620475e+01
7.268782471597351957e+01
7.280179261491389298e+01
7.284271022519347127e+01
7.294195497583046972e+01
7.312719110900066255e+01
7.329714161424010399e+01
7.338109913748380109e+01
7.348349415930360351e+01
7.359867752254069728e+01
7.368812232180330568e+01
7.379323341639577905e+01
7.386768916539713814e+01
7.397977562016350817e+01
7.410414049209317966e+01
7.420639846930185968e+01
7.424864627804504380e+01
7.435952366978274597e+01
7.448905341034533478e+01
7.459538410592735147e+01
7.472626340246431198e+01
7.489229479654491684e+01
7.496015054916598785e+01
7.509487009841201655e+01
7.522216950044932560e+01
7.537136022139812042e+01
7.546242083169497050e+01
7.564416460043140944e+01
7.572367228155648888e+01
7.588046150097535758e+01
7.594837424956936900e+01
7.605070223081754932e+01
7.615172496267462066e+01
7.625935807889948137e+01
7.637941054342385883e+01
7.643383600907253594e+01
7.658607980785353675e+01
7.676192741763583172e+01
7.676964487837530271e+01
7.681768877147096930e+01
7.690050347290411992e+01
7.693621758614878559e+01
7.703123368875161248e+01
7.712276509574830641e+01
7.717328772949974791e+01
7.722369641773437365e+01
7.723346915956679481e+01
7.733933188408299486e+01
7.740776302735606862e+01
7.753883715488449013e+01
7.760062538478484839e+01
7.773846139262516886e+01
7.780225257608142897e+01
7.788486925604341593e+01
7.796506768557672729e+01
7.802662860914736598e+01
7.811929588087934917e+01
7.820321556588488932e+01
7.829463941265565552e+01
7.843184000364357189e+01
7.845575187641429693e+01
7.856744482169146693e+01
7.860022103946786842e+01
7.867203010581313549e+01
7.879178143541223278e+01
7.888226725203621470e+01
7.889415971509062331e+01
7.900234766379935536e+01
7.913928373787324233e+01
7.924024880002434656e+01
7.936653611691541244e+01
7.946611013514167610e+01
7.949566073518818143e+01
7.970260847056516695e+01
7.980108154040955526e+01
7.988546188866824593e+01
8.002225710549892312e+01
8.015746765902933646e+01
8.021944422845567146e+01
8.034279643958461747e+01
8.050342341525823997e+01
8.061776156042104446e+01
8.075578438334005682e+01
8.087378831169002069e+01
8.099784867011464939e+01
8.106493851921850080e+01
8.115974922172330253e+01
8.129205270125443406e+01
8.140216147543929992e+01
8.149292064513294065e+01
8.164364475709204783e+01
8.168665770902056522e+01
8.171978826507213967e+01
8.178006332042097881e+01
8.187884955833408185e+01
8.190458953459538805e+01
8.195343179146082946e+01
8.202793330517776837e+01
8.205756766075657538e+01
8.214107431546825921e+01
8.218090895057648027e+01
8.221769841316847760e+01
8.225596223536525997e+01
8.234726985981721725e+01
8.239550466263723649e+01
8.246367981066183006e+01
8.248930169108596999e+01
8.254191354400562375e+01
8.258020349814977124e+01
8.265596353477998548e+01
8.270995940934565738e+01
8.272611958585957836e+01
8.281160537536094068e+01
8.285127343882018636e+01
8.286631997878214406e+01
8.290528235608113050e+01
8.296797148434652058e+01
8.300034745099155487e+01
8.302902991522442733e+01
8.311301879783826507e+01
8.316940389095096009e+01
8.318236123070117571e+01
8.322313518308251901e+01
8.332981392765114492e+01
8.333596735080357121e+01
8.329938814213262788e+01
8.341032438853787312e+01
8.347587877386747834e+01
8.349024956285687438e+01
8.353385271746273588e+01
8.355665834598380570e+01
8.364815101400770914e+01
8.373144146579795688e+01
8.387903623474771564e+01
8.394552974402053280e+01
8.400575831410375827e+01
8.411708087817220303e+01
8.417750587365655690e+01
8.426184728404516022e+01
8.435501918900843066e+01
8.440362776378948695e+01
8.448877956129182110e+01
8.462636323817507389e+01
8.466696290299788075e+01
8.472009412590335842e+01
8.486008480032333523e+01
8.494038706551124562e+01
8.493431787048353954e+01
8.510269859482711752e+01
8.515175746788882805e+01
8.517317940507611240e+01
8.529878894198496653e+01
8.533246257662742096e+01
8.539726123609500519e+01
8.544816524934549307e+01
8.555464753320389093e+01
8.562446929015442265e+01
8.562544824753578609e+01
8.572118177385478077e+01
8.578738097721456768e+01
8.583529641281313616e+01
8.593937781521772479e+01
8.596958144470875141e+01
8.604490529494096052e+01
8.614406134982110075e+01
8.618874828104404173e+01
8.626393074024701946e+01
8.634261416242354414e+01
8.637534294638068388e+01
8.642445006543962904e+01
8.653000328501336469e+01
8.661072372363008753e+01
8.663154259589036599e+01
8.667379882923641787e+01
8.668342675520719354e+01
8.675896345207462446e+01
8.678738531515122645e+01
8.681037180435991729e+01
8.688216009291508612e+01
8.682104359586217868e+01
8.682838318096433738e+01
8.687912854271947083e+01
8.688664011124038211e+01
8.689212592249896261e+01
8.703878245127307878e+01
8.703649372721365296e+01
8.708719006680401264e+01
8.716436646546267752e+01
8.717946599749764403e+01
8.719488644648907893e+01
8.725155452595652150e+01
8.728181513362201827e+01
8.732013304445993640e+01
8.739031988883007784e+01
8.746454478106628017e+01
8.752630412017124684e+01
8.761405365360884900e+01
8.766062177045462533e+01
8.763900202075410562e+01
8.769104725240534037e+01
8.773046311198301339e+01
8.775556569181270561e+01
8.776819347013882577e+01
8.777751572447587591e+01
8.779996118285266959e+01
8.786690167917355154e+01
8.800463846214447017e+01
8.803591316885652418e+01
8.811828769250496407e+01
8.823304952292936321e+01
8.829353321841855973e+01
8.837045737758496955e+01
8.834197868332780956e+01
8.849446859971742185e+01
8.855229958934897638e+01
8.863448633132651366e+01
8.869306214053777637e+01
8.877889639076349226e+01
8.886546920149910989e+01
8.895465179549050561e+01
8.908167369798252366e+01
8.913775600421045908e+01
8.916412238245102628e+01
8.933984213647487138e+01
8.945765162141717042e+01
8.951667332016744183e+01
8.966596868428989353e+01
8.974668835622927077e+01
8.985087577934515934e+01
8.998279038856975376e+01
9.008919174496317339e+01
9.012872192232288171e+01
9.022077889894356417e+01
9.024942409883692562e+01
9.032960806177351287e+01
9.041745709697198663e+01
9.042937115964397776e+01
9.049048372858440814e+01
9.058119783403967062e+01
9.060681943760923218e+01
9.059871635210761553e+01
9.069280989749859145e+01
9.071280334208958607e+01
9.070676438855578283e+01
9.080484441219117286e+01
9.082346401754118403e+01
9.084227855438223287e+01
9.082504576068451740e+01
9.096415908845560239e+01
9.100298055604174863e+01
9.102159466430890689e+01
9.115414672030382803e+01
9.113319051568254281e+01
9.118777672668198875e+01
9.131590088445609865e+01
9.141239199775530722e+01
9.149410116012080607e+01
9.151302719047349399e+01
9.162363979877078179e+01
9.169727379907676834e+01
9.173808019132397362e+01
9.175905528285019841e+01
9.186872637922994045e+01
9.192101554147369313e+01
9.201353171620424121e+01
9.206972101807401998e+01
9.205202797139101278e+01
9.210765510793673627e+01
9.214248874720249205e+01
9.218355983326499370e+01
9.229195776176686650e+01
9.239141675287167743e+01
9.247191841052433858e+01
9.261685571905422876e+01
9.274445643733471911e+01
9.285041002740207716e+01
9.293899397481656877e+01
9.305041706618925446e+01
9.315153346578070170e+01
9.329171718232007038e+01
9.331726679367643840e+01
9.343412540435397773e+01
9.356410097196572906e+01
9.364920930891152295e+01
9.377018192915461725e+01
9.380327252090431500e+01
9.385830702317298346e+01
9.392737100908657055e+01
9.399410264005274485e+01
9.403383307876309516e+01
9.417423479403322517e+01
9.423896710949229316e+01
9.422487601486157871e+01
9.428102072478345974e+01
9.440146075964649697e+01
9.442180903088168975e+01
9.446150004239682119e+01
9.454141394820211985e+01
9.462489558859952865e+01
9.464199274505605786e+01
9.474292807716399523e+01
9.482093062304690534e+01
9.487480971454372991e+01
9.490356230685729599e+01
9.498546708562109586e+01
9.505895090488662902e+01
9.503468293668549904e+01
9.505819612864507917e+01
9.506941419474132715e+01
9.512605570308016922e+01
9.517866606729533885e+01
9.525780274558104566e+01
9.532834766099497870e+01
9.532738660303014910e+01
9.538096995246785070e+01
9.538743056848917945e+01
9.546866906279670673e+01
9.548271194304930987e+01
9.554350000803854925e+01
9.555009860802834964e+01
9.554354754932995775e+01
9.551892816666622821e+01
9.561344495818556766e+01
9.559582196567384926e+01
9.565709831507703598e+01
9.568852189495855498e+01
9.571306604465586076e+01
9.562822998130691587e+01
9.570393144704375743e+01
9.568749432167106761e+01
9.566056124231884894e+01
9.565888455766149434e+01
9.569826476445933849e+01
9.563545720503434211e+01
9.562449581325221004e+01
9.566948679289826885e+01
9.567770034761907993e+01
9.573536095130242529e+01
9.572792041892282100e+01
9.574064526081312465e+01
9.584181375700593719e+01
9.586576721291650927e+01
9.591718983116729191e+01
9.592125557366472322e+01
9.594254303761323399e+01
9.597509447605985144e+01
9.605226353818969187e+01
9.608619268778424782e+01
9.607366699982210889e+01
9.619276977155585939e+01
9.626094204433805146e+01
9.634349759359508880e+01
9.637204622956160449e+01
9.646957322610720098e+01
9.647102036475861553e+01
9.653433455190057089e+01
9.656541483309418084e+01
9.661085349093625041e+01
9.668052349430560355e+01
9.675101363795758402e+01
9.676785677892962667e+01
9.679097666910412556e+01
9.687151617634036427e+01
9.690169007049199479e+01
9.692652538718751032e+01
9.695994503229033512e+01
9.699841947847994561e+01
9.701569322608654034e+01
9.704557090608375347e+01
9.712720158556882666e+01
9.723201932341603992e+01
9.729134220840846581e+01
9.731220634930986080e+01
9.740333181956113151e+01
9.747685884094252629e+01
9.759170745602213515e+01
9.767567973229097333e+01
9.770187358706962755e+01
9.775184784589669107e+01
9.782634514307498819e+01
9.784780740132457311e+01
9.791435596926493190e+01
9.798988835335217118e+01
9.797704717198931235e+01
9.802465653697645109e+01
9.807636278570618060e+01
9.811338043272827747e+01
9.812305348934344806e+01
9.820661961993810962e+01
9.825355154325745843e+01
9.828295501294870462e+01
9.834969612992468058e+01
9.840116716898312177e+01
9.843865912033157883e+01
9.848016299683277452e+01
9.851820741925624247e+01
9.852756631955325872e+01
9.861248816099751480e+01
9.864100562662733296e+01
9.868942529286107401e+01
9.873025121291949802e+01
9.875034019080906944e+01
9.874959843427377848e+01
9.880404191433905225e+01
9.882742969633210350e+01
9.882824851575958292e+01
9.888739195719331576e+01
9.886217604518685675e+01
9.896749536847272566e+01
9.896749168363299987e+01
9.902663550703374540e+01
9.912375776965261309e+01
9.913435825423506742e+01
9.915824161485807053e+01
9.915865822372492744e+01
9.917671616592022588e+01
9.922931853746661091e+01
9.921110914283106297e+01
9.925829117737914942e+01
9.927326052398474587e+01
9.932455304951153607e+01
9.937229325571624372e+01
9.935152170770201963e+01
9.944498739453987923e+01
9.943282722646992511e+01
9.949285802848037008e+01
9.946268935511997711e+01
9.953235217020072412e+01
9.957244846630710811e+01
9.957292524294534530e+01
9.963924244228601879e+01
9.967260004695617681e+01
9.973974508876004563e+01
9.974412057968305589e+01
9.979420508037081561e+01
9.987237867524164869e+01
9.993916416396183422e+01
9.987818991294321336e+01
9.998029584136052961e+01
9.996510252124598139e+01
9.998718597187844637e+01
1.000190064166025365e+02
1.000320965841407599e+02
1.000714311767073070e+02
1.000354820078387945e+02
1.000335874552024507e+02
1.000200141537751506e+02
1.000205563088859435e+02
1.000529685668837203e+02
1.000112323183094389e+02
1.000378758821756833e+02
1.000793214012162764e+02
1.001211192896901139e+02
1.001317793303392989e+02
1.002432704637400178e+02
1.003259631798746057e+02
1.003184538303794255e+02
1.003789022929674530e+02
1.005391957715601592e+02
1.005785699706776057e+02
1.006626679901481225e+02
1.006719808659935609e+02
1.007478106707109760e+02
1.008242835425966035e+02
1.008515694935813798e+02
