1.719192357023804050e+02
1.704410923195626424e+02
1.720971473246716812e+02
1.702861584547223401e+02
1.665572216750933023e+02
1.618616305294007134e+02
1.654506990356075278e+02
1.552336582958632505e+02
1.612493297298701975e+02
1.645513328141003910e+02
1.626302336260473567e+02
1.613053531667143830e+02
1.603259963945216953e+02
1.588195436390469695e+02
1.597610475678884825e+02
1.570273057942827961e+02
1.572295926190141984e+02
1.576553170696934671e+02
1.548846226914247950e+02
1.534444016886646409e+02
1.511838963073417119e+02
1.425527660984502916e+02
1.396615308258185166e+02
1.359991728549225058e+02
1.317963357906431554e+02
1.304901732422151213e+02
1.264399951882642057e+02
1.220957168388929688e+02
1.172359029072642187e+02
1.056214126429483429e+02
1.100730086880678158e+02
1.228334749312968199e+02
1.244937650140942225e+02
1.255950175302409519e+02
1.314653130467449671e+02
1.322778212422523438e+02
1.367283747170514232e+02
1.360011298771416079e+02
1.395313894993441295e+02
1.391255777776920866e+02
1.343572310137788577e+02
1.325720638941307072e+02
1.290064587400997880e+02
1.294117556409620988e+02
1.262233035279966344e+02
1.239491192777212802e+02
1.229323749924586906e+02
1.221145397577062397e+02
1.256788477189465425e+02
1.239904178737801459e+02
1.231416347915827316e+02
1.237246241392204240e+02
1.275791249374618701e+02
1.220820192512624374e+02
1.194498303642293280e+02
1.226879038798646349e+02
1.173147138479860132e+02
1.160557345317279783e+02
1.208282370040989093e+02
1.229886421139978552e+02
1.180665069992592038e+02
1.175149681822068146e+02
1.166849319368441229e+02
1.118497137357338431e+02
1.116985598502768937e+02
1.101616811356514916e+02
1.137616033196237737e+02
1.236581821794457312e+02
1.252024743737870267e+02
1.213463177659066048e+02
1.209728548626748790e+02
1.181567692425713574e+02
1.184721200326109738e+02
1.168153451167629697e+02
1.238676230230416593e+02
1.234830244133745509e+02
1.228222822808141643e+02
1.177371258946972716e+02
1.188048014271661259e+02
1.182226652735633792e+02
1.130376578184505263e+02
1.075192585633768800e+02
1.139764676510086332e+02
1.173223287505149131e+02
1.183268028942176784e+02
1.154892173684267505e+02
1.078507702140544922e+02
1.018598447461238550e+02
1.016880486370561130e+02
9.273950944895084092e+01
9.652106675632653321e+01
9.654281514791129837e+01
9.695385886940914588e+01
9.432520280955979786e+01
9.213740062985981183e+01
9.016079712279980640e+01
8.874211451863199329e+01
8.312584228460923441e+01
8.227370436099883477e+01
7.731502104120109209e+01
8.558900879332215084e+01
8.604155435930545082e+01
8.589166745171344530e+01
9.106450851015652859e+01
9.189534083749316551e+01
9.058416223343363072e+01
8.951572427265244869e+01
9.416287960826402070e+01
9.211821291513049914e+01
9.599513672716658164e+01
9.172111890482281638e+01
9.097305944013078260e+01
9.280238294055671133e+01
1.022747151294499872e+02
9.678695038469280121e+01
9.578425726410272034e+01
9.319845129341767631e+01
9.186557909264158184e+01
9.194996358632550937e+01
1.009909329113147862e+02
1.029085645869236600e+02
1.021629235856206321e+02
9.996960074183613187e+01
1.047713567936925187e+02
9.925444269816063070e+01
9.883103334833755582e+01
1.023963038791595466e+02
1.006589946130002318e+02
9.625911696556553920e+01
1.027778816087022165e+02
1.065578010825108635e+02
1.036275976751523302e+02
1.054832437995152219e+02
1.072234254076481079e+02
1.083137911217416303e+02
1.077425949625977921e+02
1.035213741150945452e+02
1.019875750210456147e+02
1.035889517779978490e+02
1.035943256447229857e+02
1.036769729861281206e+02
1.070608058568691661e+02
1.068664856255455220e+02
1.056827753686915798e+02
1.078915986886004106e+02
1.030180819362670377e+02
1.009952403227119504e+02
1.010932048353377439e+02
9.643942846749767739e+01
9.014895979948491345e+01
9.279797231415443548e+01
9.710068490603508451e+01
9.614227432406545404e+01
9.779910238645820186e+01
1.002059208546683919e+02
9.949913911498673258e+01
1.023939269228384603e+02
1.002110337137840332e+02
9.280644793791400105e+01
9.467258216224944078e+01
9.773278444290787093e+01
1.018540514684971896e+02
1.048342076603460953e+02
1.034699575728133993e+02
9.845408266554746035e+01
9.925702326668886144e+01
9.867869322726240000e+01
1.004180453720511110e+02
1.041874343356196704e+02
1.017690790821559119e+02
1.046445723520260316e+02
1.032561348550596989e+02
1.001062294128880694e+02
9.805340752642027269e+01
1.000769838399222635e+02
1.009101811609227894e+02
9.988669876964597449e+01
1.005846752005579390e+02
9.757105245776961056e+01
9.856407065580212645e+01
1.004683206940647153e+02
9.995285466126863128e+01
9.629424984032327473e+01
1.011741497562767620e+02
9.877464667894709294e+01
9.843976171072364423e+01
9.867936909516282640e+01
9.615149086327639338e+01
9.220872446149419943e+01
8.553650439288850293e+01
8.379718051401287937e+01
8.472424956257347617e+01
8.338395469146591665e+01
8.500497369275042558e+01
9.499590827443908836e+01
9.487681340855070289e+01
9.874414102553420491e+01
1.034060188581327537e+02
1.027613902919961646e+02
1.039792103282443065e+02
1.026357683032205443e+02
9.745683406777860114e+01
9.707872951015346530e+01
9.926950178608750264e+01
9.656994649303199196e+01
9.496293022860608346e+01
9.883578635165302728e+01
1.003559252439503240e+02
9.826529069103165170e+01
9.778123394099176835e+01
9.792474699326272969e+01
9.623448692654855563e+01
9.330545724282993092e+01
9.292917531465414527e+01
9.598200063062819254e+01
9.564081384660464380e+01
9.368502675609852304e+01
9.191185717687127976e+01
9.523044330149373593e+01
1.002813658525597447e+02
9.895031023395546299e+01
9.668497743405561096e+01
1.010575709881534436e+02
9.852608593025155415e+01
9.709240035805935065e+01
9.388225688071862862e+01
9.065389863147316873e+01
8.817676519529538837e+01
9.017888945308192206e+01
8.351351107077570646e+01
8.226690688484464431e+01
9.238928272226632998e+01
8.927105872403983255e+01
8.799879480006127608e+01
8.955897159895050663e+01
9.083182660533240949e+01
8.672057316080847045e+01
8.206661528952092510e+01
8.046219829683364821e+01
8.507553126448247838e+01
7.993691102794662129e+01
7.338820806522505791e+01
7.709407435011684129e+01
8.046708421200376904e+01
8.070369484529415161e+01
7.610103679819702904e+01
7.544224052244322820e+01
6.809923186287876717e+01
7.787575030448191171e+01
7.792511043084668643e+01
7.806987105816446615e+01
6.795374134767415342e+01
6.782878118969453851e+01
6.391138705120624763e+01
6.583659115712694643e+01
6.542724481565727501e+01
6.250655308317156766e+01
6.353185418169121590e+01
6.204645753180855650e+01
6.158969653945590039e+01
5.998532390290834826e+01
5.573398056616871088e+01
6.048965195611887680e+01
6.310457667008986959e+01
6.708501502798833371e+01
6.632640589217335503e+01
6.384181975973206136e+01
6.377938730512704524e+01
6.291192369040224719e+01
5.949879397239661216e+01
6.393577100481329012e+01
6.415351278930627643e+01
6.338315385283803494e+01
6.900808562651749867e+01
7.215630663117340760e+01
7.283365502472152286e+01
6.451909343087311299e+01
6.720215170250438064e+01
6.216509071948530618e+01
6.347701188041939702e+01
7.080741962323369876e+01
6.918544688521086528e+01
6.700169621436479872e+01
6.816224581583109909e+01
7.270445381884614733e+01
7.084446862585637916e+01
6.747417397266210060e+01
6.811745608115066375e+01
7.072901864978435071e+01
7.315122219672328185e+01
7.328318947370954106e+01
7.185655126012491678e+01
7.865111721682863788e+01
7.090639889495815851e+01
6.519461236163031970e+01
6.374102169230856418e+01
6.231587208699484393e+01
6.543507198282956949e+01
7.425617224747992395e+01
7.216995235618460924e+01
7.353826709469564094e+01
7.560159864521121165e+01
8.221216932649704745e+01
8.027643752350365958e+01
7.100614873562298612e+01
7.067857267753421979e+01
7.437203148173212242e+01
7.645875904683884983e+01
7.099781057967977915e+01
7.123432438128627098e+01
6.841660087777952981e+01
6.375403042051544844e+01
6.690465074172068682e+01
6.993930332530521810e+01
6.754051486468473797e+01
6.345612401097676525e+01
6.972965133278951555e+01
7.468446783706994552e+01
6.773989189878012951e+01
7.457169974147599589e+01
7.533409987997306700e+01
7.104990732753184091e+01
7.262639194488330929e+01
7.651192864393972570e+01
8.304986502850456986e+01
7.657625787521077143e+01
7.844280142442447357e+01
7.427819376814750285e+01
7.525642604398248636e+01
7.200312303542067127e+01
7.092133026289911868e+01
7.029813268710471164e+01
6.777943431027189547e+01
6.732412841625453837e+01
6.719427207999535767e+01
6.672402924668432433e+01
6.705215517750480103e+01
7.248994943133875779e+01
7.326200661256302737e+01
6.938864240089752400e+01
6.690291777258312322e+01
7.767299450902432056e+01
7.947344958516295321e+01
7.944755838554769412e+01
8.190346789741595046e+01
7.712757071925362595e+01
7.664091743027398707e+01
8.205570354104111175e+01
8.208160331983285118e+01
8.606017076346527972e+01
7.739365220616052454e+01
7.522089965286983215e+01
8.165365052794034284e+01
7.903313297485131272e+01
8.011038559096458300e+01
8.048145421991191029e+01
8.475599008868655915e+01
8.578475141965438411e+01
8.944402915894973205e+01
8.736362686994183946e+01
9.477600007908512225e+01
9.409458102066581375e+01
9.060767940583082236e+01
8.912112142632781797e+01
8.619171994007855631e+01
8.919377966756255205e+01
8.991629143991626449e+01
8.295888598958673299e+01
7.755217980150649737e+01
7.321304924787051505e+01
7.129421130622716873e+01
7.569102625334357981e+01
8.181711476251098247e+01
8.073492827753760537e+01
7.774363437053520443e+01
8.243864142395669603e+01
8.468878528522971294e+01
8.247096754339756330e+01
8.090617679649508887e+01
8.566550527011108329e+01
8.239075727952315731e+01
7.607185102228115170e+01
8.477877408310507690e+01
8.265423010717830721e+01
7.587742154461719224e+01
7.479887720962962305e+01
7.543707235897295504e+01
7.683497928481058636e+01
7.980683231280697498e+01
7.553697239654366058e+01
7.287516240508882959e+01
7.271531106681854340e+01
6.891981404850982074e+01
7.538593334017757286e+01
7.626014504462634136e+01
7.459766519089163239e+01
7.531514324999440646e+01
7.807461706036099258e+01
8.302097428447004290e+01
8.327030861421762609e+01
8.041389695325298703e+01
7.847985354607419595e+01
7.865510536878277037e+01
8.335985266386407488e+01
8.040773654030569162e+01
8.099370709929728207e+01
7.680579564570062701e+01
7.276876801216367596e+01
8.024720881091394631e+01
8.201713544058313232e+01
8.488840615841029091e+01
8.448767566347837032e+01
8.657582724458784185e+01
8.633758930215736882e+01
8.166414100193630077e+01
8.068181334488831169e+01
8.926937694925496203e+01
9.421402227226903392e+01
9.164793233409397999e+01
9.241818404036085610e+01
8.551911739344090790e+01
7.888644898305447839e+01
8.535280693420293119e+01
8.739366987765406236e+01
8.861894948142557382e+01
9.017531758305443645e+01
8.598478660180683164e+01
8.445164090002612056e+01
8.378814605037233321e+01
8.781732523819589176e+01
8.238217920769085367e+01
8.304213028684029041e+01
8.861437568932875308e+01
9.528114442389617977e+01
9.196644046813695184e+01
8.772144544329994176e+01
8.654467236955983367e+01
8.028634033334247988e+01
8.171966066229509806e+01
7.740001637329083906e+01
8.244135869277046424e+01
7.885445984540650954e+01
7.655930694756948185e+01
7.914975429077324520e+01
8.015424116324645354e+01
7.849187056407841112e+01
7.507002429294736601e+01
7.721359317089088847e+01
8.186876077770497773e+01
8.011826139050063489e+01
7.918093039218611295e+01
7.830564823037433086e+01
8.206908412500561667e+01
7.870057313475200544e+01
9.014590235808408636e+01
7.978017163087498886e+01
7.802481726347465951e+01
8.371590247818477337e+01
8.578733008051801789e+01
8.174102631027082566e+01
8.479728332689292358e+01
8.533700368398356773e+01
8.695094660522180163e+01
8.173010397051137943e+01
7.817184859471250036e+01
8.123083805959988979e+01
7.825486606731502093e+01
7.904600711808767244e+01
7.963720077662323149e+01
7.416097964098702278e+01
7.330144137468174392e+01
7.428297009563826236e+01
7.332870359073744737e+01
7.561962211595448480e+01
8.057541252845854274e+01
7.439576868791455411e+01
8.217709598340226762e+01
8.342242902339329191e+01
8.517279314822620506e+01
7.869383533678330878e+01
8.168005099178661510e+01
8.349665024832536631e+01
8.269116424019568967e+01
7.909517596605826384e+01
7.576763470666881517e+01
7.585207719377672220e+01
7.275773834635694470e+01
7.323518559345012591e+01
7.733582051943031388e+01
7.912650273536780787e+01
7.233747873020665509e+01
8.199922767183694816e+01
7.807315558990835314e+01
7.873945975636679862e+01
7.544916286030414199e+01
7.339187595605645242e+01
7.309452222815578182e+01
7.418257162668453475e+01
7.569625982220163962e+01
7.714664221563840840e+01
7.012864622681152582e+01
7.185392960520111671e+01
7.261301318795533177e+01
7.384527580237069344e+01
8.024742750687627790e+01
7.711242496091826126e+01
7.439289873224373650e+01
7.234354255152064184e+01
7.566525697522274641e+01
7.003430556567434451e+01
7.313060061461675332e+01
7.540394514707892881e+01
6.883216162868662025e+01
7.013094351630947187e+01
6.979031075474637191e+01
7.154178837251708956e+01
7.158407407454788540e+01
7.345836818785292621e+01
6.861795952868428117e+01
7.140859414716139497e+01
7.110583729194216573e+01
7.087993274261388876e+01
7.221667767465815757e+01
7.334280778373535270e+01
7.156694538163581853e+01
7.605182931603899021e+01
7.160239614336686031e+01
7.786533607264945545e+01
8.088216868626849987e+01
7.990713396875938201e+01
7.577751463938821530e+01
7.406157758345138120e+01
7.524668548176248351e+01
7.760463582679209082e+01
7.626483998962767430e+01
7.577808417784179085e+01
7.478280412262084553e+01
7.834613109533046327e+01
7.422584155765323999e+01
7.405685341404323196e+01
7.676843277641768282e+01
7.837838418985801070e+01
8.186153191890474545e+01
8.026324719728361856e+01
7.935345489117854356e+01
8.028787656912771808e+01
8.028600910597594975e+01
7.385030919239100911e+01
7.359220041689309255e+01
7.597430285590878896e+01
7.359493381078763719e+01
7.369238304139787488e+01
7.277164171523851621e+01
7.392510583508897071e+01
7.410828428269346091e+01
7.528453234117340287e+01
7.801842867644892010e+01
7.559383642632788280e+01
8.029171471027490270e+01
8.484593408821052662e+01
8.281403932815786106e+01
8.639700184975566799e+01
7.826224236420948444e+01
8.439449161603288019e+01
8.377049894227739912e+01
7.785692036699882124e+01
7.878982543280856987e+01
7.598388956144290773e+01
8.241818729789899578e+01
8.572483381888568488e+01
8.506140835952726320e+01
8.605227591883567584e+01
8.272434799955004792e+01
7.879268491632105054e+01
7.831147999695407691e+01
7.772822223159722910e+01
8.394152982440239441e+01
8.466486269599865011e+01
8.275943331866204744e+01
8.546057360813996695e+01
8.241284012269773029e+01
8.138735640560601325e+01
7.874771761605374820e+01
7.659122905201232356e+01
7.474250166427954412e+01
7.709836952957167000e+01
7.599864359972428929e+01
8.267881946965366069e+01
8.397011731522286482e+01
8.429143650988082470e+01
7.931315904537703432e+01
7.598478523407044349e+01
7.619135065803705231e+01
7.935980696795800782e+01
8.279732503483747053e+01
8.376671491584122009e+01
8.987960671888093600e+01
7.755026771615844439e+01
8.211488442640678898e+01
8.031340695159059351e+01
8.081070867874535679e+01
8.708807204054940598e+01
8.334683067777528720e+01
8.135989484445234154e+01
8.286737763091419140e+01
8.531621015799011332e+01
8.078167864948224519e+01
7.933291302940044432e+01
7.535129763266758118e+01
7.798168076848995156e+01
8.374020679485251151e+01
8.369559760602894016e+01
8.495634043745477015e+01
8.507743698560570067e+01
8.533269677334165237e+01
8.871401776313585685e+01
8.648643318894110621e+01
8.403197116371326558e+01
8.535488453490444272e+01
8.938796688639982335e+01
8.804009957135615139e+01
8.265752138723972564e+01
8.174215710744921637e+01
8.101491518915833012e+01
8.046827715040312512e+01
8.275253250404182381e+01
8.461507526765791454e+01
8.454433067343062191e+01
8.518243746932400029e+01
8.123874216937809933e+01
7.703361816467693757e+01
7.667276842181135521e+01
8.243659379945987098e+01
7.984225339311898040e+01
7.333142269015830550e+01
8.230308575541768334e+01
8.235934264263622140e+01
8.090411597097286744e+01
7.571513120370813965e+01
7.992007338311358922e+01
8.669972565490913041e+01
8.458596692969781827e+01
8.642407090056110519e+01
8.270862894618424832e+01
8.612207504418387316e+01
8.423268310567766548e+01
8.320711710101043934e+01
7.948766992700446110e+01
8.355060940467797082e+01
7.766178137613766808e+01
7.408505678262834238e+01
7.618206097829738610e+01
7.127907792949133636e+01
7.444731100970497550e+01
8.218230830986954061e+01
7.737136107858145806e+01
8.291878470815086644e+01
8.340090468973454563e+01
8.945274549768261352e+01
9.023334588324381400e+01
8.898750256846228979e+01
8.757573208111472240e+01
8.926223446728580768e+01
8.687672694777933202e+01
9.000736867957346021e+01
8.369216527244198289e+01
8.140164039715223510e+01
8.106296945602231574e+01
8.049596127381300903e+01
7.693213271165392086e+01
7.809202679958822557e+01
7.279046912431553551e+01
7.237687013835760297e+01
7.921114154334132706e+01
7.550909344942166967e+01
7.221709255093998081e+01
8.002638667027673591e+01
7.958185542528342182e+01
7.640124352648864203e+01
7.741660616848282928e+01
7.824181256989157873e+01
7.890812526656199566e+01
7.499408695038631834e+01
7.303635024163813227e+01
7.408203454866428217e+01
7.201424204118117700e+01
7.286847609598476083e+01
7.569144427279206866e+01
7.873993273850666696e+01
8.198958597747683541e+01
8.485623546121256311e+01
8.119367597946450132e+01
8.325821268909898265e+01
7.618406754904185618e+01
7.801254655096543900e+01
7.867508709716446447e+01
7.392466489375571825e+01
7.533319959951563760e+01
7.007413549730152624e+01
7.204873291963632198e+01
7.197170234102875952e+01
7.199496385124547260e+01
7.323900088295602018e+01
7.583295348947814318e+01
7.612817043874517253e+01
7.176595100260549032e+01
7.854726679223254848e+01
8.256805122809288378e+01
8.202547404702252720e+01
7.754766288840249899e+01
8.149005018138103651e+01
8.925667631870338425e+01
9.139102588674327876e+01
7.676491869215821851e+01
8.068925883186183512e+01
8.279544540668565844e+01
7.910691291344367926e+01
7.310556546504379583e+01
7.637056184345368592e+01
7.776238941388182013e+01
7.630889877216151262e+01
7.809993669087653245e+01
7.623407817033199763e+01
7.581259993239467576e+01
7.919930445425795540e+01
8.419235335404684406e+01
8.663043698163923523e+01
8.406323518682992813e+01
8.088748888903472789e+01
8.344521129125466530e+01
8.424106922416704890e+01
8.041915761256561268e+01
7.791171596551386358e+01
7.653093998981320567e+01
7.306814724641894543e+01
7.501413979594373416e+01
6.866068303312709986e+01
6.879984372808881687e+01
7.275694325367976489e+01
7.301073619607275589e+01
6.674948114936580623e+01
6.432991957222917279e+01
6.699512873432206561e+01
7.563396928822071175e+01
7.787689150963673512e+01
7.718913734096372536e+01
7.492054432949268516e+01
7.405780359218013587e+01
7.126782324300980065e+01
6.618152737381491590e+01
6.995450430198418701e+01
7.331250390934076222e+01
8.231156218624323628e+01
7.970405899593360743e+01
7.561529649910508510e+01
8.032731479544317210e+01
7.574839280816924258e+01
7.408652983821714599e+01
7.385736977577272455e+01
7.844312120857784976e+01
7.283001407379349246e+01
7.314487096482190509e+01
7.625238781328998527e+01
7.038643223924154313e+01
6.991714562302422564e+01
7.400759736491831120e+01
8.016041531546699161e+01
7.833051893653929199e+01
7.268062933653554580e+01
7.318444870882029818e+01
7.259151582106700573e+01
7.156263537587174994e+01
7.366323481086926961e+01
7.311561918664877169e+01
7.571018586010373497e+01
7.442915973179755440e+01
7.574334480643727829e+01
7.834821954285251877e+01
7.677859616776653695e+01
7.635167093600129817e+01
7.960784026594845386e+01
7.878332503112579843e+01
8.201306729549089880e+01
8.211685531418204675e+01
7.951045784075745360e+01
8.026858169003948262e+01
7.980650521970397904e+01
7.799740240755900800e+01
7.030112519850261776e+01
7.495734101101707836e+01
8.136834722944821863e+01
8.072972262328636361e+01
7.727965611401410229e+01
8.111952398421399835e+01
8.321563123046099975e+01
8.126637312983829986e+01
8.219439097413189188e+01
7.354428261703125713e+01
6.851257237931167765e+01
6.790540234635319905e+01
