1.731441937214055429e+02
1.721212341669409227e+02
1.684059185383574402e+02
1.701983505010723547e+02
1.683991470610098986e+02
1.648269605721066284e+02
1.613952878473380110e+02
1.592991849196554881e+02
1.597845488955179576e+02
1.566685860584575209e+02
1.449905790464798656e+02
1.455878541619889290e+02
1.445482687420090997e+02
1.388745340066331835e+02
1.399566475200076070e+02
1.322481528906269261e+02
1.385579359851840877e+02
1.378298896929965167e+02
1.235367342403879860e+02
1.194192174263308743e+02
1.272897428212953201e+02
1.305831599502589029e+02
1.350561423705891855e+02
1.338646167007225642e+02
1.296244120925916263e+02
1.307761085754281112e+02
1.374879536201379437e+02
1.332166948277212839e+02
1.317847535599128719e+02
1.228672133587122630e+02
1.189461741238287260e+02
1.250073942878734670e+02
1.256538116888979744e+02
1.282214807212736503e+02
1.318113238849366269e+02
1.246299359161553184e+02
1.245304197542436953e+02
1.145047875271201008e+02
1.107582789552471780e+02
1.094962996970482294e+02
1.072077581272871925e+02
1.128797031579011616e+02
1.164201660660973801e+02
1.120030313697922395e+02
1.085992146071852744e+02
1.057229713887877551e+02
1.090939998256556009e+02
1.070486739348176997e+02
1.029037564190548437e+02
9.780313355106605400e+01
1.037313973376910496e+02
1.108625412784595881e+02
1.091863637003588821e+02
1.137502899056789829e+02
1.116658631320300259e+02
1.097727496052400511e+02
1.135762412315652199e+02
1.142742729825447014e+02
1.100772280516702608e+02
1.083472354307467498e+02
1.114114473549066986e+02
1.119543692147344984e+02
1.190282004160625888e+02
1.186358161932266881e+02
1.202295984686293480e+02
1.232513248405648625e+02
1.220631948409078689e+02
1.296216697908875801e+02
1.252623781103635565e+02
1.211098683613954421e+02
1.226562672733658275e+02
1.244230853533246659e+02
1.301671141918651244e+02
1.260479072693816676e+02
1.279933503257167757e+02
1.259504493345857270e+02
1.292620377632313193e+02
1.286609286824449043e+02
1.287356305124944242e+02
1.309941765347273019e+02
1.284733619252705239e+02
1.269918857221944961e+02
1.255942003782400036e+02
1.185244472275814616e+02
1.100171313024818716e+02
1.103514439974763803e+02
1.146373267670366971e+02
1.128253339835548985e+02
1.148886764112493637e+02
1.135512682063062186e+02
1.132921337398075394e+02
1.136011004586212891e+02
1.149082560322507192e+02
1.143069140900090446e+02
1.139203149138136126e+02
1.137635375535542437e+02
1.165151629961347766e+02
1.121706308402854546e+02
1.124037706304665107e+02
1.125281571187559138e+02
1.178146227907100467e+02
1.177730459163243779e+02
1.217446882452572225e+02
1.184684294925431232e+02
1.191192133899821926e+02
1.107098089760718835e+02
1.087288198115718814e+02
1.067530591326747071e+02
1.106201939691001144e+02
1.108718566295669348e+02
1.118364513917719307e+02
1.069244265054892082e+02
1.067322907886933478e+02
1.095287734556819004e+02
1.074915845352986707e+02
1.080561687439164160e+02
1.100493300345784462e+02
1.082566890469112764e+02
1.101630905271324536e+02
1.148104805921315403e+02
1.115168827629349408e+02
1.030579719919563786e+02
1.054979911332728193e+02
9.530086203534492029e+01
9.863276355941914630e+01
1.003746994416788851e+02
9.927463570612412980e+01
9.445768497476549896e+01
9.244722604519527920e+01
9.073117389632898266e+01
8.498459834488626541e+01
8.806604421919409731e+01
8.841090907863970472e+01
9.154520331870391203e+01
8.848529701965047423e+01
8.405913848881630202e+01
8.517485821612878283e+01
9.264474945487692992e+01
9.277851204364280591e+01
8.517291721697090168e+01
8.767092927160553018e+01
8.605808646440716814e+01
8.702495044690137149e+01
8.188514862439002684e+01
8.019654001191619841e+01
8.108250772018874386e+01
8.315060428368937551e+01
7.963034013936170652e+01
8.257472692006898285e+01
7.861635612055344779e+01
7.974012294868425954e+01
7.894125438460505961e+01
7.865543262083080833e+01
8.306538723020224779e+01
8.900146341096002800e+01
8.760685931629861045e+01
9.424690195360180667e+01
8.737580034961835906e+01
9.428816520682352120e+01
9.086563246091856172e+01
8.493232647373184818e+01
8.387754429205014617e+01
8.265230829628465870e+01
7.951852409240191832e+01
8.070290957058867320e+01
7.854384318431705481e+01
8.141207544085067127e+01
8.052405760706966475e+01
8.077455767325027125e+01
8.268556564810121756e+01
8.344951656704658660e+01
8.518798415651221489e+01
9.124264313498984791e+01
8.782421357964135211e+01
8.961270247949143197e+01
8.711337960535099967e+01
9.240380294035159636e+01
9.572167166607027866e+01
9.620248635551247673e+01
9.273221914652202713e+01
8.965682710304095338e+01
8.560147703003808317e+01
8.286931423188011081e+01
8.602143220985989558e+01
8.521966201633347282e+01
8.477544128197325790e+01
9.208565954703126977e+01
9.435042892816768756e+01
9.251181795438758115e+01
9.158364741547438825e+01
9.068462846166985969e+01
8.564730127800191894e+01
8.902293425176563346e+01
8.441798745054789777e+01
8.280470396579971748e+01
8.723009144996782993e+01
8.807741031402473197e+01
8.899377026037650751e+01
8.869490099482993628e+01
8.554170770418080849e+01
8.637968753634177688e+01
8.629210262972875967e+01
9.172804383796214722e+01
8.730877337160443119e+01
8.360335434378863795e+01
8.663427866842914682e+01
9.130919408577216245e+01
9.129771655391438401e+01
9.007037625678042048e+01
8.692254297177355227e+01
8.869685388150921312e+01
9.005922403715366897e+01
9.920855289556911316e+01
9.353008198739121326e+01
9.294455643813442691e+01
9.415559263842150983e+01
8.958963917737537486e+01
9.323698164074816930e+01
8.786745399410879998e+01
8.579940841429178988e+01
8.564414687620791256e+01
9.212514368114027263e+01
9.473270975695908191e+01
9.559088753132004967e+01
9.409914827510766600e+01
9.169654719410132770e+01
8.817083809114461701e+01
8.781678169672147760e+01
8.889576680311034806e+01
9.181009115867928472e+01
9.065444821233907646e+01
9.223875245223334218e+01
9.290850333466437405e+01
9.640813163599872837e+01
9.319858692970466052e+01
8.820129400858405688e+01
8.908449156376373423e+01
8.670558632786247699e+01
8.782821321149394578e+01
8.591502867800608101e+01
9.079502673925277634e+01
8.891785232360956570e+01
8.515831014813515765e+01
8.647953239952690296e+01
9.101089927191992501e+01
8.580771320088241794e+01
8.232672345357504184e+01
8.431898220497699015e+01
8.693998666778210804e+01
9.056278293980054173e+01
9.297822544365095609e+01
9.253446536435325243e+01
8.989042360562068268e+01
9.141805777746350259e+01
9.167694186054373517e+01
9.086133811083581691e+01
8.854095699423872645e+01
9.218709048982017862e+01
8.963815072651271976e+01
9.661263279613379495e+01
9.914937563794200059e+01
9.362683865584766352e+01
9.228407515311386078e+01
9.504237659733416876e+01
9.869988087862431314e+01
9.874054495251768060e+01
9.405881479341351792e+01
9.022602788814619146e+01
9.363107545632061601e+01
8.435508934144245075e+01
8.965651500760891679e+01
9.069389599395316282e+01
9.135906019903934805e+01
9.477833054322462658e+01
9.454272689196317003e+01
9.330477640894613955e+01
9.372411805744957292e+01
9.475589381623240115e+01
9.726092655787833507e+01
8.950631330814401565e+01
9.033324091439089898e+01
9.072872942193039592e+01
9.193353246210695318e+01
8.643878170959794716e+01
8.166366569416692300e+01
8.840716352864117766e+01
8.616738471706808866e+01
8.488300652079679764e+01
8.493434859575427254e+01
8.260290272813676893e+01
8.688491052438455142e+01
8.665982355996375475e+01
9.017213715903001514e+01
8.844688434392307386e+01
9.202109666460235360e+01
9.138612318995751593e+01
9.099407988342422016e+01
9.392857004029295354e+01
9.452535539344881954e+01
9.254251882521617745e+01
9.070839240991311669e+01
9.078132518831321818e+01
8.837247042778771799e+01
9.135561421780192859e+01
9.006521445990577490e+01
8.751419846507995715e+01
8.745183652648101713e+01
9.037466110199717662e+01
9.205729539297169595e+01
8.993999858556719573e+01
8.638861277369066727e+01
8.815578762025327819e+01
8.225309897784575242e+01
7.850443574168933480e+01
7.838593375929620777e+01
8.344199372243761559e+01
8.660869836456717508e+01
8.836842012058743023e+01
8.752660642718821293e+01
8.577728263144933862e+01
8.979731360502725579e+01
8.787758001816240494e+01
8.580407115035974641e+01
8.256829800308082667e+01
8.555455721981554973e+01
8.947147326974062764e+01
8.571461446369718828e+01
8.464517479246468667e+01
8.269534476663049816e+01
8.635118256344914300e+01
8.639085692835263330e+01
8.983005456545294010e+01
9.485100206793690347e+01
9.684200643119486074e+01
9.600988531985160535e+01
9.076170238545851987e+01
8.605950565603572500e+01
8.251639393799456457e+01
8.436130404265676930e+01
8.222859352828660917e+01
8.361882283549847727e+01
8.370907873981299474e+01
8.408619002237571749e+01
8.501456644750335556e+01
8.005636703100500995e+01
8.055289878155824113e+01
8.301225670475416507e+01
8.658103308409529575e+01
8.382574279809085738e+01
8.465659516417224495e+01
8.739630570542323085e+01
8.645066457815367755e+01
8.625252115791998619e+01
8.732666712487477412e+01
8.724989764485376043e+01
8.770624108804291552e+01
8.659795575199841267e+01
8.352114804742707577e+01
8.146632077755350565e+01
8.673027668594072281e+01
8.426681000996109105e+01
8.808918509558564836e+01
8.750557159850245625e+01
9.161217566463240303e+01
8.951185960491987714e+01
9.177466267222227714e+01
8.837462779314645900e+01
8.954572222971418682e+01
8.926348009093779012e+01
8.518966918775974762e+01
9.389415163918039298e+01
9.510024063574009290e+01
9.230188671259953992e+01
8.904092146296798660e+01
9.396340269022577729e+01
9.217398086510644362e+01
9.155753227327230093e+01
8.954526499588226329e+01
8.743233773116712371e+01
8.392669661623223476e+01
8.052128688323375627e+01
8.065334750490831084e+01
7.792525767815102711e+01
7.487518127388334221e+01
7.354243114861952790e+01
7.363209833928739556e+01
7.926409284157199409e+01
8.439182468173436291e+01
8.349985605642568487e+01
8.073425256692780749e+01
8.357951215009714474e+01
8.471389789292165062e+01
7.798904093101003809e+01
7.393005902685526110e+01
7.433235814403700203e+01
7.539071648277237614e+01
7.827164314426953240e+01
7.929031140275519363e+01
7.763784375924279857e+01
7.527293096798497629e+01
7.538404513392831063e+01
6.991533138188184182e+01
7.664485800262858106e+01
7.709394079282925816e+01
7.944081026080498020e+01
7.276335339605401487e+01
6.495130499337226126e+01
7.058168367079468908e+01
7.392863831480552506e+01
7.005660208544122725e+01
7.389133184576968461e+01
7.726438628752030979e+01
7.560125874232933540e+01
7.058846273223268497e+01
6.883940857523688805e+01
6.886620752793754718e+01
6.782370592314899227e+01
7.084326125054614920e+01
7.415092367867028145e+01
7.246726727435874693e+01
7.484462207342832585e+01
7.616080789257918582e+01
7.247531612691193459e+01
7.050540272888731863e+01
7.263165862989281152e+01
6.377231987653331657e+01
6.461293195174327764e+01
6.762512897419928493e+01
6.597719862966624760e+01
6.399256639356041632e+01
5.884043845264886130e+01
5.466652484339170570e+01
5.671639911622018104e+01
6.090981927237562843e+01
6.065071756585887641e+01
6.555392774290889690e+01
7.166114680927526592e+01
6.157643312660218982e+01
5.787468447685026973e+01
6.345283738042073196e+01
6.224250506337535427e+01
5.730158223432663789e+01
5.718328165950373432e+01
5.956603623796913638e+01
6.666030749601415550e+01
6.377057770299219186e+01
5.803921998633625634e+01
5.620246375332252597e+01
5.747944241147366995e+01
5.517050498188366703e+01
5.771067140426901432e+01
6.203069426010323184e+01
6.569979846713204097e+01
5.894834476712183857e+01
5.551430701089268638e+01
5.882644849647132190e+01
5.326291595901899001e+01
5.224161694603962758e+01
5.893293466510777279e+01
5.662911313245140121e+01
5.485429718082536255e+01
5.806345223966979319e+01
5.592168533767019056e+01
5.858227414574670888e+01
5.988202520505554816e+01
5.917821877580212941e+01
5.753443473380625051e+01
5.632667881423250122e+01
5.446058437603019797e+01
5.337548662634635122e+01
5.539077899035429908e+01
6.309921038816323602e+01
6.032028097859194560e+01
5.612593656641639228e+01
5.878642754116975055e+01
5.482754593498153639e+01
5.018785798306108603e+01
5.331543167856953858e+01
5.482725086627055333e+01
5.972503855967066499e+01
5.791154220796453700e+01
5.749167981823253371e+01
6.043043963634992366e+01
5.742647973886127488e+01
5.466778594907058419e+01
5.435029541173137346e+01
4.961072419040234394e+01
5.107942241723440446e+01
4.973401572284241468e+01
5.519211759085310121e+01
5.695283706245882627e+01
5.799335467445597203e+01
6.031058944293547341e+01
6.225315033168072176e+01
6.737130619854026747e+01
6.482374622358648253e+01
6.259213924255634964e+01
5.563613790159681116e+01
5.460170935645408008e+01
5.097830374862162017e+01
5.475505047567806116e+01
5.990158900971645295e+01
5.829971568090542888e+01
5.545940385232657377e+01
5.618395401200694295e+01
5.915793603634143949e+01
6.388846637459378286e+01
5.839681746572221499e+01
5.932843186239142597e+01
6.233845242794824060e+01
6.050522117652664633e+01
5.868900120003453225e+01
6.019915459008854697e+01
5.611816438492640913e+01
5.830329585721925412e+01
6.500061462137142598e+01
6.043637039181233206e+01
5.888257153037432801e+01
5.462332816952513781e+01
5.451447449354298413e+01
6.511731780714748652e+01
6.434950486027983629e+01
6.325828873077826131e+01
6.748941872440273926e+01
6.566243024065269651e+01
6.334966253869572483e+01
6.262838431552632557e+01
6.318366346388676646e+01
5.853585441047760440e+01
6.155187757379059121e+01
6.417125011557958203e+01
6.405090296081210965e+01
6.344499549588870480e+01
6.010540761742958438e+01
6.063550825062192473e+01
6.558595315041860374e+01
7.023355513103423675e+01
6.741558132825433347e+01
6.258283129794805433e+01
6.612553095044599161e+01
6.185621771080179343e+01
6.402854581131460066e+01
6.399390532533215747e+01
6.241398850032707912e+01
6.714839786180495196e+01
6.748309432875457503e+01
6.637324422530373624e+01
6.268213170939109347e+01
6.283673563912364557e+01
5.791385518950034594e+01
6.128589233447094387e+01
6.152183821716240431e+01
6.406609623888199678e+01
6.325518315424410076e+01
6.244903288663510921e+01
5.961182694724503506e+01
5.893853212691568899e+01
5.488737850126503304e+01
5.546162713078927453e+01
5.790431055546006434e+01
5.918025715396405673e+01
5.837907587259038422e+01
5.685252505897717157e+01
5.687346535406022952e+01
5.961913160381027410e+01
6.136974025169293157e+01
5.944148130065251223e+01
5.874506608620627901e+01
5.793106797529197394e+01
5.768639221691012153e+01
6.241214595322798431e+01
6.383977439853611457e+01
6.144231179281831601e+01
6.176283726365787885e+01
6.517231373235421188e+01
6.679563215751082339e+01
6.577995863059847181e+01
6.890912145991768512e+01
7.092020064509743804e+01
6.671106764733228545e+01
6.199465789008960570e+01
5.673708286696910363e+01
5.883358334171914805e+01
5.823991781977516524e+01
6.641326452937936153e+01
6.181143683247384502e+01
6.085475784787487186e+01
5.820896803766904526e+01
6.489627454553910013e+01
7.112833751117283043e+01
6.812593706055140785e+01
7.266305779304470036e+01
7.358481455833411644e+01
7.100945745215391014e+01
7.372211069382115056e+01
7.126915616903113460e+01
7.029740751280648681e+01
6.675150695404092005e+01
6.198435784838040519e+01
6.750683162558279093e+01
6.790223760489959659e+01
7.022471583199494205e+01
7.627588552381443776e+01
7.508940748041240454e+01
7.480266712702463394e+01
7.045698220304781501e+01
7.145378229211264909e+01
8.214627550939890455e+01
7.621948053592103633e+01
7.401857280931227479e+01
7.550143631831410573e+01
7.463506385798322640e+01
7.402155348057706874e+01
7.323149945993489496e+01
7.171331887588898724e+01
7.032936404969206023e+01
6.926114682385775723e+01
7.020256944155498502e+01
6.865375880249335694e+01
6.551465852337530293e+01
6.649223409363570170e+01
6.108221673333231649e+01
5.830727682196511097e+01
6.192211430786753112e+01
6.980870195651361598e+01
6.674219817263258392e+01
6.835284390067059235e+01
6.992588364409994028e+01
6.536311983214739030e+01
6.266733115906416884e+01
6.130023991686008600e+01
6.202754610026161686e+01
6.356951946105645845e+01
6.975924421142721599e+01
6.860879028544486857e+01
7.590363560622610350e+01
7.637307830915848683e+01
7.522544618720417020e+01
7.836281043269690372e+01
7.846258623673338661e+01
7.583584013572132676e+01
7.062988656405970289e+01
7.295311036479161260e+01
6.574572985714959827e+01
7.801778934764202234e+01
8.323789298346322596e+01
7.886801905250678146e+01
7.787313887743049179e+01
7.885265009468515984e+01
7.214614477873348619e+01
6.770814514312155552e+01
6.568546400526126661e+01
6.320810330776842534e+01
6.317474267958048273e+01
6.358898953656869679e+01
6.808680611683961104e+01
5.978534414740033043e+01
6.713650673137387059e+01
6.070332066906169644e+01
5.767089476945635340e+01
6.077815036539568183e+01
5.556130212310050354e+01
5.843123589046586375e+01
5.954861145303192416e+01
5.951870790293224900e+01
6.003806942286939119e+01
6.552447786585220513e+01
6.753944869172472920e+01
6.577666454711595634e+01
6.818268676308831289e+01
6.726279614187276934e+01
6.228021367241031214e+01
6.170006554617945937e+01
6.452023765172583580e+01
6.348241701525589775e+01
6.477370445357051665e+01
7.007336856841013173e+01
6.970903776676836117e+01
7.531761681539560982e+01
7.891493375540704847e+01
8.016060262517818558e+01
8.012551412043728760e+01
8.107100739999488326e+01
7.980367626024717254e+01
7.890044365932540416e+01
7.629361128795355285e+01
7.543875209594790476e+01
7.973873303863381068e+01
8.229484772736959997e+01
8.165147646210209587e+01
8.225276984515112133e+01
7.998970413363015552e+01
8.033697718473970895e+01
7.516076433906886223e+01
7.569515527361936336e+01
8.248831774078551859e+01
8.148738202412697262e+01
8.305362914758798354e+01
8.413518898324205963e+01
8.795068113047469183e+01
8.246489458571305420e+01
7.663223552313138498e+01
7.781264825026153176e+01
7.600047791965039323e+01
7.423192274157304382e+01
6.934067833820290616e+01
6.732818902020615326e+01
6.910284198821148038e+01
6.781124312657782127e+01
6.907861332699451395e+01
6.770268303895723250e+01
6.834036487855738073e+01
6.858019276983344525e+01
6.395460776210642706e+01
6.968242252687963401e+01
7.089595598123193554e+01
7.041343733676347938e+01
6.711502196612254068e+01
6.289755717415027192e+01
6.937165093170855812e+01
7.095995486459680990e+01
7.169501983128758127e+01
6.668887539086095728e+01
6.992289108420516186e+01
7.221956411437379586e+01
7.128094130804173290e+01
7.522448624720914268e+01
7.079776831272069160e+01
7.338373193975174047e+01
7.199803776319539850e+01
7.044800617327544501e+01
7.052749332284146533e+01
6.965171682062737091e+01
6.944909996371336547e+01
7.085505866835876532e+01
6.748853943321473992e+01
6.815042150462238624e+01
7.099642718171709532e+01
6.692024996586947339e+01
7.220655174506198648e+01
6.919527264115112075e+01
7.394286483349033290e+01
7.660081958807650437e+01
8.018317594098191137e+01
7.808904616211194138e+01
7.783478782620977654e+01
8.021084958495789863e+01
8.064534572669450085e+01
7.694256594810586591e+01
7.349157653103270604e+01
7.401593954174609280e+01
7.756782481059605061e+01
7.550458646827091513e+01
7.133004169826436680e+01
6.998304456717396249e+01
7.298267767545655715e+01
7.021729982292579564e+01
6.996967345849934361e+01
6.853025555702150484e+01
7.126530382585661982e+01
6.715564039275410835e+01
6.336646735898788307e+01
6.588561016041671792e+01
6.489908877475934901e+01
6.827058891466717228e+01
6.965969329412558864e+01
6.447175207384383100e+01
6.542522326965517721e+01
6.813564002992345081e+01
6.672496542521071206e+01
6.750311861782266476e+01
7.179337225306078096e+01
6.994822745565706157e+01
6.903183162947004803e+01
7.020879607337818129e+01
7.431835892625365148e+01
7.701732508791189957e+01
8.127540944393136613e+01
8.419910898673889221e+01
8.442027935388807691e+01
8.900104035221400522e+01
8.284630761894989348e+01
7.781720958534209842e+01
8.063646628544329076e+01
8.068923564082810174e+01
7.901629102404726268e+01
8.037338073580906439e+01
8.289331525148028845e+01
7.907146041318030427e+01
8.144707859056889276e+01
8.554005414702827181e+01
8.186324838797348491e+01
7.187993502522932943e+01
7.959299123942609810e+01
7.841617506806819904e+01
7.434502617523499168e+01
7.972185536977040954e+01
7.638838301945980902e+01
7.237472397539528401e+01
7.304474350663208781e+01
