8.714504081679342562e+01 3.962351003979748487e+00
8.687312197775740685e+01 3.982938057565216905e+00
8.703004414699131530e+01 3.681537315518219611e+00
8.736066379533284021e+01 3.421179137035708973e+00
8.714819608828003084e+01 3.256315598836523328e+00
8.596879171073982207e+01 3.317846193396469356e+00
8.524771404042455458e+01 3.344772515441818861e+00
8.426311863330437291e+01 3.280572914041279819e+00
8.341794655596322627e+01 3.400983023872679034e+00
8.317150989021675400e+01 3.291413966120344092e+00
8.256022720001897142e+01 3.330637477711259731e+00
8.231433740651299047e+01 3.258894755435825186e+00
8.191364493094559407e+01 3.306053556337748223e+00
8.174674189689744708e+01 3.290197561949580241e+00
8.159463188137468137e+01 3.354882151500555132e+00
8.121732372423034008e+01 3.321519519752652361e+00
8.094623613053853717e+01 3.395332900153257061e+00
8.096297048991530687e+01 3.254140766672958041e+00
8.057819648867976525e+01 3.297235040009285800e+00
8.033470620848035537e+01 3.307412469329103821e+00
8.012170399164368462e+01 3.272545000591380315e+00
7.980537726381116670e+01 3.396171438020913591e+00
7.980617558675996293e+01 3.299193197573428549e+00
7.958341759530564730e+01 3.258847875625804136e+00
7.939035165357248047e+01 3.282862386621778761e+00
7.884039575643200237e+01 3.400983023872679034e+00
7.882456899078317747e+01 3.400983023872679034e+00
7.875509671088695995e+01 3.267664633333140056e+00
7.859495343293521330e+01 3.260204265010771429e+00
7.807433344997228630e+01 3.400983023872679034e+00
7.782687622201881084e+01 3.330519372689877855e+00
7.766588905062228321e+01 3.400983023872679034e+00
7.742144224594967739e+01 3.400983023872679034e+00
7.712882864252709680e+01 3.400983023872679034e+00
7.695474548666291525e+01 3.400983023872679034e+00
7.650837466569758760e+01 3.400983023872679034e+00
7.620433433794156031e+01 3.351472227253891045e+00
7.580754735226736329e+01 3.361530291322708308e+00
7.548877011207601129e+01 3.400983023872679034e+00
7.533098923426403815e+01 3.400983023872679034e+00
7.504575099456134524e+01 3.349409266150074060e+00
7.495348121712952150e+01 3.400983023872679034e+00
7.470500868643925685e+01 3.400983023872679034e+00
7.443435134841335810e+01 3.400983023872679034e+00
7.421362858599044898e+01 3.333541635437389683e+00
7.395832789696351028e+01 3.400983023872679034e+00
7.380952362352590512e+01 3.346147050719101568e+00
7.363936334286206886e+01 3.400983023872679034e+00
7.353671058995661269e+01 3.400983023872679034e+00
7.339553542316022572e+01 3.375702397808613586e+00
7.315502286197055071e+01 3.287809351089159282e+00
7.305383640689792912e+01 3.400983023872679034e+00
7.287475055153277026e+01 3.400983023872679034e+00
7.280422266266980103e+01 3.310725352448297798e+00
7.261663928523284994e+01 3.255321023518937373e+00
7.229626521835902508e+01 3.400983023872679034e+00
7.213406238231102918e+01 3.400983023872679034e+00
7.202307814163143007e+01 3.400983023872679034e+00
7.199909859253294542e+01 3.400983023872679034e+00
7.194886740910338574e+01 3.362804426201930319e+00
7.177204534324727092e+01 3.267837915528178705e+00
7.159324212667669940e+01 3.270820979377167426e+00
7.135112299347719045e+01 3.400983023872679034e+00
7.121589721742736856e+01 3.355284679039570062e+00
7.104203056046937093e+01 3.400983023872679034e+00
7.087783454225466073e+01 3.400983023872679034e+00
7.078806890144447550e+01 3.331766631158110226e+00
7.081446394634940589e+01 3.400983023872679034e+00
7.070698978074770480e+01 3.400983023872679034e+00
7.064736584042613288e+01 3.253641207312569783e+00
7.049237903082861578e+01 3.400983023872679034e+00
7.036371283164507417e+01 3.400983023872679034e+00
7.044717907159396475e+01 3.400983023872679034e+00
7.042445922419133808e+01 3.345813056667121810e+00
7.035693771033561461e+01 3.400983023872679034e+00
7.037753976715056581e+01 3.400983023872679034e+00
7.035142954641511892e+01 3.400983023872679034e+00
7.027757610820971479e+01 3.400983023872679034e+00
7.009359316575319099e+01 3.400983023872679034e+00
7.012778319390406523e+01 3.400983023872679034e+00
7.000488037560698729e+01 3.400983023872679034e+00
6.986717415113707830e+01 3.400983023872679034e+00
6.975446886396821355e+01 3.400983023872679034e+00
6.950215780854246361e+01 3.398923136775516607e+00
6.935591717627816877e+01 3.252083838249070435e+00
6.912757212451541022e+01 3.400983023872679034e+00
6.910066806686850782e+01 3.400983023872679034e+00
6.904415727154447779e+01 3.400983023872679034e+00
6.904336807188153102e+01 3.400983023872679034e+00
6.903026702193804454e+01 3.278326910250248361e+00
6.887454908080221117e+01 3.400983023872679034e+00
6.879232577992189590e+01 3.349762516321391992e+00
6.879437224531500306e+01 3.400983023872679034e+00
6.871327099579984576e+01 3.400983023872679034e+00
6.861232561073195768e+01 3.400983023872679034e+00
6.843418893199121555e+01 3.400983023872679034e+00
6.841632273792701824e+01 3.400983023872679034e+00
6.826229818087601586e+01 3.400983023872679034e+00
6.827959956196879432e+01 3.400983023872679034e+00
6.823085261536117230e+01 3.400983023872679034e+00
6.828427228456372688e+01 3.400983023872679034e+00
6.819534775730342346e+01 3.400983023872679034e+00
6.821092400927091148e+01 3.387537709824950838e+00
6.806206647241056373e+01 3.400983023872679034e+00
6.808908844236516700e+01 3.400983023872679034e+00
6.787397035467282080e+01 3.400983023872679034e+00
6.773676049933415300e+01 3.400983023872679034e+00
6.759048289143667887e+01 3.337379750967659930e+00
6.755832849786739303e+01 3.400983023872679034e+00
6.750630016775514264e+01 3.400983023872679034e+00
6.743908419095190254e+01 3.400983023872679034e+00
6.727867629708880770e+01 3.400983023872679034e+00
6.722292508176863635e+01 3.400983023872679034e+00
6.702355824118382088e+01 3.400983023872679034e+00
6.688570288769874139e+01 3.400983023872679034e+00
6.677207167207406258e+01 3.400983023872679034e+00
6.668227958152239410e+01 3.400983023872679034e+00
6.643841384910729175e+01 3.400983023872679034e+00
6.639275251112425735e+01 3.343544020068869749e+00
6.642691909412050677e+01 3.400983023872679034e+00
6.628728124013987610e+01 3.400983023872679034e+00
6.604198756858343700e+01 3.400983023872679034e+00
6.603839444372643186e+01 3.400983023872679034e+00
6.584688479836810870e+01 3.400983023872679034e+00
6.583566912612626254e+01 3.325110024643502360e+00
6.581134259803697262e+01 3.270849551605897076e+00
6.566527045938693163e+01 3.400983023872679034e+00
6.544428867048959830e+01 3.400983023872679034e+00
6.536818385081501503e+01 3.400983023872679034e+00
6.529739109180384560e+01 3.400983023872679034e+00
6.496931207509797446e+01 3.400983023872679034e+00
6.487098890571481036e+01 3.400983023872679034e+00
6.480344597553909125e+01 3.400983023872679034e+00
6.472438812806544206e+01 3.400983023872679034e+00
6.450262006937568060e+01 3.400983023872679034e+00
6.423267591697162970e+01 3.400983023872679034e+00
6.413052815586603117e+01 3.400983023872679034e+00
6.405733361821273775e+01 3.400983023872679034e+00
6.393997654256741470e+01 3.400983023872679034e+00
6.360616828121924726e+01 3.400983023872679034e+00
6.349649748009426986e+01 3.400983023872679034e+00
6.331134519912142622e+01 3.400983023872679034e+00
6.309714954722468150e+01 3.400983023872679034e+00
6.281649388528516198e+01 3.400983023872679034e+00
6.265600879855015393e+01 3.400983023872679034e+00
6.249051016019794247e+01 3.400983023872679034e+00
6.238738559349733492e+01 3.400983023872679034e+00
6.220046186324108817e+01 3.400983023872679034e+00
6.207426197116792110e+01 3.327923059545760065e+00
6.193283015216908183e+01 3.400983023872679034e+00
6.183587361582357289e+01 3.400983023872679034e+00
6.166568608494678472e+01 3.400983023872679034e+00
6.153330695847060383e+01 3.400983023872679034e+00
6.152544558340222380e+01 3.400983023872679034e+00
6.163717767647881374e+01 3.398552946645949202e+00
6.143110370932758002e+01 3.293078668857232216e+00
6.143474355164422462e+01 3.362446451195906238e+00
6.131971627254770851e+01 3.400983023872679034e+00
6.140491258142906617e+01 3.379687207639163748e+00
6.137526402583017671e+01 3.400983023872679034e+00
6.124036478549601270e+01 3.396264975717534274e+00
6.121463939561249390e+01 3.400983023872679034e+00
6.117358606915570363e+01 3.400983023872679034e+00
6.109705921844056320e+01 3.400983023872679034e+00
6.101149424048336556e+01 3.316812239114547811e+00
6.091965330706457138e+01 3.400983023872679034e+00
6.086943026784129529e+01 3.400983023872679034e+00
6.083826744593504543e+01 3.350448616410141245e+00
6.082251145170685902e+01 3.400983023872679034e+00
6.074467384795163127e+01 3.400983023872679034e+00
6.069677674853380012e+01 3.400983023872679034e+00
6.059383469634135366e+01 3.394242068211845265e+00
6.060757293616990893e+01 3.299376332659137212e+00
6.044540562872613521e+01 3.400983023872679034e+00
6.035758785012222916e+01 3.380204639739172734e+00
6.019693058289828969e+01 3.400983023872679034e+00
6.025292938969698042e+01 3.400983023872679034e+00
6.026714847637711614e+01 3.400983023872679034e+00
6.027882188469425273e+01 3.400983023872679034e+00
6.017697272887370019e+01 3.343544819792547695e+00
6.008502286056431529e+01 3.400983023872679034e+00
5.992494591500249612e+01 3.400983023872679034e+00
5.982881744744371844e+01 3.400983023872679034e+00
5.983946796244305943e+01 3.400983023872679034e+00
5.980051442837077502e+01 3.267247401663150974e+00
5.970647784394976298e+01 3.400983023872679034e+00
5.981292164025202140e+01 3.400983023872679034e+00
5.985074965122408486e+01 3.400983023872679034e+00
5.979941592694337515e+01 3.400983023872679034e+00
5.968250706290645979e+01 3.400983023872679034e+00
5.957565998747083569e+01 3.363014186174116738e+00
5.944079865932276618e+01 3.400983023872679034e+00
5.937568866220699704e+01 3.355580260906892320e+00
5.929273620417980339e+01 3.400983023872679034e+00
5.922996161511102997e+01 3.400983023872679034e+00
5.931672735877882019e+01 3.400983023872679034e+00
5.932101732726401622e+01 3.400983023872679034e+00
5.925717951683742513e+01 3.400983023872679034e+00
5.923277649869800143e+01 3.400983023872679034e+00
5.921286308658518038e+01 3.400983023872679034e+00
5.921403139526703541e+01 3.359396922440558875e+00
5.914447795575195244e+01 3.400983023872679034e+00
5.925996617763839680e+01 3.400983023872679034e+00
5.920943517823103264e+01 3.400983023872679034e+00
5.912745293070732089e+01 3.400983023872679034e+00
5.911225731876655942e+01 3.400983023872679034e+00
5.905938991325198373e+01 3.400983023872679034e+00
5.911051127071301892e+01 3.400983023872679034e+00
5.907433834056327981e+01 3.400983023872679034e+00
5.900962142518049092e+01 3.400983023872679034e+00
5.904161299287056153e+01 3.400983023872679034e+00
5.908215470302080519e+01 3.400983023872679034e+00
5.913806579462315938e+01 3.400983023872679034e+00
5.909853009442797855e+01 3.400983023872679034e+00
5.904516921079371627e+01 3.400983023872679034e+00
5.907209249253796912e+01 3.400983023872679034e+00
5.895959420192383504e+01 3.396467940305631039e+00
5.893700291159120752e+01 3.400983023872679034e+00
5.876325374570939886e+01 3.400983023872679034e+00
5.868807200272229352e+01 3.400983023872679034e+00
5.856200537391511318e+01 3.400983023872679034e+00
5.865398705743614016e+01 3.400983023872679034e+00
5.862488522629502796e+01 3.400983023872679034e+00
5.861741135083977383e+01 3.400983023872679034e+00
5.856425278082136998e+01 3.400983023872679034e+00
5.849822935015015446e+01 3.400983023872679034e+00
5.846160590844589677e+01 3.400983023872679034e+00
5.841347094431147724e+01 3.394416804766666740e+00
5.842111608638060716e+01 3.400983023872679034e+00
5.846852293468928963e+01 3.400983023872679034e+00
5.837678545130923879e+01 3.400983023872679034e+00
5.835612838922143908e+01 3.400983023872679034e+00
5.836998922847799776e+01 3.395938224061840760e+00
5.837021065360307404e+01 3.400983023872679034e+00
5.841185258947497516e+01 3.400983023872679034e+00
5.836710170071352621e+01 3.388650220311194783e+00
5.833265269154252763e+01 3.400983023872679034e+00
5.829230501801021092e+01 3.400983023872679034e+00
5.819677294640733578e+01 3.400983023872679034e+00
5.809686268024177025e+01 3.400983023872679034e+00
5.812383649508966244e+01 3.400983023872679034e+00
5.813528155478316251e+01 3.400983023872679034e+00
5.807872122977364171e+01 3.400983023872679034e+00
5.813969823101859191e+01 3.400983023872679034e+00
5.820561367670924113e+01 3.332156923322207032e+00
5.808088430203456198e+01 3.400983023872679034e+00
5.795823557186826491e+01 3.400983023872679034e+00
5.800811223089653623e+01 3.400983023872679034e+00
5.801528802372146743e+01 3.400983023872679034e+00
5.803417487008942999e+01 3.400983023872679034e+00
5.805914788090024814e+01 3.400983023872679034e+00
5.808899167516987916e+01 3.400983023872679034e+00
5.809508039180720829e+01 3.400983023872679034e+00
5.807032757788785915e+01 3.400983023872679034e+00
5.801287438177108413e+01 3.400983023872679034e+00
5.800843462621380553e+01 3.377018425781807220e+00
5.801912365616470169e+01 3.400983023872679034e+00
5.810248653550932119e+01 3.400983023872679034e+00
5.809119055466125303e+01 3.400983023872679034e+00
5.812781676490837413e+01 3.400983023872679034e+00
5.819735363491901126e+01 3.400983023872679034e+00
5.808070569884525725e+01 3.400983023872679034e+00
5.803787836969267744e+01 3.400983023872679034e+00
5.799727226434338689e+01 3.400983023872679034e+00
5.808714460574201865e+01 3.400983023872679034e+00
5.815192013467382992e+01 3.400983023872679034e+00
5.810029153947515823e+01 3.400983023872679034e+00
5.799922521937758546e+01 3.343671316244976044e+00
5.824179330360647810e+01 3.400983023872679034e+00
5.810971579181738633e+01 3.400983023872679034e+00
5.817903859519883270e+01 3.400983023872679034e+00
5.820207012067256613e+01 3.337507304310363576e+00
5.816287181565353848e+01 3.367610786931533706e+00
5.821214415244318729e+01 3.263324041317726021e+00
5.818872492477074587e+01 3.400983023872679034e+00
5.814648854290770430e+01 3.400983023872679034e+00
5.811426706271577558e+01 3.400983023872679034e+00
5.809484906684025418e+01 3.400983023872679034e+00
5.806644943299237127e+01 3.400983023872679034e+00
5.789015920530079740e+01 3.400983023872679034e+00
5.791528452482312872e+01 3.400983023872679034e+00
5.794149148039738861e+01 3.400983023872679034e+00
5.797347893040478084e+01 3.384035855833244621e+00
5.790141346149307111e+01 3.400983023872679034e+00
5.774603327329032965e+01 3.400983023872679034e+00
5.779260794304767046e+01 3.400983023872679034e+00
5.773842759806237268e+01 3.400983023872679034e+00
5.767581183689131308e+01 3.400983023872679034e+00
5.771647873654040950e+01 3.400983023872679034e+00
5.769868848075452661e+01 3.400983023872679034e+00
5.772512547322566689e+01 3.400983023872679034e+00
5.769806510230334595e+01 3.400983023872679034e+00
5.772101767271291095e+01 3.400983023872679034e+00
5.771995431029857571e+01 3.400983023872679034e+00
5.777836198312572691e+01 3.400983023872679034e+00
5.757760627128585185e+01 3.400983023872679034e+00
5.754263282004089319e+01 3.400983023872679034e+00
5.745083197261035934e+01 3.400983023872679034e+00
5.748738641266601235e+01 3.400983023872679034e+00
5.748328118488583982e+01 3.400983023872679034e+00
5.742935355865792957e+01 3.400983023872679034e+00
5.747425693939772628e+01 3.262159600304917806e+00
5.737968084918671252e+01 3.400983023872679034e+00
5.739213518803224190e+01 3.271567507168474886e+00
5.743804128781698637e+01 3.400983023872679034e+00
5.728814205973046825e+01 3.400983023872679034e+00
5.723471029438599089e+01 3.400983023872679034e+00
5.726220969183138010e+01 3.400983023872679034e+00
5.720931768104418325e+01 3.400983023872679034e+00
5.714818535504848995e+01 3.400983023872679034e+00
5.697324049014855518e+01 3.400983023872679034e+00
5.699340453094448122e+01 3.400983023872679034e+00
5.692175144440569312e+01 3.400983023872679034e+00
5.687163754843860630e+01 3.400983023872679034e+00
5.691814761504404174e+01 3.400983023872679034e+00
5.696395729389627860e+01 3.400983023872679034e+00
5.695412928694288723e+01 3.400983023872679034e+00
5.690584135601289262e+01 3.400983023872679034e+00
5.691898808545134614e+01 3.400983023872679034e+00
5.687080269755652040e+01 3.400983023872679034e+00
5.701435102537023880e+01 3.400983023872679034e+00
5.698265247647889709e+01 3.400983023872679034e+00
5.689811994192132971e+01 3.400983023872679034e+00
5.680726178871995558e+01 3.400983023872679034e+00
5.686877859690558523e+01 3.400983023872679034e+00
5.686401162967121792e+01 3.400983023872679034e+00
5.679271196928380050e+01 3.372864591021136338e+00
5.675611527402675449e+01 3.400983023872679034e+00
5.668502688171095372e+01 3.400983023872679034e+00
5.668297050539052861e+01 3.400983023872679034e+00
5.658508058603723612e+01 3.400983023872679034e+00
5.663968909583702072e+01 3.400983023872679034e+00
5.679226506730854140e+01 3.371737340632857460e+00
5.682167948707588323e+01 3.302060473568129595e+00
5.673512932083619376e+01 3.400983023872679034e+00
5.658268374294925707e+01 3.400983023872679034e+00
5.645991973483718596e+01 3.400983023872679034e+00
5.642545955009520497e+01 3.279411555436107406e+00
5.645317350980608495e+01 3.400983023872679034e+00
5.644632363813128961e+01 3.400983023872679034e+00
5.643851058692929712e+01 3.400983023872679034e+00
5.640070319087941186e+01 3.400983023872679034e+00
5.642427367391569959e+01 3.372940268010718334e+00
5.642275500080754114e+01 3.266325244470612343e+00
5.638187490113168110e+01 3.400983023872679034e+00
5.631695944981159130e+01 3.400983023872679034e+00
5.636484134318535411e+01 3.400983023872679034e+00
5.638751681150216655e+01 3.354502689728162679e+00
5.626870789442469345e+01 3.400983023872679034e+00
5.626494066114265991e+01 3.400983023872679034e+00
5.629269804575352509e+01 3.400983023872679034e+00
5.617216882279446111e+01 3.400983023872679034e+00
5.614079005077108775e+01 3.400983023872679034e+00
5.619499538195557875e+01 3.372100895054169989e+00
5.610587298398973388e+01 3.400983023872679034e+00
5.612378301050429030e+01 3.400983023872679034e+00
5.604364363117834102e+01 3.400983023872679034e+00
5.594962546381979962e+01 3.400983023872679034e+00
5.586507544589261443e+01 3.354384436207869857e+00
5.586911813308712027e+01 3.400983023872679034e+00
5.582517446284398943e+01 3.400983023872679034e+00
5.586214079976056723e+01 3.400983023872679034e+00
5.585877652929556803e+01 3.400983023872679034e+00
5.579616103306511121e+01 3.400983023872679034e+00
5.575144572435731050e+01 3.316966294230439427e+00
5.571028663731456732e+01 3.400983023872679034e+00
5.553024026944985536e+01 3.400983023872679034e+00
5.547781992445596444e+01 3.400983023872679034e+00
5.539816397241716572e+01 3.400983023872679034e+00
5.525771758737919725e+01 3.400983023872679034e+00
5.529478626998791668e+01 3.400983023872679034e+00
5.531743611820948558e+01 3.400983023872679034e+00
5.529069198384807038e+01 3.400983023872679034e+00
5.510206086673563419e+01 3.400983023872679034e+00
5.510865291579214897e+01 3.400983023872679034e+00
5.509139744634389757e+01 3.400983023872679034e+00
5.507751004400717676e+01 3.265898817325960657e+00
5.503808020789737299e+01 3.254659687157003933e+00
5.497475668145400363e+01 3.400983023872679034e+00
5.491460527995410246e+01 3.400983023872679034e+00
5.473481354635869423e+01 3.400983023872679034e+00
5.470831123340332169e+01 3.400983023872679034e+00
5.456797228745274708e+01 3.400983023872679034e+00
5.442050144788260724e+01 3.400983023872679034e+00
5.438397046960751169e+01 3.400983023872679034e+00
5.443577284947022576e+01 3.400983023872679034e+00
5.447473842499000796e+01 3.400983023872679034e+00
5.460296339714358993e+01 3.358552282967651959e+00
5.465210079905537555e+01 3.329041331376649815e+00
5.465171798500014688e+01 3.350083324677824770e+00
5.463328499769709623e+01 3.400983023872679034e+00
5.457063304743782339e+01 3.400983023872679034e+00
5.434929449929345679e+01 3.400983023872679034e+00
5.421933525314602065e+01 3.400983023872679034e+00
5.419868653509674061e+01 3.400983023872679034e+00
5.409204222093735837e+01 3.400983023872679034e+00
5.417632462040802466e+01 3.400983023872679034e+00
5.424046068826416445e+01 3.400983023872679034e+00
5.422297349898806829e+01 3.400983023872679034e+00
5.412960037525567003e+01 3.400983023872679034e+00
5.400863025897765368e+01 3.336436077266779154e+00
5.395016527368047576e+01 3.400983023872679034e+00
5.401692433087944067e+01 3.400983023872679034e+00
5.392160898601802188e+01 3.400983023872679034e+00
5.378441755765378218e+01 3.366028538859012542e+00
5.357321155335181118e+01 3.323788364299214315e+00
5.337253267562258685e+01 3.309320276868473076e+00
5.337756833869503481e+01 3.400983023872679034e+00
5.337021127507114926e+01 3.400983023872679034e+00
5.321326272563013049e+01 3.299347659509101582e+00
5.321437801169451376e+01 3.367511297818844174e+00
5.320319858956966641e+01 3.372094635192417478e+00
5.323810882105313880e+01 3.368875032707723260e+00
5.314737726327157219e+01 3.400983023872679034e+00
5.317809015433395814e+01 3.400983023872679034e+00
5.315026138410477330e+01 3.400983023872679034e+00
5.304415043090015303e+01 3.400983023872679034e+00
5.301691736569722480e+01 3.306511881552173904e+00
5.303935758261621203e+01 3.315445986709053550e+00
5.297412915838252445e+01 3.400983023872679034e+00
5.282424338552820586e+01 3.370513522420783836e+00
5.279875579909444383e+01 3.400983023872679034e+00
5.272718471502366810e+01 3.400983023872679034e+00
5.260455984644928407e+01 3.377004079978028539e+00
5.258223224510484783e+01 3.400983023872679034e+00
5.220729745100899066e+01 3.298095081922170380e+00
5.212716915809540552e+01 3.400983023872679034e+00
5.200192805516034866e+01 3.255149471811657147e+00
5.183754191584040427e+01 3.271751302236882708e+00
5.187165679215588199e+01 3.350602172061357020e+00
5.165361516505906536e+01 3.400983023872679034e+00
5.157313735835958113e+01 3.400983023872679034e+00
5.160355358963516181e+01 3.361829564662680347e+00
5.156551662780688616e+01 3.348888640630352409e+00
5.143075444855474387e+01 3.288798137841359548e+00
5.159574479930240187e+01 3.400983023872679034e+00
5.165468617906478954e+01 3.304369010271866358e+00
5.141477021048785190e+01 3.312321934102298027e+00
5.143394941935464004e+01 3.370384956854981073e+00
5.146551537345956007e+01 3.274372086556682326e+00
5.149924315444802403e+01 3.311866665062362713e+00
5.127909654900357594e+01 3.273478790033931052e+00
5.122027273393153735e+01 3.400983023872679034e+00
5.119259465276392973e+01 3.400983023872679034e+00
5.120271805591826819e+01 3.337939935125408208e+00
5.120790728934406388e+01 3.362624731424165070e+00
5.109595011061328762e+01 3.350345444714858179e+00
5.099783633300660313e+01 3.400983023872679034e+00
5.086079591850355541e+01 3.325605951936847937e+00
5.069167598646588857e+01 3.316390743779763728e+00
5.064938960225222075e+01 3.333091721489966908e+00
5.067481525190366654e+01 3.285976327902726091e+00
5.081369440270046312e+01 3.400983023872679034e+00
5.068811494604354095e+01 3.400983023872679034e+00
5.055422950932857873e+01 3.400983023872679034e+00
5.055711920268043968e+01 3.400983023872679034e+00
5.040847208788612477e+01 3.382597632749667405e+00
5.018367621324696159e+01 3.293020837044698723e+00
5.018377318865785242e+01 3.282989314137978898e+00
5.000213820649648966e+01 3.274289588574112120e+00
4.992585760795296324e+01 3.400983023872679034e+00
4.983240267994338524e+01 3.298872089596887935e+00
4.977986631349924096e+01 3.400380499916299204e+00
4.983335915932662630e+01 3.366560652486225269e+00
4.984025031798490346e+01 3.388229931015333651e+00
4.976914855821129891e+01 3.400983023872679034e+00
4.961253821523715857e+01 3.400983023872679034e+00
4.958516508977155013e+01 3.304926099106843651e+00
4.960332109839764314e+01 3.400983023872679034e+00
4.947457505889743601e+01 3.400983023872679034e+00
4.939464726665071481e+01 3.332984783480823054e+00
4.960707846995809689e+01 3.400983023872679034e+00
4.962310407322768668e+01 3.303306395357488601e+00
4.957420469997680357e+01 3.400983023872679034e+00
4.944087305273689026e+01 3.257082437821267273e+00
4.955815907319539093e+01 3.400983023872679034e+00
4.940197709719262065e+01 3.274160112923939270e+00
4.935949356375179775e+01 3.323629341346879151e+00
4.932797328366601874e+01 3.325875614011405634e+00
4.936389140576138601e+01 3.285712292393526024e+00
4.931644405492379235e+01 3.400983023872679034e+00
4.943640438403498649e+01 3.390222036880569778e+00
4.943960356172200932e+01 3.400983023872679034e+00
4.925775178599572257e+01 3.319470699115044887e+00
4.921044704375776035e+01 3.347345693402577371e+00
4.920350051202859021e+01 3.400983023872679034e+00
4.905635116363651349e+01 3.328341950366797253e+00
4.906108647142574597e+01 3.316644928343023047e+00
4.902780843865092208e+01 3.329087182934565625e+00
4.903137631176385014e+01 3.265713612714412850e+00
4.901886550503773066e+01 3.320038082418104608e+00
4.898162698051363151e+01 3.353558895751277191e+00
4.895527914446313389e+01 3.343531554672567463e+00
4.906668230278675225e+01 3.400983023872679034e+00
4.918332217941999573e+01 3.400983023872679034e+00
4.919348083778677960e+01 3.400983023872679034e+00
4.920711762218346763e+01 3.370991487252279484e+00
4.906310965834541093e+01 3.397385407091183307e+00
4.901203889344632358e+01 3.275154566033624093e+00
4.901798964273565673e+01 3.367553977611040139e+00
4.906607354967645307e+01 3.318079544494080935e+00
4.907962755809389677e+01 3.288019976158842894e+00
4.890760583982604714e+01 3.280119083004997105e+00
4.887552141948166451e+01 3.269675601631528927e+00
4.885377076424023812e+01 3.307524797153841956e+00
4.883322366241823431e+01 3.293595267138602622e+00
4.881872101803595854e+01 3.250927580584309418e+00
4.881186379790980112e+01 3.336631391332898655e+00
4.880306330981895258e+01 3.400983023872679034e+00
4.881735765951584227e+01 3.318977742036530287e+00
4.875352586926739917e+01 3.400983023872679034e+00
4.860876951215683306e+01 3.400983023872679034e+00
4.861052047784951213e+01 3.400983023872679034e+00
4.857200395695229389e+01 3.400983023872679034e+00
4.855634038348167536e+01 3.400983023872679034e+00
4.860405579905596340e+01 3.400983023872679034e+00
4.839235197954634060e+01 3.259861813914620932e+00
4.839465723797030705e+01 3.254612873321480748e+00
4.839032203681563260e+01 3.400983023872679034e+00
4.820448087890942901e+01 3.257086967838835001e+00
4.838465194665099744e+01 3.400983023872679034e+00
4.821836906976965764e+01 3.266473607331419338e+00
4.818537212009564996e+01 3.318696766626295425e+00
4.830206424216858352e+01 3.400983023872679034e+00
4.836528122463692370e+01 3.400983023872679034e+00
4.827067182435880710e+01 3.326529091580233466e+00
4.826723840851360592e+01 3.376318134388895054e+00
4.821494600927017871e+01 3.400983023872679034e+00
4.815972347070690773e+01 3.400983023872679034e+00
4.817732243737364684e+01 3.400983023872679034e+00
4.824034923943547426e+01 3.400983023872679034e+00
4.820806524250399150e+01 3.400983023872679034e+00
4.825204146257984661e+01 3.348494687860863017e+00
4.811016576826296642e+01 3.261651587396059426e+00
4.817368246866044501e+01 3.400983023872679034e+00
4.819613666396413265e+01 3.283130103728344462e+00
4.821116769846715755e+01 3.269815230736525358e+00
4.823434428324783596e+01 3.272015710116822351e+00
4.822023485215927963e+01 3.323054112146353489e+00
4.821415725806586750e+01 3.258168831704704171e+00
4.825171836830070049e+01 3.400983023872679034e+00
4.819052575540450789e+01 3.400983023872679034e+00
4.819218681335176058e+01 3.400983023872679034e+00
4.807208454106983453e+01 3.387543380628725842e+00
4.805684062566396619e+01 3.355430167944862152e+00
4.803574167080405743e+01 3.373124313338545122e+00
4.804595045620364857e+01 3.356205750328036252e+00
4.795342066599935293e+01 3.400983023872679034e+00
4.796788215993860405e+01 3.400983023872679034e+00
4.788950270038778712e+01 3.400983023872679034e+00
4.788790340781466170e+01 3.400983023872679034e+00
4.780285655331659456e+01 3.312226382320041740e+00
4.781397472638360568e+01 3.289081861247645566e+00
4.782006019859109358e+01 3.321257322025918945e+00
4.789977854520911649e+01 3.400983023872679034e+00
4.782689222478669677e+01 3.335512478006944281e+00
4.782385747198685522e+01 3.297584819055506600e+00
4.778895724962959690e+01 3.400983023872679034e+00
4.773648773656945110e+01 3.400983023872679034e+00
4.771294485598241408e+01 3.400983023872679034e+00
4.772964377986746598e+01 3.400983023872679034e+00
4.775605505681695462e+01 3.400983023872679034e+00
4.771394104218649801e+01 3.400983023872679034e+00
4.763144055115263598e+01 3.295482113087353504e+00
4.774506648914081097e+01 3.400983023872679034e+00
4.781255666250046943e+01 3.365433491266651700e+00
4.776003614047881740e+01 3.400983023872679034e+00
4.776068875519425916e+01 3.361926926469702703e+00
4.767744478905541428e+01 3.400983023872679034e+00
4.759690516644821656e+01 3.295074555488231915e+00
4.759213988046253263e+01 3.272025063262834266e+00
4.760693678865388279e+01 3.292862385667776337e+00
4.759534591643125623e+01 3.328590834494197459e+00
4.760096489703968814e+01 3.400983023872679034e+00
4.763446903512060260e+01 3.400983023872679034e+00
4.765738315397176450e+01 3.400983023872679034e+00
4.758725137495092383e+01 3.400983023872679034e+00
4.756933293989857248e+01 3.400983023872679034e+00
4.763845608350490579e+01 3.400983023872679034e+00
4.765730940073343902e+01 3.360832940990684303e+00
4.761711253492939022e+01 3.258444426965247498e+00
4.758985889746302433e+01 3.334214586377623579e+00
4.762309325858682740e+01 3.314735039382476156e+00
4.763596210199347780e+01 3.400983023872679034e+00
4.776072578923897538e+01 3.400983023872679034e+00
4.766691543789523422e+01 3.400983023872679034e+00
4.770276298324866815e+01 3.400983023872679034e+00
4.758629660251150284e+01 3.371096642585556857e+00
4.758780248093835041e+01 3.270011374889581823e+00
4.772159179168427556e+01 3.400983023872679034e+00
4.775357545752724064e+01 3.400983023872679034e+00
4.780344581813911020e+01 3.346285009812314470e+00
4.777304922156738343e+01 3.400983023872679034e+00
4.776911724151262462e+01 3.374040963268924553e+00
4.787623764865938369e+01 3.400983023872679034e+00
4.780540092731461499e+01 3.400983023872679034e+00
4.773360741674346031e+01 3.400983023872679034e+00
4.768314328181257622e+01 3.400983023872679034e+00
4.757642709256940350e+01 3.319268919336819668e+00
4.758415675814759283e+01 3.279246851505359217e+00
4.762300726600670941e+01 3.400983023872679034e+00
4.765836555360623805e+01 3.400983023872679034e+00
4.773528351607064479e+01 3.400983023872679034e+00
4.760147884793307327e+01 3.288151369050916095e+00
4.759249350735291273e+01 3.335464188333697066e+00
4.758783011808783669e+01 3.400983023872679034e+00
4.757268780653372886e+01 3.378484918689154792e+00
4.766138119781537341e+01 3.400983023872679034e+00
4.757797235918439327e+01 3.398776140097305998e+00
4.746605397863090303e+01 3.400983023872679034e+00
4.744408318307034733e+01 3.400983023872679034e+00
4.741476985375820163e+01 3.376027212336297545e+00
4.734165873535777536e+01 3.400983023872679034e+00
4.738015295671738158e+01 3.400983023872679034e+00
4.737597962393602558e+01 3.278387797678049775e+00
4.744704240935967476e+01 3.400983023872679034e+00
4.743338907090500101e+01 3.400983023872679034e+00
4.746891751966191464e+01 3.400983023872679034e+00
4.756069114004829856e+01 3.400983023872679034e+00
4.751010239662664247e+01 3.400983023872679034e+00
4.747516289596924821e+01 3.400983023872679034e+00
4.732060596787636086e+01 3.400983023872679034e+00
4.720857781323638847e+01 3.255501380551895529e+00
4.721472690078776679e+01 3.277988470534388021e+00
4.734202614054032665e+01 3.400983023872679034e+00
4.728050056415835201e+01 3.400983023872679034e+00
4.720279549000287034e+01 3.265952601945291356e+00
4.725791477123706130e+01 3.400983023872679034e+00
4.725340617640170393e+01 3.400983023872679034e+00
4.717753942394577393e+01 3.400983023872679034e+00
4.715048796501508122e+01 3.400983023872679034e+00
4.718430279170670616e+01 3.400983023872679034e+00
4.711753339868589308e+01 3.400983023872679034e+00
4.710389765142978291e+01 3.400983023872679034e+00
4.695946104505319596e+01 3.337933905654302258e+00
4.709882793607282991e+01 3.400983023872679034e+00
4.697036261196659268e+01 3.254966904328550736e+00
4.698045265402900128e+01 3.383804921030082014e+00
4.695973559263742914e+01 3.400983023872679034e+00
4.690746182079200821e+01 3.400983023872679034e+00
4.686942026395719552e+01 3.400983023872679034e+00
4.679873615017386612e+01 3.382910019504667520e+00
4.679214070732664510e+01 3.400983023872679034e+00
4.657432844999217281e+01 3.400983023872679034e+00
4.682844766509293777e+01 3.346497903832675203e+00
4.693687684528723736e+01 3.400983023872679034e+00
4.694718695785365981e+01 3.400983023872679034e+00
4.697682115061317631e+01 3.400983023872679034e+00
4.701842273659911342e+01 3.389798761077420952e+00
4.698420555520224440e+01 3.400983023872679034e+00
4.689972487562535974e+01 3.400983023872679034e+00
4.684947610253644967e+01 3.400983023872679034e+00
4.675276573396322277e+01 3.263598981726981485e+00
4.688727442210619500e+01 3.400983023872679034e+00
4.682035737947404641e+01 3.264644957546480430e+00
4.695183799404486535e+01 3.400983023872679034e+00
4.681383306727469318e+01 3.274735518843175708e+00
4.700705599044358252e+01 3.367493034107582606e+00
4.681355888770141860e+01 3.254639666270348730e+00
4.679786432829288856e+01 3.400983023872679034e+00
4.678545327978583401e+01 3.279021570574147670e+00
4.668521996781345251e+01 3.400983023872679034e+00
4.675591385676894873e+01 3.400983023872679034e+00
4.671974359569554736e+01 3.400983023872679034e+00
4.675644475554956614e+01 3.400983023872679034e+00
4.671795907096773703e+01 3.400983023872679034e+00
4.677324272645064696e+01 3.400983023872679034e+00
4.675393322759381931e+01 3.287965793639206158e+00
4.679039727403983306e+01 3.387718562675932521e+00
4.678876249485325189e+01 3.363689902186197234e+00
4.684413407540343854e+01 3.400983023872679034e+00
4.670133346405375363e+01 3.400983023872679034e+00
4.674400782018162914e+01 3.395331387939553469e+00
4.674087409765635215e+01 3.321777121837560465e+00
4.667146753520116675e+01 3.400983023872679034e+00
4.663188535588100336e+01 3.400983023872679034e+00
4.673383679869209573e+01 3.400983023872679034e+00
4.675336649358336416e+01 3.397395771279702270e+00
4.694904529625704015e+01 3.400983023872679034e+00
4.698540254005783368e+01 3.400983023872679034e+00
4.704295731668138103e+01 3.400983023872679034e+00
4.706106555793385127e+01 3.383252049163029795e+00
4.706290259892071504e+01 3.397151334320488658e+00
4.705678255205101834e+01 3.293137572453514572e+00
4.695909245172830992e+01 3.400983023872679034e+00
4.692217221761419665e+01 3.400983023872679034e+00
4.682121194146303367e+01 3.337175693324392789e+00
4.681827745928478635e+01 3.316041656325612319e+00
4.691661280749122653e+01 3.400983023872679034e+00
4.685051760676173416e+01 3.301067591731513762e+00
4.684139266576863037e+01 3.400983023872679034e+00
4.677413628681643587e+01 3.400983023872679034e+00
4.676805512885862015e+01 3.400983023872679034e+00
4.660362648553054044e+01 3.374943130459826524e+00
4.658598517275790130e+01 3.399049249970397479e+00
4.667195949934457389e+01 3.400983023872679034e+00
4.661466801533964599e+01 3.349068689851238290e+00
4.668799632520056520e+01 3.400983023872679034e+00
4.665209380752968826e+01 3.400983023872679034e+00
4.667328560219342393e+01 3.400983023872679034e+00
4.661325846828057706e+01 3.375556258024414280e+00
4.654331721254000342e+01 3.400983023872679034e+00
4.651470686088905637e+01 3.400983023872679034e+00
4.655286084628952636e+01 3.400983023872679034e+00
4.664084632737185387e+01 3.400983023872679034e+00
4.654047648246056212e+01 3.400983023872679034e+00
4.649445106672585126e+01 3.400983023872679034e+00
4.656191337742372127e+01 3.400983023872679034e+00
4.657671948633529269e+01 3.400983023872679034e+00
4.668256789431367082e+01 3.400983023872679034e+00
4.677778337409149856e+01 3.400983023872679034e+00
4.677209773099376378e+01 3.331353037316273191e+00
4.675332149041581431e+01 3.400983023872679034e+00
4.655966767973535525e+01 3.400983023872679034e+00
4.657944919707126985e+01 3.400983023872679034e+00
4.662785618733204984e+01 3.400983023872679034e+00
4.664965102290828014e+01 3.291126686480506880e+00
4.659037347101681092e+01 3.348347798446930312e+00
4.653985146527212180e+01 3.400983023872679034e+00
4.662106477796136517e+01 3.380294807980642968e+00
4.662807326429847166e+01 3.400983023872679034e+00
4.671498461992114670e+01 3.400983023872679034e+00
4.666555706608738774e+01 3.400983023872679034e+00
4.676657768669391402e+01 3.400983023872679034e+00
4.672980407049827534e+01 3.400983023872679034e+00
4.669557217488632972e+01 3.400983023872679034e+00
4.676312504380737778e+01 3.400983023872679034e+00
4.658853635059814735e+01 3.283195806890203183e+00
4.668944131055285141e+01 3.400983023872679034e+00
4.664392886446150754e+01 3.400983023872679034e+00
4.660951219439152027e+01 3.400983023872679034e+00
4.664137047037038997e+01 3.400983023872679034e+00
4.656235548347051179e+01 3.357767236934776633e+00
4.667123515036401926e+01 3.400983023872679034e+00
4.667580726463179985e+01 3.400983023872679034e+00
4.658324919409598408e+01 3.400983023872679034e+00
4.655530951790455418e+01 3.400983023872679034e+00
4.657640970752861875e+01 3.371234541221101555e+00
4.644058032365280297e+01 3.400983023872679034e+00
4.656305900138038112e+01 3.400983023872679034e+00
4.654833408809020057e+01 3.400983023872679034e+00
4.662799530578054430e+01 3.333687029585348682e+00
4.661656003246054780e+01 3.331694430576485288e+00
4.662998486140973853e+01 3.293969165366428253e+00
4.677388236393342424e+01 3.400983023872679034e+00
4.682742333883544461e+01 3.298840324650008871e+00
4.688031649333549922e+01 3.400983023872679034e+00
4.688475578904223084e+01 3.400983023872679034e+00
4.684051174996000100e+01 3.400983023872679034e+00
4.681223217326889596e+01 3.400983023872679034e+00
4.680926118388026680e+01 3.400983023872679034e+00
4.701941900951126030e+01 3.400983023872679034e+00
4.694612635558694080e+01 3.400983023872679034e+00
4.684053780280156332e+01 3.360837587365243628e+00
4.682449538497454000e+01 3.254424264980690484e+00
4.689651955294837649e+01 3.400983023872679034e+00
4.680939389450374222e+01 3.393956759561965519e+00
4.683473388689309047e+01 3.379652081193560420e+00
4.674501068376638102e+01 3.400983023872679034e+00
4.676203849065503704e+01 3.400983023872679034e+00
4.664064232112682618e+01 3.400983023872679034e+00
4.655247322469694637e+01 3.400983023872679034e+00
4.668197907567336813e+01 3.400983023872679034e+00
4.670282732235251899e+01 3.400983023872679034e+00
4.675456277190495769e+01 3.400983023872679034e+00
4.663297677805017116e+01 3.400983023872679034e+00
4.650426354409226093e+01 3.400983023872679034e+00
4.651015600229722935e+01 3.400983023872679034e+00
4.661949554609574164e+01 3.400983023872679034e+00
4.657853265464620307e+01 3.284204870170089219e+00
4.654896504178002203e+01 3.277763966644795079e+00
4.659376285354392166e+01 3.400983023872679034e+00
4.655057523573317013e+01 3.400983023872679034e+00
4.649179477648360859e+01 3.400983023872679034e+00
4.646521901576996072e+01 3.400983023872679034e+00
4.653631891958742273e+01 3.400983023872679034e+00
4.651182084472601019e+01 3.400983023872679034e+00
4.659510828904540602e+01 3.400983023872679034e+00
4.654139350540693698e+01 3.400983023872679034e+00
4.654753578357989596e+01 3.400983023872679034e+00
4.656479478826032903e+01 3.400983023872679034e+00
4.654388238345688933e+01 3.400983023872679034e+00
4.651223995402648370e+01 3.400983023872679034e+00
4.660155787958100859e+01 3.400983023872679034e+00
4.657488184733428227e+01 3.400983023872679034e+00
4.649881014954205227e+01 3.400983023872679034e+00
4.657012914329931164e+01 3.400983023872679034e+00
4.656029438567805556e+01 3.400983023872679034e+00
4.644819460885698703e+01 3.385812205973408151e+00
4.644344713725693197e+01 3.332167695657949125e+00
4.649016192583806628e+01 3.400983023872679034e+00
4.648760826765555265e+01 3.400983023872679034e+00
4.642770668068590112e+01 3.400983023872679034e+00
4.653311023878855934e+01 3.400983023872679034e+00
4.656066931883091087e+01 3.306650461764943039e+00
4.653114041112986854e+01 3.400983023872679034e+00
4.662070005286268071e+01 3.400983023872679034e+00
4.652653869225295580e+01 3.400983023872679034e+00
4.643443517661999920e+01 3.400983023872679034e+00
4.646795627130119044e+01 3.400983023872679034e+00
