8.880445446042914170e+01 4.060053225107125741e+00
8.748607956061144364e+01 3.975812773875604389e+00
8.742913921634919916e+01 3.830659873680585026e+00
8.754553896184212647e+01 3.473857253023601377e+00
8.801041380513137824e+01 3.289750184200020744e+00
8.823368835026255397e+01 3.283896091594808553e+00
8.873440124832919196e+01 3.290814235430150170e+00
9.020581176423149827e+01 3.310389380502638978e+00
9.066632323051393882e+01 3.323593631098176182e+00
9.085295086676181597e+01 3.308491951336183678e+00
9.174838159543008942e+01 3.325413283875963799e+00
9.227559778611606589e+01 3.284103762204106935e+00
9.300606368607648733e+01 3.265868599859863775e+00
9.379173233913547847e+01 3.304465583325445710e+00
9.397895317931788384e+01 3.400983023872679034e+00
9.437845035096758295e+01 3.333304044907765551e+00
9.489344772334872857e+01 3.330731326609122078e+00
9.530743713912582393e+01 3.308379490439014692e+00
9.555436891706085589e+01 3.286480267355997409e+00
9.583901002379006684e+01 3.372125598784681877e+00
9.605477445270948067e+01 3.344397373565549003e+00
9.663938045511015673e+01 3.353835415614269788e+00
9.703663429354676850e+01 3.338370041368219798e+00
9.767289939678036603e+01 3.400983023872679034e+00
9.831848309918744633e+01 3.400983023872679034e+00
9.879594263193804693e+01 3.400983023872679034e+00
9.922168459081680680e+01 3.373391414743797778e+00
9.957318975753661050e+01 3.400983023872679034e+00
9.993994791093119545e+01 3.400983023872679034e+00
1.003606097730104523e+02 3.400983023872679034e+00
1.005511467310371785e+02 3.400983023872679034e+00
1.003977460127091064e+02 3.357704963906848139e+00
1.006194067255444793e+02 3.362519064834004201e+00
1.007776487393857110e+02 3.307939794495089902e+00
1.009432375156026751e+02 3.400983023872679034e+00
1.010510876382406593e+02 3.400983023872679034e+00
1.012651563060518924e+02 3.400983023872679034e+00
1.014265942319167095e+02 3.267466860660915629e+00
1.014567483494538322e+02 3.279813989602928803e+00
1.016429101740350234e+02 3.264347038847520199e+00
1.020265764389091601e+02 3.253654779888881521e+00
1.024548399714659723e+02 3.400983023872679034e+00
1.026371131356232951e+02 3.334711591098471040e+00
1.027712171630482629e+02 3.344106414191922561e+00
1.029140418586153913e+02 3.400983023872679034e+00
1.031022540835311219e+02 3.400983023872679034e+00
1.032026072455964680e+02 3.346572414917334815e+00
1.033914676719848558e+02 3.400983023872679034e+00
1.034377167134796736e+02 3.400983023872679034e+00
1.034447064568470012e+02 3.297735372003975485e+00
1.036100372401006098e+02 3.331085135567338096e+00
1.036222363854979136e+02 3.325604596781988054e+00
1.036390045652846226e+02 3.313206564245631203e+00
1.038360442892653168e+02 3.400983023872679034e+00
1.038337368177893723e+02 3.284672304405257037e+00
1.040040833738267594e+02 3.400983023872679034e+00
1.041716955193627285e+02 3.303205909061868173e+00
1.042238402216302120e+02 3.375859248715577632e+00
1.041336460110643145e+02 3.400983023872679034e+00
1.041962586661461216e+02 3.400983023872679034e+00
1.043076272444731671e+02 3.400983023872679034e+00
1.044474328825717464e+02 3.400983023872679034e+00
1.045641115414690177e+02 3.400983023872679034e+00
1.048340932547311866e+02 3.400983023872679034e+00
1.050112866340582514e+02 3.400983023872679034e+00
1.051818904133989037e+02 3.400983023872679034e+00
1.052437677242658367e+02 3.336720235423007441e+00
1.052202960531073330e+02 3.292709115863625247e+00
1.054193447778721549e+02 3.343513082086764676e+00
1.056364013372151476e+02 3.321499036308954267e+00
1.057534545557124375e+02 3.400983023872679034e+00
1.058878027135178712e+02 3.400983023872679034e+00
1.059103701378181626e+02 3.400983023872679034e+00
1.061636909269015518e+02 3.400983023872679034e+00
1.062166692898140212e+02 3.400983023872679034e+00
1.063462111786446798e+02 3.400983023872679034e+00
1.064360906830032718e+02 3.306847125359642980e+00
1.067695953877588551e+02 3.400983023872679034e+00
1.067836977631216513e+02 3.294556674414154784e+00
1.069790164779109745e+02 3.400983023872679034e+00
1.073261283092225966e+02 3.400983023872679034e+00
1.075859810017700369e+02 3.268319817662122873e+00
1.076634342625747109e+02 3.400983023872679034e+00
1.076611208722198256e+02 3.400983023872679034e+00
1.076866122564719603e+02 3.400983023872679034e+00
1.079465376533934347e+02 3.400983023872679034e+00
1.083727394537919935e+02 3.330638026226736326e+00
1.087431159060657961e+02 3.400983023872679034e+00
1.088890396600021973e+02 3.400983023872679034e+00
1.091202493632093962e+02 3.400983023872679034e+00
1.092201609626670944e+02 3.302259703900745968e+00
1.094187069657339748e+02 3.400983023872679034e+00
1.096362090464180028e+02 3.400983023872679034e+00
1.098449122955658055e+02 3.400983023872679034e+00
1.101433098802228585e+02 3.254268871718158707e+00
1.103144462285048064e+02 3.400983023872679034e+00
1.105687022437660971e+02 3.386337678290390674e+00
1.108250365293046968e+02 3.290244791415495751e+00
1.109431484255109126e+02 3.400983023872679034e+00
1.111263511830718045e+02 3.400983023872679034e+00
1.111583903673397913e+02 3.400983023872679034e+00
1.113514585397625183e+02 3.261746730276187112e+00
1.114349807546054905e+02 3.400983023872679034e+00
1.114373745613858659e+02 3.400983023872679034e+00
1.116275812148868880e+02 3.400983023872679034e+00
1.118077845691098133e+02 3.338917242358241388e+00
1.119868238606339474e+02 3.275628284109014743e+00
1.120507662208000994e+02 3.400983023872679034e+00
1.122073938469702767e+02 3.400983023872679034e+00
1.122351895807510118e+02 3.400983023872679034e+00
1.123446967717217717e+02 3.400983023872679034e+00
1.124706600841061146e+02 3.400983023872679034e+00
1.125584819545011896e+02 3.400983023872679034e+00
1.124088541480403052e+02 3.400983023872679034e+00
1.126017150656766432e+02 3.359358747225006159e+00
1.126270080439440591e+02 3.400983023872679034e+00
1.128051662331714482e+02 3.400983023872679034e+00
1.129013590337757336e+02 3.400983023872679034e+00
1.128893345680659763e+02 3.400983023872679034e+00
1.128421227122296955e+02 3.400983023872679034e+00
1.130012756958845443e+02 3.400983023872679034e+00
1.131406379627016747e+02 3.400983023872679034e+00
1.133205131306485072e+02 3.400983023872679034e+00
1.133933792572138515e+02 3.339269391294412692e+00
1.134520040342779055e+02 3.400983023872679034e+00
1.135113551405479626e+02 3.400983023872679034e+00
1.135419815390940244e+02 3.400983023872679034e+00
1.135767469666814833e+02 3.263131717288246136e+00
1.136843161934444453e+02 3.400983023872679034e+00
1.137092874498127912e+02 3.400983023872679034e+00
1.137442422550420247e+02 3.400983023872679034e+00
1.138570483478159190e+02 3.400983023872679034e+00
1.138671942996803068e+02 3.400983023872679034e+00
1.138307787424048740e+02 3.400983023872679034e+00
1.139264411342207808e+02 3.400983023872679034e+00
1.140826554904194268e+02 3.400983023872679034e+00
1.142130686969767908e+02 3.400983023872679034e+00
1.141882160233822816e+02 3.253298693776180084e+00
1.142021423711798462e+02 3.400983023872679034e+00
1.142743794749373762e+02 3.400983023872679034e+00
1.143683477819420915e+02 3.400983023872679034e+00
1.143925780660611622e+02 3.392798170607639552e+00
1.144689198711309501e+02 3.400983023872679034e+00
1.145834282643642297e+02 3.400983023872679034e+00
1.145520722162142278e+02 3.400983023872679034e+00
1.147694761348370349e+02 3.400983023872679034e+00
1.148223162248915088e+02 3.400983023872679034e+00
1.148136514508315429e+02 3.400983023872679034e+00
1.149269604086851331e+02 3.400983023872679034e+00
1.150931650332686473e+02 3.400983023872679034e+00
1.150840798066488162e+02 3.400983023872679034e+00
1.149956496793369922e+02 3.400983023872679034e+00
1.151555888123637601e+02 3.400983023872679034e+00
1.151899176983091593e+02 3.400983023872679034e+00
1.152587006929632594e+02 3.400983023872679034e+00
1.153346979479329946e+02 3.400983023872679034e+00
1.152813122264647347e+02 3.400983023872679034e+00
1.153550743483510956e+02 3.400983023872679034e+00
1.155204711314808890e+02 3.400983023872679034e+00
1.155029845019750638e+02 3.400983023872679034e+00
1.154413913262758200e+02 3.400983023872679034e+00
1.154862272578915565e+02 3.400983023872679034e+00
1.154483880386754606e+02 3.400983023872679034e+00
1.154868687612704576e+02 3.400983023872679034e+00
1.157472500682845151e+02 3.400983023872679034e+00
1.157717303850052417e+02 3.337314787482865253e+00
1.158112054057869642e+02 3.345498231844205694e+00
1.158783991381757374e+02 3.400983023872679034e+00
1.158505008009462927e+02 3.400983023872679034e+00
1.158331197078571790e+02 3.334394298841494741e+00
1.158204358514491759e+02 3.400983023872679034e+00
1.159344257336049253e+02 3.400983023872679034e+00
1.159801547385283982e+02 3.400983023872679034e+00
1.160747506777524762e+02 3.400983023872679034e+00
1.161343388439249082e+02 3.400983023872679034e+00
1.161382142806234441e+02 3.400983023872679034e+00
1.161879197371252559e+02 3.400983023872679034e+00
1.163082299410271361e+02 3.400983023872679034e+00
1.163478837610239509e+02 3.400983023872679034e+00
1.163374935676480959e+02 3.400983023872679034e+00
1.163127055442552944e+02 3.400983023872679034e+00
1.164264871432605020e+02 3.390544625605480977e+00
1.165479180054888531e+02 3.400983023872679034e+00
1.163372415866133451e+02 3.400983023872679034e+00
1.164320035021942772e+02 3.296475584806004111e+00
1.164522386245061369e+02 3.400983023872679034e+00
1.165010897858288530e+02 3.400983023872679034e+00
1.165684646916031255e+02 3.400983023872679034e+00
1.166447798291971480e+02 3.400983023872679034e+00
1.167784599566345918e+02 3.400983023872679034e+00
1.168365850679382447e+02 3.400983023872679034e+00
1.168512067132294590e+02 3.400983023872679034e+00
1.169532337447851091e+02 3.400983023872679034e+00
1.169446086711738673e+02 3.318785749012148845e+00
1.168595132375336760e+02 3.400983023872679034e+00
1.170052162245328162e+02 3.400983023872679034e+00
1.170483550172825318e+02 3.400983023872679034e+00
1.169530893129065277e+02 3.400983023872679034e+00
1.169572667863217816e+02 3.400983023872679034e+00
1.168889266538112395e+02 3.400983023872679034e+00
1.170804381699641823e+02 3.400983023872679034e+00
1.172885629604830768e+02 3.400983023872679034e+00
1.172696933647466295e+02 3.400983023872679034e+00
1.172692429490536199e+02 3.400983023872679034e+00
1.174026907777431319e+02 3.334395713305526421e+00
1.174804949097465254e+02 3.400983023872679034e+00
1.174472920845177981e+02 3.400983023872679034e+00
1.174019809306797981e+02 3.400983023872679034e+00
1.174177296898652685e+02 3.400983023872679034e+00
1.174155634023531718e+02 3.400983023872679034e+00
1.174000769860114559e+02 3.400983023872679034e+00
1.174570862980706636e+02 3.400983023872679034e+00
1.176232697187263199e+02 3.400983023872679034e+00
1.177662811523149458e+02 3.400983023872679034e+00
1.176903773844030781e+02 3.400983023872679034e+00
1.177177580838580724e+02 3.400983023872679034e+00
1.178116046018108278e+02 3.400983023872679034e+00
1.178355721394538591e+02 3.400983023872679034e+00
1.179467966712615805e+02 3.400983023872679034e+00
1.179421282901793120e+02 3.400983023872679034e+00
1.179314755773768297e+02 3.400983023872679034e+00
1.179419853214701845e+02 3.400983023872679034e+00
1.179247319908568414e+02 3.400983023872679034e+00
1.180027854172412134e+02 3.257353055049524659e+00
1.181149702099652075e+02 3.400983023872679034e+00
1.182618360849837842e+02 3.400983023872679034e+00
1.183440184477589412e+02 3.400983023872679034e+00
1.185218792903465186e+02 3.400983023872679034e+00
1.185620605472771132e+02 3.400983023872679034e+00
1.187336703984399406e+02 3.400983023872679034e+00
1.187575463089458054e+02 3.400983023872679034e+00
1.187016342579801034e+02 3.400983023872679034e+00
1.188256203878069641e+02 3.400983023872679034e+00
1.188592916904847101e+02 3.400983023872679034e+00
1.188131945475139872e+02 3.400983023872679034e+00
1.189244074666850253e+02 3.400983023872679034e+00
1.190383826038990378e+02 3.400983023872679034e+00
1.192839439505006141e+02 3.400983023872679034e+00
1.194297401591926615e+02 3.400983023872679034e+00
1.194602191235250359e+02 3.400983023872679034e+00
1.195862404674641795e+02 3.358629466098082883e+00
1.198584549425312957e+02 3.400983023872679034e+00
1.198960276834745713e+02 3.400983023872679034e+00
1.198539693504086756e+02 3.400983023872679034e+00
1.200168434624651184e+02 3.400983023872679034e+00
1.202038462063033535e+02 3.355927611007956557e+00
1.203083142496515308e+02 3.400983023872679034e+00
1.205813784273567251e+02 3.372295837795661111e+00
1.205505109283107714e+02 3.400983023872679034e+00
1.205787218886706142e+02 3.400983023872679034e+00
1.206597214923334889e+02 3.400983023872679034e+00
1.208671530831691570e+02 3.400983023872679034e+00
1.210230424627495722e+02 3.250989502015020349e+00
1.211945319703525996e+02 3.289709332771910688e+00
1.213555069570512757e+02 3.351340664324765850e+00
1.215005867184232642e+02 3.400983023872679034e+00
1.216548716517401090e+02 3.400983023872679034e+00
1.217699867045225517e+02 3.339749640476493031e+00
1.219136199988011811e+02 3.400983023872679034e+00
1.219817949230382226e+02 3.354883579735237653e+00
1.221219952799793163e+02 3.373556748809222849e+00
1.223034172591973174e+02 3.400983023872679034e+00
1.223645481393995595e+02 3.389503944364320898e+00
1.224598794235285197e+02 3.400983023872679034e+00
1.225766402182474621e+02 3.286106225536506997e+00
1.227677587491206594e+02 3.347748829638938162e+00
1.229480646981770917e+02 3.400983023872679034e+00
1.230206220092467220e+02 3.400983023872679034e+00
1.230410789763045756e+02 3.400983023872679034e+00
1.231320775848900695e+02 3.400983023872679034e+00
1.231485511740603584e+02 3.400983023872679034e+00
1.232016340301302506e+02 3.400983023872679034e+00
1.233837141578632668e+02 3.292801843389794314e+00
1.232619117870297316e+02 3.400983023872679034e+00
1.232419226639392633e+02 3.400983023872679034e+00
1.232990059750156462e+02 3.400983023872679034e+00
1.236075919866741799e+02 3.262321237847812139e+00
1.234532527572772267e+02 3.396219618277971364e+00
1.235964992902197395e+02 3.400983023872679034e+00
1.236566620123584244e+02 3.400983023872679034e+00
1.237431086744725803e+02 3.336715246658456202e+00
1.238804046900677349e+02 3.400983023872679034e+00
1.239921246167053255e+02 3.400983023872679034e+00
1.240563153719524365e+02 3.386963772322763688e+00
1.240102454882612051e+02 3.378855998774751956e+00
1.240565323808542075e+02 3.400774924186928061e+00
1.242196403196640517e+02 3.383078571771765297e+00
1.243718968471853970e+02 3.310968607380515127e+00
1.244212528751628213e+02 3.323498915573833035e+00
1.244182447687128672e+02 3.321189103994142577e+00
1.244053030273878306e+02 3.264114215246501693e+00
1.244906506384012914e+02 3.400983023872679034e+00
1.244265289328388207e+02 3.400983023872679034e+00
1.245439233457496329e+02 3.400983023872679034e+00
1.246049623796959196e+02 3.351757066123219886e+00
1.246709899062518332e+02 3.400983023872679034e+00
1.247272876685122327e+02 3.400983023872679034e+00
1.247575348114849447e+02 3.400983023872679034e+00
1.246848601246981190e+02 3.400983023872679034e+00
1.247575137701380612e+02 3.400983023872679034e+00
1.247496027841222173e+02 3.400983023872679034e+00
1.246962009735155732e+02 3.400983023872679034e+00
1.246320384600562932e+02 3.400983023872679034e+00
1.246135993266290427e+02 3.400983023872679034e+00
1.248752932715336641e+02 3.400983023872679034e+00
1.248816569024898229e+02 3.400983023872679034e+00
1.248693572042623430e+02 3.400983023872679034e+00
1.248054244491564475e+02 3.400983023872679034e+00
1.248119918186417578e+02 3.400983023872679034e+00
1.247178484001414347e+02 3.400983023872679034e+00
1.247952700416138896e+02 3.366102707261592553e+00
1.248241818977135722e+02 3.391553955300018242e+00
1.246779684921007174e+02 3.400983023872679034e+00
1.246676581438988762e+02 3.400983023872679034e+00
1.248503050186492658e+02 3.400983023872679034e+00
1.248694478146422853e+02 3.400983023872679034e+00
1.247651514555836485e+02 3.400983023872679034e+00
1.247120493609315730e+02 3.400983023872679034e+00
1.249572769631090523e+02 3.256626924238533505e+00
1.248425221338958835e+02 3.400983023872679034e+00
1.248756050945888916e+02 3.400983023872679034e+00
1.250128503968338691e+02 3.400983023872679034e+00
1.250736133648016590e+02 3.400983023872679034e+00
1.250525837894328163e+02 3.400983023872679034e+00
1.250339726341404258e+02 3.400983023872679034e+00
1.251858442983449606e+02 3.309399693273538112e+00
1.251045999589078832e+02 3.400983023872679034e+00
1.251517350249816474e+02 3.400983023872679034e+00
1.250971874415589298e+02 3.400983023872679034e+00
1.251886606989711481e+02 3.251239700466315163e+00
1.250968500390304143e+02 3.400983023872679034e+00
1.250542329166115394e+02 3.400983023872679034e+00
1.250586871893873706e+02 3.400983023872679034e+00
1.251806155623825276e+02 3.308488587493916278e+00
1.252125362665101278e+02 3.293167448226674843e+00
1.252218059369461969e+02 3.400983023872679034e+00
1.252002004592652327e+02 3.400983023872679034e+00
1.251867237055294311e+02 3.252568118596944391e+00
1.251474253619635846e+02 3.251203173500580412e+00
1.251109104493426258e+02 3.362165146340644561e+00
1.250875186706871460e+02 3.285168774429251481e+00
1.249299134784673271e+02 3.400983023872679034e+00
1.249471266898879378e+02 3.400983023872679034e+00
1.250183406477914474e+02 3.400983023872679034e+00
1.250596992906797169e+02 3.400983023872679034e+00
1.250650405761119117e+02 3.400983023872679034e+00
1.251612271940067274e+02 3.280631405930901856e+00
1.251420165654864292e+02 3.400983023872679034e+00
1.251804872099824308e+02 3.392882490846253596e+00
1.252619996142120016e+02 3.400983023872679034e+00
1.254184527649494640e+02 3.334311122634951552e+00
1.254404821543585768e+02 3.400983023872679034e+00
1.252330538342975217e+02 3.400983023872679034e+00
1.252646805010066657e+02 3.400983023872679034e+00
1.252776430112891290e+02 3.400983023872679034e+00
1.253328647344039410e+02 3.400983023872679034e+00
1.253105992825417871e+02 3.392367881859762679e+00
1.253616061476692920e+02 3.400983023872679034e+00
1.253271756346947399e+02 3.400983023872679034e+00
1.253823689457388753e+02 3.400983023872679034e+00
1.254255818386418611e+02 3.400983023872679034e+00
1.254915200214857549e+02 3.400983023872679034e+00
1.255085027607756416e+02 3.400983023872679034e+00
1.254403047019990396e+02 3.400983023872679034e+00
1.254587722444500173e+02 3.400983023872679034e+00
1.254269491131466765e+02 3.400983023872679034e+00
1.254092816100219352e+02 3.348162365912309646e+00
1.254639566878242505e+02 3.400983023872679034e+00
1.254779083476254442e+02 3.400983023872679034e+00
1.255163328822649760e+02 3.400983023872679034e+00
1.256853319600920287e+02 3.400983023872679034e+00
1.257037996172419270e+02 3.400983023872679034e+00
1.256870837068393740e+02 3.400983023872679034e+00
1.256584798796407654e+02 3.400983023872679034e+00
1.256321394804587328e+02 3.400983023872679034e+00
1.255484982269511107e+02 3.400983023872679034e+00
1.256211858073448440e+02 3.400983023872679034e+00
1.257820104122051816e+02 3.319558335437172936e+00
1.256900975956962299e+02 3.400983023872679034e+00
1.256140471917187398e+02 3.290783427682122841e+00
1.256435597853544692e+02 3.400983023872679034e+00
1.256604885569387733e+02 3.400983023872679034e+00
1.255922768203835034e+02 3.400983023872679034e+00
1.256181908102957578e+02 3.400983023872679034e+00
1.257304400912224338e+02 3.400983023872679034e+00
1.257442860432750820e+02 3.400983023872679034e+00
1.257963021894371991e+02 3.354836125098235478e+00
1.256829213164969303e+02 3.400983023872679034e+00
1.256014767848231202e+02 3.400983023872679034e+00
1.255994718666125891e+02 3.400983023872679034e+00
1.256999698349757466e+02 3.400983023872679034e+00
1.256582907398456541e+02 3.400983023872679034e+00
1.257760016224324602e+02 3.305208552657630694e+00
1.255346612682749878e+02 3.400983023872679034e+00
1.254221673811430122e+02 3.273156418011655688e+00
1.253723277933290348e+02 3.373703362229599101e+00
1.253792884658866740e+02 3.319010779499949493e+00
1.252704014484900341e+02 3.400983023872679034e+00
1.252325160255774676e+02 3.400983023872679034e+00
1.252074361326416323e+02 3.381909935267398026e+00
1.251903919194108141e+02 3.400983023872679034e+00
1.251600122735172107e+02 3.377449549239133209e+00
1.251801421977639848e+02 3.329170191215528263e+00
1.251067975001807469e+02 3.400983023872679034e+00
1.251998034129670003e+02 3.333999083484185277e+00
1.252649764818658724e+02 3.400983023872679034e+00
1.254223129308804516e+02 3.400983023872679034e+00
1.255526436222695423e+02 3.400983023872679034e+00
1.254749206640865395e+02 3.400983023872679034e+00
1.255340836459895826e+02 3.400983023872679034e+00
1.255399732352539672e+02 3.400983023872679034e+00
1.255467422491375658e+02 3.400983023872679034e+00
1.254598259349137379e+02 3.400983023872679034e+00
1.255052809703703929e+02 3.400983023872679034e+00
1.256156940872258616e+02 3.400983023872679034e+00
1.256417876416057169e+02 3.400983023872679034e+00
1.255780388046834730e+02 3.289227937259825207e+00
1.254872198434433841e+02 3.400983023872679034e+00
1.255256661804144187e+02 3.400983023872679034e+00
1.254790287344376623e+02 3.400983023872679034e+00
1.254983776470569836e+02 3.400983023872679034e+00
1.255542531885771211e+02 3.400983023872679034e+00
1.255016465180638221e+02 3.400983023872679034e+00
1.254224340885569262e+02 3.400983023872679034e+00
1.253855302302776948e+02 3.400897309698926563e+00
1.253431615414431235e+02 3.400983023872679034e+00
1.254434989965005798e+02 3.400983023872679034e+00
1.254831710424241038e+02 3.400983023872679034e+00
1.255129613724392783e+02 3.400983023872679034e+00
1.255601818000157692e+02 3.400983023872679034e+00
1.256363418052231395e+02 3.400983023872679034e+00
1.255968087634363002e+02 3.400983023872679034e+00
1.256013250633031220e+02 3.400983023872679034e+00
1.255926380776602116e+02 3.333778901463980038e+00
1.256366879806707573e+02 3.400983023872679034e+00
1.256919235800232570e+02 3.400983023872679034e+00
1.257109226884595330e+02 3.400983023872679034e+00
1.258819015094415477e+02 3.400983023872679034e+00
1.257537453362861726e+02 3.400983023872679034e+00
1.258082814365940152e+02 3.400983023872679034e+00
1.258283625731234707e+02 3.400983023872679034e+00
1.259740172764597332e+02 3.400983023872679034e+00
1.260431685939713731e+02 3.400983023872679034e+00
1.259343197230340792e+02 3.400983023872679034e+00
1.259207634167797920e+02 3.400983023872679034e+00
1.258775935507354404e+02 3.400983023872679034e+00
1.260070185525285780e+02 3.400983023872679034e+00
1.260104776217053768e+02 3.296943729703305515e+00
1.260216220359545929e+02 3.400983023872679034e+00
1.260744107677671764e+02 3.400983023872679034e+00
1.261412567248284518e+02 3.400983023872679034e+00
1.261515528607797734e+02 3.400983023872679034e+00
1.260812043276716707e+02 3.400983023872679034e+00
1.261402194529297134e+02 3.400983023872679034e+00
1.259288811729354620e+02 3.400983023872679034e+00
1.260115384167416011e+02 3.400983023872679034e+00
1.260548557512560137e+02 3.400983023872679034e+00
1.259001529340215342e+02 3.400983023872679034e+00
1.258583602152334322e+02 3.400983023872679034e+00
1.260213511121744432e+02 3.400983023872679034e+00
1.260160825607896129e+02 3.400983023872679034e+00
1.260894497674154593e+02 3.400983023872679034e+00
1.260666719830524727e+02 3.400983023872679034e+00
1.262061660819631328e+02 3.400983023872679034e+00
1.261223395858596348e+02 3.400983023872679034e+00
1.261187580744370109e+02 3.400983023872679034e+00
1.261297621961369799e+02 3.400983023872679034e+00
1.260939104622925271e+02 3.400983023872679034e+00
1.260917215179068762e+02 3.400983023872679034e+00
1.261782443247078049e+02 3.284887328040527077e+00
1.261220117573225679e+02 3.400983023872679034e+00
1.260919819644390145e+02 3.400983023872679034e+00
1.261502987875011428e+02 3.400983023872679034e+00
1.261118313379951985e+02 3.400983023872679034e+00
1.260313156613155883e+02 3.400983023872679034e+00
1.262655826745698278e+02 3.400983023872679034e+00
1.261657663954117510e+02 3.400983023872679034e+00
1.261418153452226676e+02 3.400983023872679034e+00
1.260112887037689546e+02 3.400983023872679034e+00
1.261551990432551804e+02 3.400983023872679034e+00
1.263447109339131345e+02 3.299085836998730592e+00
1.263790278580928685e+02 3.400983023872679034e+00
1.264244609896339284e+02 3.307115653787964238e+00
1.264225447410608751e+02 3.381823385556526507e+00
1.264512169827013253e+02 3.400983023872679034e+00
1.264741590530976936e+02 3.400983023872679034e+00
1.266211827948450264e+02 3.400983023872679034e+00
1.265297706177957338e+02 3.400983023872679034e+00
1.265294316132115142e+02 3.400983023872679034e+00
1.264396457404520362e+02 3.264979241210254290e+00
1.265574110582919474e+02 3.400983023872679034e+00
1.264119731577305146e+02 3.291873155548764363e+00
1.265555611354903078e+02 3.400983023872679034e+00
1.265132603180949786e+02 3.400983023872679034e+00
1.265014671146481220e+02 3.400983023872679034e+00
1.265738273526071680e+02 3.400983023872679034e+00
1.265828712021768183e+02 3.400983023872679034e+00
1.264734707069396791e+02 3.400983023872679034e+00
1.264727371444101749e+02 3.400983023872679034e+00
1.265170613087898346e+02 3.400983023872679034e+00
1.266975822414006103e+02 3.400983023872679034e+00
1.266966549160975006e+02 3.400983023872679034e+00
1.266979429738507008e+02 3.400983023872679034e+00
1.266644681455088346e+02 3.400983023872679034e+00
1.265756964098818287e+02 3.400983023872679034e+00
1.265708192303247586e+02 3.400983023872679034e+00
1.265684502145711718e+02 3.345506941040241156e+00
1.265539423137168740e+02 3.306130561971870385e+00
1.264313904908878357e+02 3.400983023872679034e+00
1.265396291881487087e+02 3.400983023872679034e+00
1.264850424908624547e+02 3.400983023872679034e+00
1.264180283810183738e+02 3.303689769872512283e+00
1.264156485568560413e+02 3.400983023872679034e+00
1.263628931534378097e+02 3.400983023872679034e+00
1.263462175108146539e+02 3.400983023872679034e+00
1.264288115078394270e+02 3.400983023872679034e+00
1.264102295259051516e+02 3.335758497926589961e+00
1.264572994500304048e+02 3.400983023872679034e+00
1.265433674965177886e+02 3.400983023872679034e+00
1.265638984344007554e+02 3.280356286375848640e+00
1.264576331996917844e+02 3.400983023872679034e+00
1.264070358506910452e+02 3.291567364886089475e+00
1.261908297445569502e+02 3.400983023872679034e+00
1.261791189666565032e+02 3.400983023872679034e+00
1.262192580097372030e+02 3.400983023872679034e+00
1.261904130449278369e+02 3.303809373883193068e+00
1.262441496416725499e+02 3.400983023872679034e+00
1.261689359896740541e+02 3.250300547053500910e+00
1.260175518322046457e+02 3.400983023872679034e+00
1.261021793332655392e+02 3.400983023872679034e+00
1.262184757065936935e+02 3.342749372596530488e+00
1.262178689032368055e+02 3.400983023872679034e+00
1.262367839937141838e+02 3.297529479695348709e+00
1.261673510904598601e+02 3.400983023872679034e+00
1.261420395696175518e+02 3.400983023872679034e+00
1.260649767698251651e+02 3.400983023872679034e+00
1.260105376468512048e+02 3.400983023872679034e+00
1.258952458645952390e+02 3.400983023872679034e+00
1.259119078804333043e+02 3.400983023872679034e+00
1.258745362020459311e+02 3.400983023872679034e+00
1.257646063889633865e+02 3.370606009644272039e+00
1.257907464147214682e+02 3.400983023872679034e+00
1.258743696828627492e+02 3.400983023872679034e+00
1.259793823895948179e+02 3.262690172803010213e+00
1.259280963969643921e+02 3.400983023872679034e+00
1.258987169983442271e+02 3.400983023872679034e+00
1.257964586370950713e+02 3.400983023872679034e+00
1.259104261160335057e+02 3.400983023872679034e+00
1.258782425233002868e+02 3.400983023872679034e+00
1.258222810747639357e+02 3.400983023872679034e+00
1.258706970176397562e+02 3.400983023872679034e+00
1.259058488119502499e+02 3.400983023872679034e+00
1.259575919726497943e+02 3.400983023872679034e+00
1.258832948762039479e+02 3.400983023872679034e+00
1.258612517549939156e+02 3.400983023872679034e+00
1.257907835345453407e+02 3.344444703448601786e+00
1.257506850554437818e+02 3.386286230304640821e+00
1.258896934437505166e+02 3.400983023872679034e+00
1.258741779296889973e+02 3.400983023872679034e+00
1.258310858390073435e+02 3.312391250954666244e+00
1.259082608782510277e+02 3.400983023872679034e+00
1.258837616712065284e+02 3.400983023872679034e+00
1.259360148938500430e+02 3.400983023872679034e+00
1.258548342207534745e+02 3.400983023872679034e+00
1.258774392930727402e+02 3.400983023872679034e+00
1.260133284189898717e+02 3.400983023872679034e+00
1.260131705586570519e+02 3.341107798633335513e+00
1.260811319370150727e+02 3.400983023872679034e+00
1.260171953576409436e+02 3.400983023872679034e+00
1.259507358654485927e+02 3.278696004269595399e+00
1.259037683214852876e+02 3.400983023872679034e+00
1.259151629886536625e+02 3.400983023872679034e+00
1.259517790895320104e+02 3.400983023872679034e+00
1.260458922921844760e+02 3.400983023872679034e+00
1.260469001728421858e+02 3.400983023872679034e+00
1.260725549166477037e+02 3.400983023872679034e+00
1.259876910201020195e+02 3.400983023872679034e+00
1.259363726013887401e+02 3.400983023872679034e+00
1.260394895867744935e+02 3.400983023872679034e+00
1.259627040578807424e+02 3.389174638667571848e+00
1.259826052099364802e+02 3.400983023872679034e+00
1.260671401452210603e+02 3.400983023872679034e+00
1.261074632704812473e+02 3.400983023872679034e+00
1.260780452017203430e+02 3.400983023872679034e+00
1.259391267881726719e+02 3.400983023872679034e+00
1.258165884674688613e+02 3.335982055992695372e+00
1.258216483391691298e+02 3.400983023872679034e+00
1.257934140210533798e+02 3.269414927389741266e+00
1.257689899156985689e+02 3.288510905756158564e+00
1.258118064204628723e+02 3.400983023872679034e+00
1.259661478571557183e+02 3.400983023872679034e+00
1.260646891549320259e+02 3.400983023872679034e+00
1.260534536727854373e+02 3.381018594083632145e+00
1.260606674262333797e+02 3.400983023872679034e+00
1.260265294026141163e+02 3.292632067730166590e+00
1.260174703487872989e+02 3.400983023872679034e+00
1.259295849156405751e+02 3.400983023872679034e+00
1.261848099640008627e+02 3.400983023872679034e+00
1.260521280768568175e+02 3.400983023872679034e+00
1.260990261169803119e+02 3.400983023872679034e+00
1.261062997927671319e+02 3.400983023872679034e+00
1.259896317490761106e+02 3.391504017967900797e+00
1.260936283747047213e+02 3.400983023872679034e+00
1.260578556938889960e+02 3.400983023872679034e+00
1.260194208485109613e+02 3.400983023872679034e+00
1.260101794940605799e+02 3.293162754612827037e+00
1.260473464208516390e+02 3.400983023872679034e+00
1.261311867827969735e+02 3.400983023872679034e+00
1.262440398181366135e+02 3.400983023872679034e+00
1.261967534908416440e+02 3.400983023872679034e+00
1.260691258823949994e+02 3.400983023872679034e+00
1.261541733278242816e+02 3.289630157914986253e+00
1.261382040193052347e+02 3.400983023872679034e+00
1.260775631638645109e+02 3.400983023872679034e+00
1.261197353119428755e+02 3.400983023872679034e+00
1.260651128430047550e+02 3.400983023872679034e+00
1.261210350356120387e+02 3.400983023872679034e+00
1.260763904578946750e+02 3.400983023872679034e+00
1.259254879958977966e+02 3.400983023872679034e+00
1.259043883862922968e+02 3.400983023872679034e+00
1.258914233589877654e+02 3.400983023872679034e+00
1.258971343690414955e+02 3.400983023872679034e+00
1.258895965633436447e+02 3.400983023872679034e+00
1.258811640475963998e+02 3.400983023872679034e+00
1.258754185120650959e+02 3.400983023872679034e+00
1.257958693223029911e+02 3.368928284572755949e+00
1.257911156029142887e+02 3.400983023872679034e+00
1.257755645652580938e+02 3.400983023872679034e+00
1.258426614668206724e+02 3.400983023872679034e+00
1.259148936712465314e+02 3.400983023872679034e+00
1.261148984103297011e+02 3.400983023872679034e+00
1.261834434891522534e+02 3.283163308264645863e+00
1.260087877432985124e+02 3.400983023872679034e+00
1.260469838661180688e+02 3.400983023872679034e+00
1.261265820684865560e+02 3.263551973630780978e+00
1.259978048833458359e+02 3.400983023872679034e+00
1.260638238639713506e+02 3.400983023872679034e+00
1.261465139570550491e+02 3.288227445280704764e+00
1.263112716248202219e+02 3.400983023872679034e+00
1.263617762739722821e+02 3.400983023872679034e+00
1.262515656857812019e+02 3.400983023872679034e+00
1.262700118374233966e+02 3.400983023872679034e+00
1.262994229840765570e+02 3.400983023872679034e+00
1.263298583936991264e+02 3.400983023872679034e+00
1.262487284463565231e+02 3.400983023872679034e+00
1.262985149439070369e+02 3.400983023872679034e+00
1.262660595505534360e+02 3.400983023872679034e+00
1.262523957615321706e+02 3.400983023872679034e+00
1.261294513109438356e+02 3.400983023872679034e+00
1.261550679040009015e+02 3.400983023872679034e+00
1.260759954558186422e+02 3.400983023872679034e+00
1.260273307297681242e+02 3.400983023872679034e+00
1.259557260096584770e+02 3.400983023872679034e+00
1.259585929925367793e+02 3.400983023872679034e+00
1.258319959050252521e+02 3.400983023872679034e+00
1.258512315843819636e+02 3.400983023872679034e+00
1.258313648711443733e+02 3.400983023872679034e+00
1.258186458408291486e+02 3.400983023872679034e+00
1.256745921976688294e+02 3.400983023872679034e+00
1.256165080997123198e+02 3.400983023872679034e+00
1.256710504635396148e+02 3.400983023872679034e+00
1.257079594955508526e+02 3.400983023872679034e+00
1.257214466619593765e+02 3.270612379640635670e+00
1.257417889320536375e+02 3.400983023872679034e+00
1.257027466753904008e+02 3.400983023872679034e+00
1.258738771065862636e+02 3.400983023872679034e+00
1.259288540932620464e+02 3.400983023872679034e+00
1.258585189300114706e+02 3.400983023872679034e+00
1.258629291468783578e+02 3.400983023872679034e+00
1.259328137082758730e+02 3.261212182154222816e+00
1.258705010106830855e+02 3.400983023872679034e+00
1.259153191902294537e+02 3.400983023872679034e+00
1.259209476048236667e+02 3.400983023872679034e+00
1.257949143242542931e+02 3.400983023872679034e+00
1.259009396985793643e+02 3.400983023872679034e+00
1.259803846174530690e+02 3.400983023872679034e+00
1.257895348293643849e+02 3.384638359282102549e+00
1.257928866523118501e+02 3.400983023872679034e+00
1.258647738373259983e+02 3.400983023872679034e+00
1.258422156331059369e+02 3.400983023872679034e+00
1.258750645438269231e+02 3.400983023872679034e+00
1.259001535003153123e+02 3.400983023872679034e+00
1.259725498732678091e+02 3.400983023872679034e+00
1.258241620526820981e+02 3.385413488227110523e+00
1.258349477878840617e+02 3.326034564980201225e+00
1.258191990618592087e+02 3.400983023872679034e+00
1.257873776848500427e+02 3.400983023872679034e+00
1.256775652402978238e+02 3.400983023872679034e+00
1.256131416287985587e+02 3.400983023872679034e+00
1.256116610507057203e+02 3.400983023872679034e+00
1.255868690848443521e+02 3.400983023872679034e+00
1.256298637727967105e+02 3.400983023872679034e+00
1.254967074836001615e+02 3.400983023872679034e+00
1.255911922082373593e+02 3.383805955456124614e+00
1.256193416025638356e+02 3.400983023872679034e+00
1.255998720829794593e+02 3.400983023872679034e+00
1.256500409857076903e+02 3.400983023872679034e+00
1.256787390840038370e+02 3.400983023872679034e+00
1.258604982722845733e+02 3.400983023872679034e+00
1.258110440091283522e+02 3.400983023872679034e+00
1.258290084177918544e+02 3.400983023872679034e+00
1.258238245365488126e+02 3.400983023872679034e+00
1.257345023920324678e+02 3.400983023872679034e+00
1.256285341926600694e+02 3.400983023872679034e+00
1.256263818370993448e+02 3.391175007772887717e+00
1.257291283022043729e+02 3.400983023872679034e+00
1.256262445738960878e+02 3.400983023872679034e+00
1.255151929913903359e+02 3.400983023872679034e+00
1.254848842189119011e+02 3.400983023872679034e+00
1.255062169660843523e+02 3.400983023872679034e+00
1.255244987994508961e+02 3.400983023872679034e+00
1.254357529854806899e+02 3.352807805722791912e+00
1.253633985703316398e+02 3.400983023872679034e+00
1.255171892990204583e+02 3.400983023872679034e+00
1.254184754900983876e+02 3.400983023872679034e+00
1.254181151503860576e+02 3.353612188957245888e+00
1.254156271105330660e+02 3.400983023872679034e+00
1.255457668539372662e+02 3.400983023872679034e+00
1.254775556026979615e+02 3.400983023872679034e+00
1.254988650898258129e+02 3.400983023872679034e+00
1.256251870984676486e+02 3.270997272547443657e+00
1.256001374305372451e+02 3.283615592632579627e+00
1.255491582500841616e+02 3.400983023872679034e+00
1.254925792469329906e+02 3.400983023872679034e+00
1.254588755591557003e+02 3.400983023872679034e+00
1.254098075183689502e+02 3.400983023872679034e+00
1.254521169446446862e+02 3.400983023872679034e+00
1.254166174524077633e+02 3.400983023872679034e+00
1.254334580149035219e+02 3.400983023872679034e+00
1.254156280993684476e+02 3.400983023872679034e+00
1.254038945204303275e+02 3.400983023872679034e+00
1.253670827768466154e+02 3.400983023872679034e+00
1.253508961089327300e+02 3.400983023872679034e+00
1.252788338347137085e+02 3.400983023872679034e+00
1.253621927680975432e+02 3.250785658854137061e+00
1.253543843024960012e+02 3.400983023872679034e+00
1.254749556584248040e+02 3.400983023872679034e+00
1.254419138093660564e+02 3.400983023872679034e+00
1.252991568683450794e+02 3.400983023872679034e+00
1.253461093629901058e+02 3.400983023872679034e+00
1.255928258811569691e+02 3.304972628175601113e+00
1.255454676022265517e+02 3.400983023872679034e+00
1.255400584268328146e+02 3.400983023872679034e+00
1.255753816448287381e+02 3.385065256572084458e+00
1.256546945026019131e+02 3.400983023872679034e+00
1.256707442338587128e+02 3.400983023872679034e+00
1.258406297390870634e+02 3.400983023872679034e+00
1.257656825498237083e+02 3.400983023872679034e+00
1.257566486014498821e+02 3.400983023872679034e+00
1.257311962934889351e+02 3.400983023872679034e+00
1.256375965620561601e+02 3.400983023872679034e+00
1.255239866824468180e+02 3.400983023872679034e+00
1.254112161364185738e+02 3.396212614999202462e+00
1.254730299078821929e+02 3.400983023872679034e+00
1.255354524562114449e+02 3.400983023872679034e+00
1.255606533294431131e+02 3.343292060558955114e+00
1.255850879318036846e+02 3.376974530105501415e+00
1.255863644749242383e+02 3.287740622264430534e+00
1.256286883803650340e+02 3.400983023872679034e+00
1.256276705055084619e+02 3.400983023872679034e+00
1.256142307383831849e+02 3.384740213184758595e+00
1.256578029136806123e+02 3.400983023872679034e+00
1.255837315198081541e+02 3.400983023872679034e+00
1.256018451124378856e+02 3.331201382810030420e+00
1.255429307316794620e+02 3.400983023872679034e+00
1.254263769257997865e+02 3.400983023872679034e+00
1.253927763694604494e+02 3.324018942834536805e+00
1.253686735995940325e+02 3.400983023872679034e+00
1.254160578331837996e+02 3.400983023872679034e+00
1.254174708318368658e+02 3.400983023872679034e+00
1.253763943791212654e+02 3.400983023872679034e+00
1.254218938806767625e+02 3.400983023872679034e+00
1.253847758550620881e+02 3.400983023872679034e+00
1.253681843511464677e+02 3.344772581177283488e+00
1.252460867098611601e+02 3.400983023872679034e+00
1.252765458742781846e+02 3.400983023872679034e+00
1.252359561291335979e+02 3.400983023872679034e+00
1.252669005821155537e+02 3.400983023872679034e+00
1.252595700540826726e+02 3.400983023872679034e+00
1.252243870452594336e+02 3.400983023872679034e+00
1.252186286110217708e+02 3.270991529661039010e+00
1.252343407592171758e+02 3.382500808531208492e+00
1.252077510352486200e+02 3.277747240653700267e+00
1.252183586091390737e+02 3.400983023872679034e+00
1.252824701702478194e+02 3.400983023872679034e+00
1.252899066497862322e+02 3.400983023872679034e+00
1.253079510270949726e+02 3.400983023872679034e+00
1.252884535494870164e+02 3.400983023872679034e+00
1.254013060868770850e+02 3.292339234113667246e+00
1.252425784635519079e+02 3.400983023872679034e+00
1.251735410037561422e+02 3.358483449496896256e+00
1.251923814418048977e+02 3.400983023872679034e+00
1.252242873760951625e+02 3.400983023872679034e+00
1.250845693989560061e+02 3.400983023872679034e+00
1.250365970541198379e+02 3.281411866931499333e+00
1.250745415229498292e+02 3.400983023872679034e+00
1.251931517310397339e+02 3.400983023872679034e+00
1.253933655283336037e+02 3.400983023872679034e+00
1.254751415016452682e+02 3.400983023872679034e+00
1.256066222260314902e+02 3.265754336470033881e+00
