nan
nan
nan
nan
nan
nan
nan
nan
nan
nan
nan
nan
nan
nan
nan
nan
nan
nan
nan
nan
nan
nan
nan
nan
nan
nan
nan
2.222038469506342651e+00
3.743883002080030664e+00
5.122529494309432607e+00
6.591340069666206780e+00
7.969773103747140652e+00
8.832134528345768842e+00
9.568166076287340616e+00
1.048130153632715000e+01
1.114938250984519108e+01
1.191920246057091148e+01
1.285100174448057153e+01
1.343062951615483058e+01
1.409961468207622026e+01
1.488771593926773562e+01
1.547568256002963771e+01
1.597464614115517278e+01
1.665089735097335222e+01
1.725388083863438382e+01
1.759711032914678341e+01
1.848850596902116195e+01
1.896540019478863925e+01
1.962890565660259412e+01
2.022370725995448382e+01
2.071939098148839875e+01
2.135420032630249665e+01
2.191637665641628629e+01
2.234479644460961012e+01
2.285004166085951738e+01
2.328668062609841272e+01
2.387460160012468080e+01
2.434991775702717476e+01
2.474983094296540997e+01
2.522192017816262677e+01
2.566604420693436239e+01
2.617594780508037999e+01
2.633252122881622981e+01
2.685466471089561225e+01
2.710274904963582543e+01
2.752352760824898681e+01
2.804770597911891983e+01
2.848162454318713444e+01
2.885755088490588705e+01
2.921065082131092794e+01
2.955421876100381340e+01
2.990764059267230124e+01
3.031196529154014030e+01
3.065519382379894964e+01
3.110205786575401277e+01
3.131728168247387600e+01
3.162867354238914430e+01
3.197684354228692172e+01
3.228934001118552999e+01
3.252694656527746986e+01
3.279091028071892566e+01
3.306180243061044166e+01
3.341749479018810831e+01
3.369254147010129685e+01
3.391295350748451654e+01
3.420351771706449995e+01
3.436254027174895498e+01
3.458061221010243003e+01
3.492451280469197883e+01
3.507327967980334193e+01
3.545922793734813894e+01
3.575205090542414155e+01
3.586946640247213480e+01
3.614447420568227898e+01
3.639790068219031838e+01
3.675392655656981589e+01
3.691254533045377428e+01
3.720598240054457051e+01
3.732239306806502555e+01
3.767916539762177308e+01
3.779765722267659811e+01
3.792616223333455139e+01
3.822852565899858490e+01
3.834962223109146606e+01
3.868004623955785348e+01
3.885511949010490440e+01
3.907904374716324014e+01
3.935203237418237165e+01
3.944650699537104543e+01
3.956440537335129193e+01
3.969577666964433149e+01
3.992312176857243600e+01
4.013196359656826218e+01
4.059735332377761807e+01
4.074178489792857505e+01
4.077111547528845392e+01
4.088013962821009528e+01
4.127755488465489719e+01
4.128385042848190523e+01
4.154333398286809853e+01
4.174123188364186632e+01
4.202223219958640499e+01
4.197569194191043351e+01
4.221236914069034896e+01
4.230593508781843326e+01
4.255448171573211624e+01
4.293306779896683878e+01
4.287569920979832006e+01
4.296942216041592388e+01
4.313516953378763219e+01
4.333905893554110378e+01
4.340398784419905098e+01
4.369612147774719801e+01
4.374515732044967109e+01
4.403890574843622119e+01
4.424549350731006570e+01
4.443827323973832932e+01
4.474396325906223382e+01
4.486907377002994224e+01
4.501291909672731606e+01
4.521613077004882086e+01
4.535303942024466295e+01
4.546056370678788738e+01
4.572090468903821403e+01
4.586391446369066216e+01
4.612629491285958494e+01
4.649844112908877491e+01
4.669034066895402901e+01
4.690278423559543342e+01
4.696466724257976466e+01
4.731224057683078854e+01
4.740048809575794309e+01
4.751137616451898538e+01
4.791208336611170893e+01
4.786059053869738733e+01
4.825950336896692505e+01
4.842461882715964805e+01
4.860726102091851430e+01
4.869284604930692950e+01
4.890462071044169790e+01
4.906031726789623804e+01
4.952108303506285836e+01
4.953673023434134137e+01
4.968036804634397896e+01
4.994913871571630182e+01
5.009006922928971051e+01
5.017677775159013720e+01
5.033922256920153870e+01
5.069183253366465181e+01
5.077653905179597871e+01
5.086359476350732223e+01
5.108248115873981732e+01
5.137633935031617227e+01
5.143517889191673476e+01
5.170628775687909950e+01
5.183526130881210747e+01
5.216217055768785826e+01
5.239518274295620870e+01
5.248432262276217131e+01
5.270587917444338188e+01
5.275890942658175220e+01
5.285869270175484758e+01
5.307865277145914717e+01
5.313957666841007921e+01
5.340621149964087522e+01
5.340084956479105216e+01
5.355073856075063077e+01
5.393035577659996704e+01
5.395588428085335408e+01
5.409101464067580878e+01
5.417580507181241245e+01
5.421456179410895260e+01
5.456829532804886185e+01
5.449957240548258852e+01
5.468585622823454884e+01
5.489468034498478488e+01
5.490404447969032020e+01
5.491324508968393303e+01
5.506333286447866726e+01
5.522393286845596094e+01
5.542403097516411492e+01
5.548957512462008879e+01
5.537409063230755635e+01
5.552655704534288361e+01
5.556842175835870989e+01
5.558846679881729358e+01
5.569513559027456751e+01
5.568711704329804490e+01
5.573067526506993374e+01
5.575183311988255497e+01
5.587870850123988475e+01
5.591204000759787363e+01
5.613898529404204396e+01
5.617252948269617008e+01
5.630353480065878813e+01
5.648005022591379287e+01
5.651198310793525792e+01
5.653181392449474885e+01
5.668569631694722233e+01
5.664403719411788529e+01
5.687691204003099443e+01
5.687686043122660351e+01
5.710471271600981424e+01
5.711750647948185389e+01
5.731967986240814383e+01
5.743798120972161314e+01
5.749532936942676287e+01
5.756738896585229526e+01
5.760654033152097497e+01
5.768309883877507360e+01
5.773391805802371124e+01
5.786967254672017447e+01
5.799952359721802253e+01
5.808026829147192416e+01
5.825161348174622589e+01
5.830627107693764799e+01
5.830244012760683603e+01
5.838924253734350600e+01
5.860485196542927611e+01
5.869823462253156521e+01
5.879751435431872864e+01
5.884353225124222320e+01
5.892140066131152309e+01
5.897948332984310582e+01
5.921684655177487144e+01
5.919498708043858670e+01
5.929507033020317408e+01
5.932727221407373719e+01
5.947645900734985958e+01
5.965001602189585839e+01
5.965951907231729479e+01
5.986953321175055009e+01
5.987747648233784759e+01
5.998920798324462567e+01
6.009204497377137955e+01
6.024481576759569634e+01
6.028540995596865315e+01
6.043909973492597487e+01
6.059710732833652713e+01
6.079382494058372544e+01
6.092493930547776415e+01
6.103717101480872742e+01
6.108607341111546418e+01
6.120175295141353189e+01
6.137364827048637039e+01
6.149304753158130410e+01
6.153698781328171208e+01
6.164620137776557129e+01
6.170950618660261000e+01
6.171596402154242611e+01
6.176181520932800595e+01
6.183854605219465839e+01
6.195213139391341883e+01
6.198836406615460959e+01
6.197662172931419633e+01
6.200055545094466680e+01
6.216687159738464175e+01
6.220691548653555003e+01
6.231852855059888441e+01
6.239873405160720665e+01
6.248913816298101409e+01
6.259999350317733757e+01
6.266845498259380065e+01
6.277003175481872432e+01
6.290901060587868443e+01
6.307960046052976111e+01
6.319490228410636234e+01
6.344840548789454004e+01
6.341307722272526348e+01
6.343404189746823363e+01
6.362956539252142107e+01
6.382231245546697096e+01
6.394944069570183842e+01
6.401702323926480176e+01
6.416720056206672496e+01
6.428180973529406117e+01
6.427134760636164401e+01
6.443129482926528340e+01
6.453251900516703188e+01
6.462622558887183288e+01
6.463343750918480168e+01
6.472059515985850453e+01
6.494977201957895829e+01
6.492241670602665238e+01
6.499254433074796111e+01
6.504690239603644386e+01
6.513732684932220707e+01
6.519412978678720094e+01
6.524453779858740177e+01
6.527109682474451802e+01
6.536686034974322013e+01
6.553124358261882776e+01
6.540879527695284423e+01
6.549715723418687219e+01
6.551086294508426988e+01
6.564103108690375166e+01
6.580341171776086640e+01
6.583443922727839492e+01
6.592096675474331846e+01
6.609847831593286571e+01
6.606916047000956382e+01
6.625499896870212524e+01
6.640352634913112695e+01
6.648864263180666967e+01
6.652581985799109532e+01
6.655763955420302125e+01
6.650504235992906388e+01
6.674308480175901082e+01
6.671602058332297247e+01
6.675832480865229002e+01
6.687934531971178842e+01
6.695125026777743926e+01
6.698868326285017361e+01
6.709055924729486264e+01
6.717507663048695576e+01
6.718051966897431271e+01
6.729368018227029324e+01
6.728144771907852828e+01
6.726466348576894916e+01
6.735059873932515018e+01
6.742449364677160872e+01
6.739035111995210059e+01
6.747702018621582454e+01
6.763141208952198724e+01
6.771614871496581145e+01
6.777390717416450627e+01
6.791329081316870031e+01
6.802968351464949137e+01
6.819316890871175474e+01
6.830259021472488712e+01
6.845793743912837215e+01
6.854838584408736324e+01
6.846466453609210134e+01
6.852059253647738046e+01
6.855932608012547291e+01
6.865039912243410924e+01
6.874160490623755493e+01
6.879226306037426752e+01
6.877380634218410194e+01
6.886355217537898454e+01
6.896957110973022509e+01
6.904902694887844916e+01
6.906602756250214270e+01
6.901775725712536769e+01
6.909978360788083762e+01
6.912067322244959655e+01
6.914482319349673389e+01
6.912556537224428155e+01
6.919109384488174896e+01
6.923030176032170857e+01
6.914120002394680853e+01
6.917444527987623815e+01
6.918552701784062720e+01
6.924894106523227322e+01
6.923443722929833655e+01
6.925797549957199806e+01
6.927129577002909855e+01
6.933237162966766221e+01
6.935058741721725539e+01
6.942617817110375711e+01
6.946234349537657238e+01
6.946613954371130717e+01
6.960748892273862509e+01
6.969335306424849819e+01
6.971071443721716321e+01
6.968599131232588206e+01
6.971339794330840789e+01
6.966200800874237586e+01
6.971983908667523622e+01
6.971046504847819847e+01
6.971519353839089206e+01
6.964229160119313633e+01
6.971597692854028594e+01
6.963539429021379590e+01
6.959640673107465147e+01
6.963418989428582506e+01
6.960083191551689197e+01
6.963479868717929833e+01
6.968259704368470864e+01
6.969896940104223404e+01
6.967863815314011333e+01
6.973375846930289867e+01
6.980033937090237828e+01
6.984933116956483445e+01
6.993726698047608181e+01
7.001945790285977012e+01
7.008040134844502234e+01
7.017920410251429075e+01
7.020407045667670332e+01
7.032115982699679080e+01
7.043647413181753336e+01
7.049674633561420478e+01
7.058407327062104741e+01
7.064868977072509892e+01
7.080618826439868485e+01
7.084276958834765026e+01
7.087895831586848772e+01
7.101017254572614945e+01
7.097318797835103510e+01
7.101000941445654746e+01
7.114604716710860544e+01
7.115918710051950313e+01
7.122829852730809819e+01
7.126816388526528101e+01
7.138070077309635053e+01
7.147388266717135252e+01
7.150779844356837600e+01
7.167048732199980066e+01
7.175184896716967842e+01
7.178236998726052320e+01
7.186950786956926152e+01
7.196351619054166804e+01
7.203444073898798194e+01
7.216518319361442479e+01
7.223398349153752918e+01
7.223664298833099906e+01
7.232338118760053192e+01
7.238298500090813548e+01
7.242091884567469151e+01
7.247749261554304212e+01
7.252958965847568606e+01
7.260126220815095621e+01
7.260299798239435631e+01
7.261399180524507813e+01
7.260444421631491707e+01
7.267841273444729211e+01
7.282224207630537194e+01
7.277882148124321304e+01
7.280401750370043601e+01
7.286430041582261197e+01
7.288443453106698655e+01
7.294677077409399146e+01
7.300724492393752030e+01
7.309060978641213069e+01
7.313849460061176444e+01
7.315814505491917430e+01
7.323267275596896297e+01
7.330165099426271524e+01
7.334584561783286460e+01
7.343392194667769957e+01
7.350653319999948110e+01
7.357731997274056823e+01
7.360198705768215177e+01
7.368257551960670071e+01
7.372992552167001179e+01
7.379566795941553892e+01
7.391034514366884878e+01
7.399633191738492144e+01
7.400468562855661503e+01
7.403896412998777521e+01
7.418536500957510782e+01
7.418848815007959274e+01
7.425147178649211810e+01
7.429514951252383526e+01
7.436323520996388936e+01
7.440103820818029590e+01
7.446939007345065420e+01
7.450597429722220966e+01
7.462526643036690643e+01
7.464143072000987900e+01
7.477552801699512486e+01
7.481691306735261549e+01
7.486959172652851180e+01
7.498946782841470338e+01
7.505757956814071008e+01
7.512335689824391238e+01
7.521668831423973245e+01
7.528906550570403056e+01
7.535162017041805882e+01
7.545429503403174465e+01
7.550833118104056041e+01
7.559116964623571278e+01
7.563296626995341398e+01
7.565012381397724539e+01
7.564656365787476489e+01
7.563043099871832453e+01
7.565203261432435511e+01
7.573042134072470333e+01
7.578087677481126150e+01
7.574935615059871452e+01
7.575630293686346306e+01
7.580149080386283345e+01
7.586616045375390627e+01
7.587475762048032379e+01
7.586247834145991931e+01
7.586499597123903982e+01
7.591823152283697596e+01
7.586451927972657927e+01
7.590139200196462355e+01
7.587498710848640826e+01
7.587090418942977976e+01
7.594125254404458758e+01
7.594040751056812155e+01
7.597064468939386472e+01
7.595523347992951813e+01
7.594702686482769138e+01
7.600601044078511848e+01
7.602440411117117947e+01
7.595116535826495863e+01
7.601033420737550728e+01
7.600420940434396755e+01
7.604894276012204557e+01
7.606662214008190404e+01
7.605888337727719772e+01
7.598227467266853807e+01
7.598578269049956191e+01
7.596320154386383194e+01
7.599843519542127979e+01
7.602923177592118975e+01
7.601038934248950341e+01
7.605521233094756894e+01
7.608582069930855596e+01
7.605855069515914124e+01
7.614466265586602844e+01
7.610347576857544993e+01
7.614594810656913637e+01
7.613567860281574440e+01
7.623021064710195560e+01
7.618519700736473510e+01
7.622863187194585066e+01
7.632055733632354588e+01
7.628357013101414452e+01
7.635731355728117364e+01
7.636707153576558937e+01
7.640877707062979596e+01
7.636167806363356192e+01
7.636077108496286314e+01
7.631970985963309317e+01
7.628908929356256863e+01
7.628394959260994312e+01
7.627869205183422707e+01
7.633261378000941022e+01
7.636756228664042112e+01
7.635261113390355092e+01
7.640447270429966409e+01
7.644782858414994564e+01
7.649256120306043272e+01
7.655496499676866051e+01
7.657715007693607845e+01
7.659015449509226414e+01
7.665959161715052517e+01
7.667033345890753537e+01
7.664173836940774720e+01
7.663389739797808886e+01
7.658717935143904754e+01
7.653776141193721116e+01
7.656048660678911233e+01
7.658495162184335925e+01
7.656689957870106866e+01
7.663190552313704984e+01
7.661506962754636163e+01
7.663048783326989621e+01
7.661628959499718405e+01
7.664068926543306759e+01
7.665191572402260078e+01
7.666513429154584003e+01
7.670429012659778323e+01
7.670902405856071482e+01
7.676774729517542539e+01
7.685762682476179464e+01
7.685753373352874007e+01
7.690741893577495603e+01
7.693942987006408885e+01
7.702610353771555651e+01
7.707321535916132405e+01
7.711092643342455233e+01
7.713630630512298580e+01
7.721969520753063421e+01
7.720991867821012988e+01
7.720352793217121246e+01
7.722449527237910161e+01
7.728395228441617348e+01
7.728443888954731733e+01
7.735574484117172744e+01
7.735960002273618841e+01
7.743742609004686983e+01
7.742481158197476532e+01
7.744750656389236099e+01
7.754202503213042519e+01
7.762636464258950753e+01
7.770425655459681025e+01
7.772825625041518549e+01
7.780167340462998027e+01
7.779927739509197693e+01
7.790141414755015603e+01
7.794779290909733049e+01
7.794532067943643483e+01
7.800782432321773285e+01
7.797452262067827178e+01
7.799997566694410978e+01
7.810027938491687394e+01
7.801797866654561631e+01
7.805251085183621740e+01
7.805408846749614327e+01
7.801243710053493885e+01
7.796071707179888222e+01
7.795560410674680440e+01
7.798205950565093758e+01
7.795721282511762240e+01
7.795904619962909976e+01
7.799765547193311477e+01
7.799543175893637681e+01
7.798551964641909251e+01
7.800619899931825785e+01
7.803691169282083706e+01
7.801256892863901271e+01
7.808575172344932014e+01
7.807557031492918043e+01
7.802543368636767696e+01
7.810267951618578763e+01
7.818760748194721089e+01
7.821679728911962570e+01
7.824890196796211228e+01
7.830955923824761555e+01
7.832444942912319163e+01
7.833502929740275533e+01
7.841141740911426439e+01
7.844108507411711173e+01
7.845728753086753215e+01
7.852219395408521052e+01
7.854782200195063524e+01
7.859625899691592110e+01
7.867127689034066407e+01
7.872645261891106827e+01
7.874853749941978265e+01
7.868979528337885654e+01
7.871549051512366191e+01
7.871715580008401503e+01
7.873527795075220581e+01
7.873376326852118723e+01
7.870164984564820543e+01
7.871477918221111736e+01
7.873378069887553465e+01
7.869084524522330071e+01
7.866576774257858062e+01
7.870039622290811110e+01
7.871567960254810714e+01
7.873405551246770528e+01
7.882416598625407289e+01
7.884835861113805322e+01
7.893036689624555891e+01
7.902964553746411980e+01
7.903949556912151309e+01
7.909104704272948538e+01
7.916142684572645294e+01
7.915870304621812181e+01
7.916326322924173553e+01
7.917393390248018648e+01
7.923733416181570988e+01
7.923401963253078861e+01
7.924091559333338353e+01
7.922706078136074836e+01
7.920593551488337880e+01
7.919994093842876737e+01
7.919744744724121688e+01
7.920608256545375525e+01
7.922626831250336465e+01
7.925158068024811087e+01
7.919087297276541904e+01
7.920191737991491721e+01
7.918013210407197278e+01
7.915177777363723521e+01
7.907581190658318349e+01
7.904269568019147130e+01
7.905940989998165946e+01
7.900168191978529819e+01
7.896423252145113736e+01
7.897040387013529994e+01
7.890739136666032039e+01
7.890933366869619192e+01
7.897338644712726818e+01
7.901428053557052067e+01
7.904054759384105466e+01
7.907564397418943258e+01
7.915015861439994183e+01
7.916110289293756352e+01
7.917836312526405607e+01
7.919887417246614802e+01
7.926189031543719921e+01
7.925358615848415411e+01
7.924350692607650615e+01
7.918243345318019522e+01
7.910109845552644003e+01
7.906418515938338487e+01
7.905473256549268513e+01
7.897188575686335810e+01
7.895564422466000565e+01
7.887222946838171822e+01
7.879926666807783420e+01
7.880562580029322817e+01
7.877835536173417097e+01
7.871696444038880713e+01
7.870069291322978700e+01
7.865503690123732383e+01
7.856786059361469654e+01
7.857248853116436749e+01
7.856177457029505717e+01
7.853724518748595074e+01
7.849373422933729216e+01
7.846109047677201431e+01
7.846088383649123443e+01
7.839405925408209441e+01
7.840903593792286586e+01
7.836758732386799409e+01
7.833641051538599243e+01
7.834816653181111690e+01
7.826760506552911068e+01
7.826821772997693927e+01
7.828019260421116599e+01
7.824295167248676819e+01
7.824320812270121905e+01
7.821640666677220111e+01
7.815829935162854269e+01
7.814033857622602852e+01
7.815173450277609390e+01
7.813625290670806578e+01
7.818194772122610914e+01
7.817549852071307726e+01
7.811282349852471896e+01
7.811741536218167425e+01
7.813729784855442517e+01
7.812605724854829248e+01
7.806097089105576003e+01
7.807767964246257009e+01
7.803646992867668075e+01
7.803672215670647461e+01
7.809499075203929408e+01
7.805212967718418327e+01
7.809866436216481134e+01
7.810116489283076646e+01
7.811197739289571018e+01
7.809310915152639154e+01
7.813477856475229544e+01
7.813222655977291708e+01
7.814939523830364010e+01
7.818801250379469536e+01
7.821865105812855745e+01
7.818266893575520271e+01
7.820870150980337598e+01
7.825817392388663052e+01
7.823504561966743154e+01
7.824719498027432962e+01
7.821318051265762961e+01
7.818171318190059083e+01
7.819195384675305149e+01
7.820446152295083664e+01
7.823067960694901046e+01
7.821317285146469089e+01
7.822999215871679723e+01
7.823570184982909836e+01
7.825069735851172936e+01
7.826096686912394773e+01
7.825354538059440301e+01
7.822946865060990262e+01
7.822600525045125153e+01
7.822687485650699557e+01
7.829358460213408932e+01
7.835089499311951045e+01
7.837964497168073308e+01
7.839961024989432303e+01
7.846282092449766310e+01
7.844410936811712531e+01
7.851590671525080722e+01
7.855967940178913977e+01
7.860020618516956858e+01
7.867364518413478436e+01
7.873243420627736100e+01
7.882096104068028808e+01
7.885593491942577771e+01
7.892249477944967850e+01
7.899733611243041764e+01
7.899343125978344915e+01
7.900356239854015428e+01
7.901248605635437627e+01
7.893652238068258953e+01
7.884238991894389414e+01
7.885884722635583444e+01
7.885259512042655672e+01
7.887040068797425363e+01
7.888641044958399107e+01
