1.732108182368834264e+02
1.751635586721992581e+02
1.702911447332636783e+02
1.722590991523142634e+02
1.720804309817347644e+02
1.741102606976084530e+02
1.751060503289608903e+02
1.757597826015285420e+02
1.488148592841947391e+02
1.587354422286997249e+02
9.637628071781361427e+01
1.712878835128142896e+02
1.577438880862452777e+02
1.503529175507082982e+02
1.517171646052076994e+02
1.545842634660568535e+02
1.529805840778234085e+02
1.533044655430305170e+02
1.516817203422782256e+02
1.519440854507942618e+02
1.314232349481173969e+02
1.235746643530810047e+02
1.242197427754299781e+02
1.279279580744077691e+02
1.260825946342084052e+02
1.200148549649680092e+02
1.271202256034755322e+02
1.320141225997859067e+02
1.276339028931038513e+02
1.347829540985622998e+02
1.425734340473371446e+02
1.420502671073830641e+02
1.393580601215800527e+02
1.406862158653015058e+02
1.377146367351388676e+02
1.368090609243216988e+02
1.362504789005286909e+02
1.417545408618339593e+02
1.354220834009068994e+02
1.328873912921707188e+02
1.256163691812900680e+02
1.114826203708337999e+02
1.070548038787293592e+02
1.091933523608517191e+02
1.215118431964241665e+02
1.280429821190975588e+02
1.273255811301216056e+02
1.232777522151357061e+02
1.250888430629425869e+02
1.229704208551707723e+02
1.196464583537102726e+02
1.185779557708955849e+02
1.212040624439767385e+02
1.176610212961410014e+02
1.232408139489087091e+02
1.255975292665587801e+02
1.213464445771350313e+02
1.233970373137137386e+02
1.261682059754096770e+02
1.315569324041393315e+02
1.254491937024995849e+02
1.211542347850623287e+02
1.209100495872859398e+02
1.197401007762066030e+02
1.207989387209868823e+02
1.178872147134729857e+02
1.212446418446086227e+02
1.202550301143368472e+02
1.152908218717257398e+02
1.130892941461762007e+02
1.105612100830883548e+02
1.033653747406794423e+02
1.041938702857686962e+02
1.026826544929670604e+02
1.004229409126886310e+02
9.871209209609105528e+01
9.797687306563226173e+01
1.014407913426869072e+02
9.960138255194246426e+01
1.018759121394026153e+02
1.050157486543043603e+02
1.055659369944803672e+02
1.043041622338580652e+02
1.063119489810651856e+02
1.043938946420846179e+02
1.090542487889480583e+02
1.108417857495702634e+02
1.082510099108049531e+02
1.122111720569503461e+02
1.171057945635139106e+02
1.229482303926060922e+02
1.184988591493615075e+02
1.143068234615243455e+02
1.105557806850210625e+02
1.130098315023055164e+02
1.151500311157990097e+02
1.153715802393902692e+02
1.156485070363886791e+02
1.177335011797168676e+02
1.147789094969441663e+02
1.123559571053041282e+02
1.093728811523861992e+02
1.083097315570876589e+02
1.118074245497531933e+02
1.109215462931138205e+02
1.100597178169957573e+02
1.134967517778500934e+02
1.151066650598772014e+02
1.131859023249798355e+02
1.144113708193210215e+02
1.152000477780227641e+02
1.124885524129235108e+02
1.117770502759131830e+02
1.163044278291700095e+02
1.170256943345324601e+02
1.129932943095112421e+02
1.107075796214712824e+02
1.100815697701738998e+02
1.112965262027218927e+02
1.047315314010512566e+02
1.051815322517379059e+02
1.022227173052132514e+02
1.030937865673059406e+02
9.613285338644526234e+01
9.423501655278889189e+01
9.863144584131585191e+01
1.003743068152218143e+02
9.502839010214272264e+01
9.588565563495697575e+01
8.690927718125527690e+01
8.866354566479897414e+01
9.066257482205625706e+01
8.597237795868679200e+01
8.260023848004689739e+01
9.280272552122966090e+01
9.176270812273557453e+01
9.299131547020314770e+01
9.262695801587106814e+01
9.221022364253531123e+01
9.042205852987490289e+01
8.292254129273150909e+01
8.006403376060356436e+01
8.296416492069182880e+01
8.726418846854944888e+01
9.130450477863423941e+01
8.468446738445985034e+01
9.393625019321849834e+01
9.384353570724306337e+01
9.356088482755345126e+01
9.358921589252400963e+01
9.930000419043597049e+01
9.383048393443738178e+01
8.920203473705018382e+01
8.769036247284597607e+01
8.824610249679921026e+01
9.172852644465210403e+01
9.093227399813673628e+01
8.942999390732343556e+01
9.085634370730214471e+01
9.135114794106330294e+01
9.541963174797231773e+01
9.529724119953127115e+01
9.705586090908913377e+01
9.329245692327704376e+01
9.558338480686113314e+01
9.494549275409491429e+01
9.587114465477476699e+01
9.930076817177584303e+01
1.034864960258764484e+02
1.035008529147353897e+02
1.021288527667866646e+02
1.066440957252628152e+02
1.064188090983998478e+02
1.048531203793504147e+02
1.005355545345159811e+02
1.024559959652446537e+02
1.037690054020090002e+02
1.055617047604339405e+02
1.100398964293465269e+02
1.116675028273166816e+02
1.109719930962663312e+02
1.073069558557385221e+02
9.846445805602411383e+01
9.215592656121998516e+01
9.554283577004075312e+01
1.001824686370080855e+02
1.000460908644372466e+02
9.917141147891300079e+01
1.000640107317799306e+02
9.739513178383869274e+01
1.006965107805679907e+02
9.636151569488866642e+01
9.446415366773960898e+01
9.316142795998132442e+01
8.882045590393244083e+01
9.513191759943521220e+01
9.790424400820329254e+01
9.911682834734986614e+01
1.025747431781963996e+02
1.016467831942123183e+02
9.830438318422429234e+01
9.008613272113041148e+01
9.377412337436311418e+01
9.392093314387030034e+01
9.677279992118974405e+01
9.057969034145466480e+01
8.877228444750645053e+01
8.639122598113716833e+01
8.041005450471097049e+01
7.917425096462805811e+01
7.701762004629284775e+01
8.340828517431573630e+01
8.203966236219635277e+01
7.745185977082063289e+01
7.749021374014290586e+01
7.797439069219331031e+01
7.648799492980886328e+01
8.155172455326878378e+01
7.798760125487036987e+01
8.346999082133315540e+01
8.041479176286490826e+01
8.020702543021354813e+01
7.825170152301372184e+01
7.212852154431941187e+01
7.401147879514252281e+01
7.641730576171410405e+01
7.342601112321897006e+01
7.194216765864941010e+01
7.516141561542465865e+01
6.985158499683574007e+01
7.391924834128056432e+01
7.566838249369543234e+01
7.398983353232044635e+01
6.860992129299916087e+01
6.928989910181306300e+01
7.344383750793150512e+01
7.425037570254681896e+01
7.719298987885704832e+01
7.618441630686260169e+01
7.930679603046577597e+01
7.827793953776526337e+01
8.168151549502944420e+01
7.902692695646098286e+01
8.088240058673882515e+01
8.292649421412386346e+01
8.826015832073068168e+01
8.959935340079749722e+01
8.699459884862739045e+01
8.541575303730458302e+01
8.683418452759768513e+01
9.203351557754416490e+01
9.063343884259369077e+01
8.781587631474070577e+01
8.939443554178787110e+01
9.275562509699298630e+01
9.047481097185712429e+01
8.621964225464454046e+01
8.720690025276799417e+01
8.518916478697740047e+01
8.760306936945565326e+01
9.373656750780190805e+01
9.782944432345369989e+01
9.313854140279379124e+01
9.218054426560415493e+01
8.985874492230232136e+01
8.992209067278153611e+01
8.591242990681854508e+01
8.520963582878360398e+01
8.875428302404162650e+01
8.347074353103123201e+01
8.676520033252459996e+01
8.781933565701734778e+01
8.631957614675188495e+01
8.088273161013486856e+01
8.045061097357155688e+01
8.397602557723546113e+01
8.515689565462412247e+01
8.252433066367315462e+01
8.580787539175726408e+01
8.609175084702940239e+01
8.838293583301303613e+01
9.166399787516257902e+01
9.224782423234402984e+01
9.297138514007163224e+01
9.691758731960551643e+01
9.386485462392387547e+01
8.730474869663645165e+01
8.352393798159668847e+01
8.639138746501460275e+01
9.367269167685671505e+01
9.097016276497470244e+01
9.478952201596042926e+01
9.353718474823783424e+01
8.939721357698019233e+01
8.743015449532363448e+01
8.711754288474362795e+01
8.632894727879099150e+01
8.629868587736537222e+01
8.893505366712810201e+01
9.905229200951299617e+01
9.474449490830231468e+01
9.077652079991932510e+01
9.157518293335601811e+01
8.854978286903391904e+01
9.066694781810477366e+01
9.453012365807509809e+01
9.436115669120459870e+01
9.038302788108539687e+01
9.234603033245755910e+01
9.013240313378658186e+01
8.647511689095749432e+01
8.933949600991483919e+01
8.484589462345961408e+01
8.892798861152409984e+01
8.867970222675002390e+01
8.886848167113772945e+01
9.047280572630688766e+01
8.990356796564222464e+01
9.193902184038249459e+01
8.806957783409382046e+01
8.370817819431431417e+01
8.721415715613539987e+01
8.765212545230551200e+01
8.732183787211631909e+01
8.268752732238897352e+01
7.951725119527787911e+01
7.937514557714861496e+01
7.916295935078569812e+01
8.362486049754335227e+01
8.504210119716036331e+01
8.009107984624441201e+01
8.042824507476845497e+01
8.096962091134935235e+01
8.656117673197294948e+01
8.613580281870788724e+01
8.536687851609902111e+01
8.880533690661646062e+01
7.880908659443285558e+01
7.741885161431207507e+01
8.150712205298887625e+01
7.972131945021834554e+01
8.358728422793950585e+01
8.710043141111050602e+01
8.546900487106297817e+01
7.565731937781195882e+01
7.801308060577942172e+01
7.459898572756377177e+01
8.064810136109576888e+01
8.326402248692886587e+01
8.801040270329363580e+01
8.412371609725188648e+01
7.928805838560080588e+01
7.597365583283703927e+01
7.347472701030399378e+01
7.215477310325400140e+01
6.895287567273705065e+01
7.322679505235369390e+01
7.372972408049969317e+01
7.800526901008053926e+01
7.708075402623984473e+01
8.206939073124068784e+01
8.544422733254758384e+01
8.470690962755718090e+01
8.801528366918745405e+01
9.059422417582678122e+01
8.879800551707253931e+01
8.910394770278178100e+01
8.943081151330245859e+01
8.826802226860580447e+01
8.793585516342747610e+01
8.354689324472990108e+01
8.226035914794883297e+01
8.349973455430624369e+01
8.257239058719569869e+01
8.088509740815034377e+01
8.334756471120331867e+01
8.244614771895456329e+01
8.560168244385718594e+01
9.373626189977100864e+01
9.000819730732517598e+01
8.723915125121855851e+01
8.379295776090890513e+01
8.282120284696033252e+01
8.130421065545284875e+01
8.199582855245391499e+01
8.308236714976293058e+01
8.096661811870851011e+01
7.955716259818954939e+01
8.056464256660414947e+01
6.965715139935396394e+01
7.388934407344939359e+01
7.546107840528044619e+01
7.566271743318165477e+01
7.699037011262345231e+01
7.959352246288318611e+01
8.255749642706518898e+01
8.357627775145958537e+01
8.012541292066023857e+01
7.441617600780344333e+01
7.078829000262740578e+01
6.779522227090079411e+01
7.133330604645651363e+01
7.474333016132850105e+01
6.957787779674492867e+01
7.296641473838899117e+01
7.476342266026767902e+01
7.514482690449747793e+01
7.729889251460460287e+01
7.563771344248166884e+01
7.725032086079903593e+01
7.513122227350562810e+01
7.454908344791599006e+01
7.531072590163732627e+01
7.207853520814194326e+01
6.533442989524027666e+01
6.267176088146766233e+01
6.246039202122530298e+01
6.577109464644740910e+01
6.487907824921542499e+01
6.818479112418965826e+01
6.383204595623497823e+01
6.487523837374278912e+01
6.190968155437201403e+01
6.176022882011308468e+01
6.421349392342862927e+01
7.102311257185139937e+01
7.105264477171671444e+01
6.832574431030849382e+01
6.910775950392577727e+01
6.675580446598773676e+01
6.703178974379811450e+01
6.693996320440105308e+01
6.785787010190044555e+01
6.242263139065336475e+01
6.216263393790914904e+01
6.180955046130065966e+01
6.285611983583353890e+01
5.712270999925451065e+01
5.895304780618788243e+01
6.030507091052049873e+01
6.732005653824148794e+01
6.520127981173543219e+01
6.361798032015325077e+01
6.136751302105378159e+01
6.516511629860319488e+01
6.386186597125949049e+01
6.488813886662393315e+01
6.568454974801383628e+01
6.075823434882092045e+01
6.114397445456981472e+01
6.008521222729844169e+01
6.215444505460816060e+01
6.297466970368425621e+01
6.122172308346864611e+01
5.865671329642660226e+01
6.547804963263781985e+01
6.560122341314890093e+01
6.229627111690500385e+01
6.895798362520824298e+01
6.165774242637100144e+01
6.539143841226389497e+01
6.833039184787978115e+01
6.928144019707836776e+01
6.878705983693416215e+01
7.074080443673962293e+01
6.681142360443207906e+01
6.210152103190578998e+01
5.928499525261970859e+01
5.951895583204270679e+01
6.022535242281676915e+01
5.821747560979981984e+01
5.831235625924779242e+01
6.120208636193333973e+01
5.809554205903489787e+01
5.680427863110557496e+01
6.129747802452180849e+01
6.397450157205420851e+01
5.978869282433122123e+01
5.799568902872833576e+01
5.722783978706195285e+01
5.912741427308435505e+01
6.047360707010807346e+01
5.989328239433164924e+01
5.926297937686827311e+01
6.338658458056153222e+01
6.553572088613604762e+01
6.486135445091697704e+01
6.213134498632791747e+01
6.165775813024269780e+01
6.291450764463246514e+01
6.742165608099116980e+01
7.045801330220888303e+01
6.696410912120701653e+01
6.627198891951881876e+01
6.578483546127293380e+01
6.746469627268288605e+01
6.497658966765688149e+01
6.613513998806452321e+01
6.499727875526627940e+01
6.497022007308913771e+01
6.892727715787319198e+01
6.457802596361133851e+01
6.343168916588624029e+01
6.841065949801232193e+01
6.577119828177642091e+01
7.007116553463059461e+01
6.672749529505773580e+01
7.007982595801527737e+01
7.072761899951615305e+01
7.132674841712888281e+01
7.359870065091077151e+01
7.993890693831477279e+01
7.474368347258460687e+01
7.313526992939522131e+01
7.615036657518334096e+01
7.185252425364930673e+01
6.971927251387546676e+01
7.172196428172613025e+01
7.283809375275059494e+01
7.361376164367906938e+01
7.484161159688038367e+01
7.361424212024800795e+01
7.420928608288423334e+01
7.074448932633559650e+01
6.885868095458006621e+01
6.981799273956268337e+01
7.485065192758871433e+01
6.922073424654912799e+01
7.020701298212641461e+01
7.001372597459483416e+01
6.953096497713482904e+01
6.823855518665706654e+01
6.610329205746332093e+01
7.008376242442884063e+01
7.123493897531083974e+01
7.481791662777264662e+01
7.966216656669431018e+01
7.786582945342902917e+01
7.420518107242355654e+01
7.425647285186182955e+01
7.181004756263793354e+01
6.738307858220701974e+01
6.233720423519993403e+01
6.623292071072847875e+01
6.913665019304021087e+01
6.958543956764530947e+01
6.944129349720562061e+01
6.970888041583252459e+01
7.057334348522735468e+01
6.619327760083312739e+01
6.512878291128699004e+01
6.428987160235202225e+01
6.166291053104362163e+01
6.761310881728641675e+01
6.769691749034545580e+01
6.823745747594126954e+01
7.115619946474238589e+01
6.800042153353288654e+01
6.815054040004879710e+01
6.565632274475851204e+01
6.955692316569289346e+01
7.127788646157489438e+01
6.833951665755007809e+01
6.787753530423051984e+01
7.164561783658604099e+01
7.162402246666758288e+01
7.411424265115925891e+01
7.580675322447339681e+01
7.968834387094935323e+01
7.955953055002768792e+01
7.880360631328542809e+01
7.725880735023373802e+01
8.003347222624545054e+01
7.582025126373196144e+01
7.367624146079590730e+01
7.231690255142530077e+01
7.619369987698917157e+01
8.029129829924561079e+01
7.565838964455872429e+01
7.172388050359101896e+01
7.274963411238569222e+01
7.106714155669038746e+01
7.437785161034122439e+01
8.325513647017368157e+01
8.527833533998725102e+01
8.302694455759103676e+01
8.445312919959447129e+01
7.841551443896013041e+01
8.263684766798225212e+01
7.754399369321536994e+01
7.524704886900252632e+01
7.288953557545491435e+01
7.530437944949345308e+01
7.765242622407080830e+01
7.890591457366997474e+01
8.308457278868807805e+01
8.566740325326291838e+01
8.627455224827062352e+01
8.371385876997196362e+01
8.384406606440781218e+01
8.448044871155912006e+01
8.658091271310242121e+01
8.269417098661823218e+01
8.625263631165817912e+01
8.252789302135525418e+01
7.818163538765004716e+01
8.109027571150970459e+01
7.690144761763410486e+01
7.120569030111126096e+01
6.887239271312051869e+01
7.335824253651615834e+01
7.530276124051462716e+01
7.246793951033299663e+01
7.183415975772579998e+01
7.341513778969083148e+01
7.114988278074420691e+01
6.800271694077245854e+01
6.414941066655234181e+01
6.861485873222687815e+01
6.497228157024046880e+01
6.601901459143982720e+01
6.845823960425406085e+01
7.035804085313858991e+01
6.533716040976523232e+01
6.899586356328821068e+01
7.042823629688072629e+01
7.036910354863601924e+01
7.258383749578025856e+01
7.186081554446761288e+01
6.902160210431911480e+01
6.624505445671336190e+01
6.545745795225619190e+01
7.111303091045303404e+01
6.997159627004731419e+01
6.434069054322225156e+01
6.697060367608972342e+01
6.618663030864694008e+01
6.559326404357983620e+01
6.788284096352585095e+01
5.978551520279002318e+01
5.985129843230248525e+01
6.374283008766816749e+01
6.302424897558820760e+01
6.609554546566653244e+01
6.449120772037899485e+01
6.725051588273655057e+01
6.746284063739365422e+01
6.724992707196044250e+01
6.928501891457550244e+01
6.949236346613166404e+01
6.845924628375423993e+01
6.755759362777533283e+01
6.783088308267149102e+01
6.447304844228702336e+01
6.502062272709318336e+01
6.312971149406153870e+01
6.309728906652642877e+01
6.488383924380669043e+01
6.877293747484860376e+01
6.820896024718700801e+01
7.332130667343886898e+01
7.123027826024078024e+01
7.193482558903210133e+01
7.258415533966324062e+01
7.940979067958463133e+01
7.697283417965374497e+01
7.800343900030357247e+01
7.319230599630689937e+01
7.104880799602575792e+01
7.149141377534114383e+01
7.535538103457274417e+01
8.059875884617127895e+01
7.194794095112506227e+01
6.749853335526152875e+01
7.125489552823665917e+01
