nan
nan
nan
nan
nan
nan
nan
nan
nan
nan
nan
nan
nan
nan
nan
1.756219518271121842e+02
1.732300947613296103e+02
1.710029783812115056e+02
1.696823798435901267e+02
1.685527320349541469e+02
1.681506553143250642e+02
1.672703648008726702e+02
1.660238130684483338e+02
1.645690044232414095e+02
1.633214524086823474e+02
1.623210562720846895e+02
1.613829754400499041e+02
1.604079766859270535e+02
1.594619015975042089e+02
1.584124921203967631e+02
1.575898440577925612e+02
1.568134264455177345e+02
1.559101716746103534e+02
1.551670958776558393e+02
1.545150491583054873e+02
1.538822866355859844e+02
1.531573148260176254e+02
1.524017202160304691e+02
1.517361383900408498e+02
1.512485517256638445e+02
1.504444054121775025e+02
1.498226728941347687e+02
1.490247486962293522e+02
1.484420396380928366e+02
1.477208400748397708e+02
1.470139029633562870e+02
1.464214203988510405e+02
1.459654824473737165e+02
1.453500904099250306e+02
1.447809521225016454e+02
1.442939440964967162e+02
1.436103556835383586e+02
1.431039246854668932e+02
1.426352641610544083e+02
1.420150100472640986e+02
1.415084428301517221e+02
1.410247246452881029e+02
1.404224286609151022e+02
1.398678635835919692e+02
1.394499639334838150e+02
1.389290860180197171e+02
1.385577905983666369e+02
1.380519592449982440e+02
1.375035247555499325e+02
1.370178160908445193e+02
1.365004540815678524e+02
1.361041143669145583e+02
1.357596262028232559e+02
1.353815384170221421e+02
1.347413576918450246e+02
1.343580403263187293e+02
1.339503198438059144e+02
1.335429865548769044e+02
1.330155669251853681e+02
1.325445492596539054e+02
1.320855684820014062e+02
1.314857636604190816e+02
1.309525616024840531e+02
1.305587993585547508e+02
1.300134818205035856e+02
1.296284508625923593e+02
1.291933109990912669e+02
1.287558453820276725e+02
1.282093173871552949e+02
1.277800314523305900e+02
1.273266653203119461e+02
1.269624054822259183e+02
1.264854026964990084e+02
1.260138693555299199e+02
1.256385502361850541e+02
1.253048001767850934e+02
1.248989180828885708e+02
1.245887341355847440e+02
1.241945018146544726e+02
1.239021595216141662e+02
1.235018339382834824e+02
1.230897890697232100e+02
1.228190006110230286e+02
1.225163728847558815e+02
1.221613733413874314e+02
1.219237065420451387e+02
1.216145383126111170e+02
1.212102725731175354e+02
1.209112130591298921e+02
1.206410530905433092e+02
1.203432252947198435e+02
1.200918072472494345e+02
1.197946618786690038e+02
1.195087803352861897e+02
1.192484826956270467e+02
1.189290286765645419e+02
1.186925094723089984e+02
1.183903097654410033e+02
1.180917498750331589e+02
1.177971237289759614e+02
1.175717045750919993e+02
1.172961890682849315e+02
1.170186322091566211e+02
1.167978259077964509e+02
1.166355619223391358e+02
1.164054535493921918e+02
1.162090710358165921e+02
1.160021760803218456e+02
1.157789213008813221e+02
1.155475041829742509e+02
1.153144309120972508e+02
1.150041267695891207e+02
1.147174322137259139e+02
1.143582709422092449e+02
1.140412634451632954e+02
1.137565028145028094e+02
1.133887054012817543e+02
1.130410436017359075e+02
1.127374920268908056e+02
1.123467015693801869e+02
1.119493571783198149e+02
1.116249803509515033e+02
1.113130676125543062e+02
1.109701875334292964e+02
1.107268855270058765e+02
1.104163122888139554e+02
1.102066293882111125e+02
1.100180081975493493e+02
1.097887855467789251e+02
1.095599082113096330e+02
1.093626411045591311e+02
1.090755062345251218e+02
1.088195532821308404e+02
1.087195321139816429e+02
1.086123779512785887e+02
1.084283518820825520e+02
1.082686558284588756e+02
1.081573011978535277e+02
1.080958511489859717e+02
1.078858186922775104e+02
1.078394870484809047e+02
1.076134867923753973e+02
1.075739512160891849e+02
1.073863174188365832e+02
1.073071260778858118e+02
1.071434873531646161e+02
1.070648369263904556e+02
1.068513150549113249e+02
1.067093294692727454e+02
1.065002773176194637e+02
1.064132049473407591e+02
1.063124475655471599e+02
1.061307623615695661e+02
1.060330907001099376e+02
1.059496021888275266e+02
1.057102107222659129e+02
1.055977940771686860e+02
1.053642865170165521e+02
1.053622679388973751e+02
1.052360733335623451e+02
1.050500326755414733e+02
1.049582700936783226e+02
1.047961738666241303e+02
1.046978382759573236e+02
1.045274297173323106e+02
1.043709520523506598e+02
1.042486986992377354e+02
1.041779347493270222e+02
1.040152640106351782e+02
1.037968686282225406e+02
1.036907992289374221e+02
1.035350168417376722e+02
1.033545364606648178e+02
1.032447022231774412e+02
1.031435602715135929e+02
1.029810099346071581e+02
1.028436919709888571e+02
1.027842324186817677e+02
1.026611126354428762e+02
1.025809641276145641e+02
1.025158847049270463e+02
1.023953163870474725e+02
1.023102320943372945e+02
1.022284455050366319e+02
1.022106911303091437e+02
1.021876422538049098e+02
1.022320403392531318e+02
1.021740068502225114e+02
1.020939088127140337e+02
1.019861224034269469e+02
1.018645057000801160e+02
1.019052826433155019e+02
1.017392048405211256e+02
1.017088165213774005e+02
1.017094373714328412e+02
1.015860238982064061e+02
1.015390979672796306e+02
1.014751928072130340e+02
1.015012496715727224e+02
1.013915790460662834e+02
1.013054886599775699e+02
1.012642843138601165e+02
1.011367649530663471e+02
1.010485541440807680e+02
1.010285231716272847e+02
1.008710271264494764e+02
1.008539482505132696e+02
1.007560965844865706e+02
1.006031662830973659e+02
1.005537000010231168e+02
1.003767985319735061e+02
1.003145812039846305e+02
1.001707053798026124e+02
1.000132381430329076e+02
9.981978906127810092e+01
9.981924673503857548e+01
9.961168167773151083e+01
9.943842329778364331e+01
9.933726275307837739e+01
9.909726091612203902e+01
9.897613371740106913e+01
9.879900531026140698e+01
9.873004647033383208e+01
9.862837238729512990e+01
9.845663159290926103e+01
9.833400339473911345e+01
9.821288158716970429e+01
9.813922183711939340e+01
9.803002357033284397e+01
9.783863499561780941e+01
9.773648504368222234e+01
9.774000431812135048e+01
9.769398132781611821e+01
9.752474987409196672e+01
9.731741075990520073e+01
9.730640242786996907e+01
9.702285697675500842e+01
9.700490366946451104e+01
9.685050193063440815e+01
9.666622668581882749e+01
9.649451855081437657e+01
9.640109242580334126e+01
9.624136496555793485e+01
9.617651690647906548e+01
9.592324768223663511e+01
9.578822448026035374e+01
9.558493441957220682e+01
9.548909530108376487e+01
9.540868501978638960e+01
9.522631481715967539e+01
9.502559171907989821e+01
9.490010087105942205e+01
9.467849604459441082e+01
9.461728670900561156e+01
9.450692013614283837e+01
9.439192284491284113e+01
9.422781611716830241e+01
9.417852767281920023e+01
9.401233011585340194e+01
9.379314174866608766e+01
9.380892636086495884e+01
9.365331286184840565e+01
9.351618157508806917e+01
9.347055520731420586e+01
9.335388812098278777e+01
9.312886960715160001e+01
9.299319103757142102e+01
9.283477208698354843e+01
9.269587938157744134e+01
9.258745495125685920e+01
9.229384604487978550e+01
9.215274423768025258e+01
9.202386128358828898e+01
9.181909010281195549e+01
9.169335897973031990e+01
9.166215459083920791e+01
9.143269496499902971e+01
9.136523902666741037e+01
9.125229194083772200e+01
9.115079706374174862e+01
9.104769337018932163e+01
9.089540905876890520e+01
9.076847682504227066e+01
9.075698152809634678e+01
9.061535497877767398e+01
9.055463022518243577e+01
9.050371958314991616e+01
9.042893872665638355e+01
9.037490313389967866e+01
9.026410326867427614e+01
9.022360067824276086e+01
9.014558127805447896e+01
9.000762128828513653e+01
8.997296340477781484e+01
8.980575436679552581e+01
8.975087236982372474e+01
8.968500961045255337e+01
8.956477571110910674e+01
8.944792098157381588e+01
8.944902882395354027e+01
8.937583122794866597e+01
8.930274627650952368e+01
8.931113493598758168e+01
8.924053023848611588e+01
8.916960616788421135e+01
8.908724657809597147e+01
8.899877661155554165e+01
8.895236025362316923e+01
8.878372096020281390e+01
8.871874178452652870e+01
8.865589395836208553e+01
8.858661210919251516e+01
8.841162504717884474e+01
8.839008887925986357e+01
8.820472852926388896e+01
8.822762038208078650e+01
8.816512473170374165e+01
8.803343806878217492e+01
8.803489240257697190e+01
8.793211723605959662e+01
8.786237519941222729e+01
8.774029036173658369e+01
8.771269374798899321e+01
8.760657423647661801e+01
8.759902375130707242e+01
8.759419957656389499e+01
8.748228589574793546e+01
8.748951059337525749e+01
8.741360062946090181e+01
8.744324096237156141e+01
8.744502156382321800e+01
8.742606797117930739e+01
8.741569881512121754e+01
8.737328242412242219e+01
8.738560447212104521e+01
8.734121246624245316e+01
8.730112607887450338e+01
8.726605195565817041e+01
8.717542240498605111e+01
8.708715596784801960e+01
8.698735528491248203e+01
8.693034758604379419e+01
8.680227869539704955e+01
8.677194583330410182e+01
8.663100303589719431e+01
8.664549655383254390e+01
8.650578497490907637e+01
8.643485207874491039e+01
8.636934761487707135e+01
8.622434495957678280e+01
8.619223843075170066e+01
8.610285165613241531e+01
8.602696506820299760e+01
8.593708693338815863e+01
8.589791589601675526e+01
8.583001360519497780e+01
8.572186530184390563e+01
8.566151760016437322e+01
8.561442270077132832e+01
8.550314056844450761e+01
8.547424864360968400e+01
8.540335313602426481e+01
8.532064019004874922e+01
8.519051881860529818e+01
8.521650264714540413e+01
8.508338850077510074e+01
8.504947517140431046e+01
8.508333425676396189e+01
8.505536019284276961e+01
8.498433750411130916e+01
8.494837490783733358e+01
8.498576037926976312e+01
8.496200425082624008e+01
8.492838812068421817e+01
8.488766827571649287e+01
8.486760238952194868e+01
8.489349856850304832e+01
8.490688760332442087e+01
8.481938282819349695e+01
8.480928588502588639e+01
8.478921456984512872e+01
8.474681589656847791e+01
8.468457745284602822e+01
8.458712019461958675e+01
8.446975315752213476e+01
8.436011350668947273e+01
8.428971379825941312e+01
8.411517127717571896e+01
8.400685180070591684e+01
8.392713617422960226e+01
8.380643922061335616e+01
8.374123393048395769e+01
8.364222019061733704e+01
8.362997808172801228e+01
8.362883050626666659e+01
8.351235340062953583e+01
8.354906925821248365e+01
8.342824290135664000e+01
8.342694568929806564e+01
8.332135446761324715e+01
8.333125207006720814e+01
8.327893466060793060e+01
8.329068025406698439e+01
8.322900797720149058e+01
8.318868805602805594e+01
8.319574388449812830e+01
8.314707228875924727e+01
8.310812290807608349e+01
8.302887507824956970e+01
8.307038634439561520e+01
8.299187168265618197e+01
8.299863461886516802e+01
8.281983335652310529e+01
8.274272807351465531e+01
8.267423499617613913e+01
8.267333852881824896e+01
8.260779549501982899e+01
8.252987027615398574e+01
8.243867878652410752e+01
8.241336930970592789e+01
8.228730145958931530e+01
8.232053973120072499e+01
8.220649070366718547e+01
8.217635485014137942e+01
8.217296174310389745e+01
8.202247436294896943e+01
8.197641854698407826e+01
8.189098805099982314e+01
8.192705477204725639e+01
8.183007114755092459e+01
8.189077409727190116e+01
8.173037776874403448e+01
8.177540561020569498e+01
8.167785582930248722e+01
8.156961744582888230e+01
8.159209607089688632e+01
8.164373761353823511e+01
8.168401968825325810e+01
8.162307695998219970e+01
8.166000151944029994e+01
8.162518056204882555e+01
8.157899091801608904e+01
8.165373315606238691e+01
8.161578476758946010e+01
8.159652751193428344e+01
8.158909259060420993e+01
8.159291666467984783e+01
8.159476457626715273e+01
8.153628432008939342e+01
8.145484282581330149e+01
8.143813369121828316e+01
8.139826541791471470e+01
8.131286691674935696e+01
8.125766980409569840e+01
8.125145685934992912e+01
8.127574099759235082e+01
8.115950963125773399e+01
8.116250252592287495e+01
8.103341538337242866e+01
8.101490130021822722e+01
8.093632508301034534e+01
8.097852552121197789e+01
8.081146141743288069e+01
8.079399838591454852e+01
8.074205316928201626e+01
8.068565384154346987e+01
8.053743392216041741e+01
8.056696232939556523e+01
8.039034422904944677e+01
8.044393014437925160e+01
8.035107406890938364e+01
8.025771682518552552e+01
8.021882621168731475e+01
8.017153411912063632e+01
8.011908681229593299e+01
8.012610856300381101e+01
8.011882806533722601e+01
8.007200831758167681e+01
7.998744637440388772e+01
7.997450191934522934e+01
7.990014905241926613e+01
7.983795613574793038e+01
7.975582159576578078e+01
7.968001519233095564e+01
7.958082805898865786e+01
7.947639311424175901e+01
7.937776519873335701e+01
7.930549976969577131e+01
7.923715364345019907e+01
7.910357836594721448e+01
7.908865892426169353e+01
7.899251483050505840e+01
7.886678034077127109e+01
7.877705363157819818e+01
7.869057471375191426e+01
7.857837294215745771e+01
7.842330222655091632e+01
7.832734464742604530e+01
7.819727756392151719e+01
7.802454916422851738e+01
7.792933932665174268e+01
7.786774364685669525e+01
7.774970237798925154e+01
7.770469041731642790e+01
7.764770121771962863e+01
7.766354812086817105e+01
7.758634289356294289e+01
7.757466266929381504e+01
7.761014013686330770e+01
7.750591037672049310e+01
7.746150818686462003e+01
7.738389820256226415e+01
7.731647118930725071e+01
7.726221777626084020e+01
7.721279900447937905e+01
7.710056477757488835e+01
7.703452819425852738e+01
7.691691788855997913e+01
7.678453525487019249e+01
7.669498579811282468e+01
7.656787758378979447e+01
7.649402836939695760e+01
7.648212085867800170e+01
7.636022235932175306e+01
7.629346413249606940e+01
7.628619725493440740e+01
7.620184387697356954e+01
7.616527813751282849e+01
7.616766806107918342e+01
7.612077993014662525e+01
7.610454530748057778e+01
7.606024351667760186e+01
7.601374135960256240e+01
7.594153191384975798e+01
7.594469722790631749e+01
7.595281582763669803e+01
7.585780118711318210e+01
7.581388219077416579e+01
7.582199441745247270e+01
7.576954447763445444e+01
7.572979409647957993e+01
7.572691406425286686e+01
7.566479944178865935e+01
7.568971991561396351e+01
7.563681169988942088e+01
7.553823016390343525e+01
7.551689563645507519e+01
7.539631225686831328e+01
7.528831828285348138e+01
7.527874157622933637e+01
7.511988616782005579e+01
7.494969089196931122e+01
7.487291502063449400e+01
7.474034382696829937e+01
7.468199374590898287e+01
7.458935840302767417e+01
7.448142890647012848e+01
7.437603050381298431e+01
7.427341771584258368e+01
7.424641183648917320e+01
7.415865145542483106e+01
7.408127272443913114e+01
7.397860264799393804e+01
7.395172452904294857e+01
7.393689599933534851e+01
7.385284118235161088e+01
7.379076560489696135e+01
7.380298699629766190e+01
7.369737923282625047e+01
7.367164602618942126e+01
7.363303598700163377e+01
7.359199375445655278e+01
7.358910548575246935e+01
7.356169878060782708e+01
7.357981951317948699e+01
7.359898817651978220e+01
7.360399768686443167e+01
7.359435173030128396e+01
7.357950231780795036e+01
7.356004444024560485e+01
7.366807922053715174e+01
7.366705629025028657e+01
7.366833286587112184e+01
7.364726258965616523e+01
7.362982713941389079e+01
7.360746525321836486e+01
7.368359806196771444e+01
7.370059329732517028e+01
7.370394943875999161e+01
7.368833152492364036e+01
7.364611132347788214e+01
7.358819223472949034e+01
7.356739749424927766e+01
7.355582681710694715e+01
7.349708922639118214e+01
7.349181335142012017e+01
7.342605792377119656e+01
7.347533822064869469e+01
7.342775937156805810e+01
7.345677358458780759e+01
7.345728779028897293e+01
7.350637515208178741e+01
7.359096350413035736e+01
7.366116347030117595e+01
7.364741094273493616e+01
7.375598973575492323e+01
7.377809451416329978e+01
7.387732454240503444e+01
7.396741613600127607e+01
7.389940903074284506e+01
7.391380654992235577e+01
7.388247106980502110e+01
7.390210442721088668e+01
7.389499431753104375e+01
7.390926033136818774e+01
7.394893337024291213e+01
7.390323494089074075e+01
7.385714980444332411e+01
7.388694284502531673e+01
7.383591264640695329e+01
7.382400494825746762e+01
7.380840396300395412e+01
7.381235728743095592e+01
7.375711778738349267e+01
7.374401517450907306e+01
7.378443150071136358e+01
7.366691670057805652e+01
7.351064304505779035e+01
7.349474279059460002e+01
7.344132630627177605e+01
7.344933173353896905e+01
7.336093166169877122e+01
7.335454964228152619e+01
7.330907617702096957e+01
7.325127510802157360e+01
7.316487280813581151e+01
7.319134229305093697e+01
7.314062234189819378e+01
7.316178882482473966e+01
7.311335512995583485e+01
7.309301530288009019e+01
7.304364008851599976e+01
7.301843644118697796e+01
7.302696057840078936e+01
7.300032677484222177e+01
7.297086476898827812e+01
7.298231701306478669e+01
7.291292771280839702e+01
7.292371120852261868e+01
7.290803608660098689e+01
7.296585577901919351e+01
7.301869349106745233e+01
7.299341295775050753e+01
7.299442469998048466e+01
7.302922384089555408e+01
7.301386567732832589e+01
7.304526418026122769e+01
7.310932424356725789e+01
7.310499365296823271e+01
7.310671658819758534e+01
