1.715606192538347727e+02
1.758258416507727588e+02
1.755899548804359540e+02
1.753041597096875819e+02
1.759562593234343240e+02
1.739833133816246971e+02
1.765444320442997537e+02
1.783631233381919401e+02
2.785793472020876571e+00
5.263099146639250492e+00
1.578071327303929365e+02
1.724144070408352718e+02
1.475576437971092503e+02
1.476304020972314675e+02
1.539736903362523321e+02
1.587019750117106298e+02
1.549585644442804266e+02
1.542543410901193965e+02
1.463106267155896774e+02
1.363410844883595416e+02
1.318073551952031721e+02
1.353464128242374613e+02
1.332120300408351738e+02
1.355223436392184908e+02
1.400585251967509066e+02
1.432302535603514571e+02
1.404028240618996790e+02
1.420750181583403275e+02
1.331915705081379144e+02
1.356013487280248171e+02
1.377753409721047433e+02
1.400310534934090185e+02
1.414553306772959900e+02
1.420523910713885698e+02
1.424378655952529016e+02
1.395981788241451795e+02
1.327584459225863043e+02
1.245462647950436832e+02
1.177951574107274268e+02
1.148120688560047853e+02
1.178441986716149898e+02
1.196292601573737358e+02
1.226539006011509940e+02
1.263724426443577471e+02
1.268029096125196418e+02
1.285250633655347201e+02
1.289127923392797754e+02
1.220251367808207732e+02
1.259781388904963535e+02
1.240404234191389321e+02
1.213044854046010954e+02
1.214321490108349337e+02
1.207969746695320197e+02
1.176924204599450547e+02
1.191607880204043255e+02
1.205349296866014868e+02
1.251835032663964427e+02
1.293893461095347845e+02
1.246656127426276441e+02
1.207003744816168620e+02
1.143978358749153017e+02
1.206997369568506429e+02
1.209349042328557005e+02
1.243375229279928504e+02
1.192066506978158031e+02
1.226829292190373479e+02
1.274143458284880523e+02
1.219887122623663629e+02
1.232456708087068051e+02
1.221941410779782160e+02
1.231629439270549113e+02
1.234453831503384293e+02
1.147476512499904402e+02
1.086147778297459325e+02
1.110213966853502257e+02
1.089761734507954287e+02
1.062666892739188995e+02
1.017851716824783068e+02
1.025894901269432324e+02
9.640202228672733042e+01
9.796658942622154598e+01
9.809267523405918610e+01
1.033085925480438050e+02
1.056213754179498352e+02
1.003404956669846513e+02
1.042280146397531126e+02
1.079045042078611232e+02
1.098204034835204510e+02
1.127267735517956027e+02
1.103135917224099245e+02
1.047072736237334425e+02
1.049032432121555587e+02
1.036220165003487637e+02
1.060962204112024097e+02
1.045092954063383246e+02
1.020869509338280494e+02
1.096081462211453328e+02
1.069899114185698608e+02
1.075706756165321565e+02
1.064885735206461277e+02
1.067829739538064189e+02
1.081044474373299380e+02
1.092417128301909486e+02
1.034647611730977843e+02
1.039527563697194807e+02
1.035639538815170368e+02
1.081245911469080738e+02
1.042880758537846901e+02
1.009347816129061357e+02
1.057610451882943039e+02
1.014667695018268461e+02
1.049426862572682921e+02
1.073847326221299454e+02
1.107757377726321693e+02
1.134269243792771249e+02
1.140358826919254227e+02
1.142120516282990508e+02
1.125893165696859057e+02
1.116161456780549770e+02
1.083908412259587095e+02
1.092418710699749624e+02
1.090562933455420023e+02
1.047653180848331687e+02
9.950320256346110170e+01
1.023576778553740496e+02
1.019796369513464356e+02
9.614595329000076163e+01
9.710456444459063619e+01
9.681403336080509803e+01
9.248037234907847903e+01
9.854598097899034315e+01
1.023121355392732852e+02
9.898592341610350331e+01
9.628819746848158445e+01
9.536779497155767160e+01
9.293268108156212293e+01
8.817766584627847237e+01
8.586918115950093977e+01
7.931013406610591687e+01
7.794379111897040957e+01
7.938584215213313655e+01
8.183632131611601324e+01
8.796899683417377958e+01
8.713643019759855690e+01
8.781717872379923051e+01
8.669509082563875779e+01
8.505717159224484192e+01
8.731483669389237434e+01
8.774599466194088393e+01
8.572434710776960287e+01
8.250946943690021840e+01
8.470961119878219847e+01
8.630781634548633008e+01
8.901991184316935346e+01
8.454485565372705480e+01
8.572161560317064755e+01
8.767362386624694182e+01
8.353312269047624739e+01
8.663465521858485374e+01
8.599934433292672509e+01
8.938001670808574772e+01
8.813188392068401811e+01
8.852285532672112822e+01
9.200179847871025629e+01
9.280475498797649436e+01
9.734743171923165050e+01
9.168260499681203157e+01
9.318582042956478517e+01
9.486460255789978646e+01
9.144038924440323512e+01
8.740628033744339120e+01
9.034621010294564769e+01
8.763907270573250230e+01
9.254385645809777827e+01
9.743314686454844775e+01
9.126850398436825174e+01
9.107742855772481505e+01
9.342064059098144924e+01
9.487972539811100603e+01
9.647592813629439945e+01
9.978040522865683215e+01
9.635030417849613116e+01
9.478662816297742211e+01
9.404726266537304014e+01
9.737426583330002927e+01
9.411612643035586245e+01
9.631353013346932812e+01
1.041283211843341974e+02
1.006760720463880716e+02
1.013464166983892198e+02
1.058841682014442540e+02
1.004445703142810089e+02
9.804451583512279456e+01
9.847241645252285025e+01
9.908504098058847376e+01
9.865222332473140909e+01
9.743259105037695633e+01
9.897494928875235587e+01
9.919563282707547103e+01
9.756517588765382243e+01
9.775635489116962162e+01
9.783782805565742535e+01
9.772301522247421701e+01
9.705079642356888314e+01
9.355555165293090170e+01
8.799886240248203251e+01
9.007651746524280156e+01
9.034144941911723947e+01
9.290398847050822440e+01
8.822837481388816627e+01
9.001052898254879153e+01
9.619077512353466375e+01
9.468226001703284567e+01
9.297458954390846486e+01
9.272708814366208685e+01
9.199172161091495070e+01
9.109954927218949194e+01
8.912188243888641637e+01
8.919107278329660460e+01
9.101378830602625669e+01
8.241559078914430359e+01
8.210032455360696702e+01
8.259557731178244921e+01
8.614622728939805540e+01
8.793030117342931362e+01
8.702156875427395732e+01
8.481620536048110637e+01
7.954391427350874721e+01
8.420692254434121082e+01
9.013161445226127455e+01
9.659993478218328278e+01
9.477135425497533561e+01
9.424590517232095976e+01
9.406699052959184826e+01
9.525581773812227482e+01
8.991111938738984577e+01
9.512315899985613044e+01
9.418772238334348401e+01
9.549401285645173232e+01
1.001809063752753275e+02
9.954043546330002812e+01
9.897112829425708469e+01
9.549711851637239590e+01
9.452410830206135017e+01
9.826043388204885787e+01
9.614705912024724910e+01
9.091402725551742492e+01
8.703807178457130078e+01
8.634546929444083219e+01
9.383674657437025246e+01
9.035959766197748877e+01
8.621597996136364372e+01
9.051706427967435786e+01
9.034686559102807735e+01
8.986137483294456274e+01
8.375137097691235510e+01
8.619645366247995355e+01
8.311928486921030412e+01
7.967041266445697545e+01
7.822916989595975679e+01
7.883916265157175474e+01
7.773315640426849882e+01
7.469994673072832825e+01
7.437842262983807018e+01
7.360107209388634431e+01
7.860677429854509057e+01
7.845306359777036675e+01
7.608848853949061208e+01
7.350834345411973914e+01
7.439174216684553187e+01
7.194464652202377408e+01
7.492220622739885982e+01
7.367411592503907514e+01
7.066567213762877486e+01
6.928160527741523822e+01
6.675595637525236725e+01
6.551429776071965705e+01
5.663668514881644711e+01
6.123569749364829562e+01
6.199392447455873878e+01
5.597740234727623232e+01
5.789767237488626250e+01
6.079944336307542585e+01
6.083881948270969531e+01
6.058789471884861655e+01
5.819785211669253755e+01
6.069420226409701513e+01
6.267147468170217195e+01
6.553715950807141155e+01
6.607748308034138063e+01
7.088345343836496681e+01
7.403928243264624598e+01
7.136976343426442781e+01
6.973016500039909715e+01
6.511821839200874251e+01
6.745923631347952210e+01
6.897061954463229938e+01
7.037700935932664947e+01
7.160414559296559389e+01
6.581098119113542566e+01
6.764644458351848755e+01
6.816011989295023454e+01
7.161936584634609915e+01
6.853732548008889580e+01
7.059412813904114614e+01
6.940645617466260830e+01
7.431827784133736259e+01
7.764116113838284150e+01
8.150521017052282957e+01
8.124626321523579975e+01
7.849245010265647693e+01
7.771714939788890320e+01
7.557844070076431819e+01
7.433233933299783303e+01
7.629618998229275917e+01
7.865928232457530100e+01
7.977925690875012776e+01
7.652107858425037534e+01
8.059574227141909830e+01
8.003359767803436853e+01
7.957800995116690501e+01
8.119552607141326916e+01
7.936389915369313997e+01
7.826653632729463084e+01
8.005762463840176224e+01
7.836879635397174582e+01
8.043297453344520420e+01
7.686438996053875883e+01
7.554066419990363102e+01
7.398204000365610966e+01
7.500395864685442859e+01
8.124395578309618315e+01
8.434372563970532610e+01
8.063616244316825998e+01
8.635164843903594090e+01
8.946607287564833655e+01
9.136164079595485532e+01
8.911584065247639330e+01
9.098609268020983620e+01
8.754709308429481496e+01
8.739139665671200419e+01
8.658972490783290255e+01
8.710404212872347784e+01
8.350066536713094933e+01
8.543281089674317741e+01
8.439803023232681767e+01
8.397171369917690242e+01
8.305267789386823551e+01
7.457183653077829888e+01
7.227711776384155939e+01
7.793306035079909577e+01
7.608277035119206744e+01
7.779234144335791257e+01
7.936845022113936921e+01
7.963603020833494384e+01
8.094318855675912516e+01
8.154331760639266236e+01
8.005676597830699848e+01
8.379455167221756540e+01
8.138501185917812109e+01
8.410593025898472774e+01
8.618422975612506320e+01
8.549081228400588373e+01
8.587786316056325120e+01
8.735541098319605169e+01
9.187868918681471087e+01
8.983671197022736976e+01
9.119223290164852358e+01
8.855116492464279077e+01
8.741683452694539369e+01
8.288065336812209694e+01
8.698522606972466065e+01
9.105783956946720537e+01
8.614883373608128636e+01
9.158719018558046798e+01
9.484751610912584852e+01
9.586505480754470909e+01
9.444085713350963829e+01
9.351586962545708559e+01
9.435747414976187031e+01
9.263087118530968667e+01
9.148668558720802935e+01
8.656362576219190430e+01
8.825679147223250709e+01
8.857571149936940458e+01
9.291993840139174665e+01
9.000381573440067484e+01
8.793964098220858716e+01
9.043581817175028448e+01
8.874598802134434550e+01
8.571230551723066071e+01
8.119543214192323433e+01
8.078961341610819602e+01
8.049452767266356545e+01
8.298290270920888645e+01
8.177608949091019497e+01
7.792563840739779835e+01
7.327209800868369882e+01
7.829080419883365494e+01
7.394000801191344863e+01
7.854829315805534407e+01
7.947613457130462677e+01
8.180543760041960866e+01
8.285038475060801488e+01
8.485254780207255010e+01
8.606029968412096309e+01
8.445324798321172466e+01
8.635537611305922212e+01
8.222365598991592606e+01
8.118234012358747975e+01
8.612618314793458296e+01
8.793597961940662344e+01
8.552296460809647272e+01
8.364050351454744714e+01
8.318885454284765046e+01
8.096221346104523775e+01
7.924378023236424440e+01
7.833091163509531896e+01
7.937707614501297826e+01
7.877092895790491411e+01
7.525938091614331427e+01
7.597230291405003300e+01
7.791814682046540952e+01
7.859385037371455951e+01
8.091773183109273759e+01
8.205349703105598280e+01
7.722159724107345369e+01
8.072522623472633541e+01
8.050654655765090695e+01
8.038939613861117550e+01
8.197122553596727812e+01
8.349848900337509860e+01
8.125894402559363527e+01
8.103569700431958722e+01
7.996484929578458889e+01
8.056763654366383776e+01
8.513536681344393742e+01
9.045567505340959258e+01
9.549212392878224875e+01
9.377571553310798436e+01
9.222629382687688349e+01
9.133444775753059730e+01
9.321375851015729097e+01
8.981393151122620111e+01
8.525965592666386783e+01
7.973048011271406210e+01
8.064900238732889193e+01
8.418362378912351573e+01
8.996771319257732102e+01
8.573055385732325817e+01
8.253726634547535923e+01
8.341573793764226252e+01
8.709665612769067877e+01
8.403846125312142590e+01
8.688521683969901233e+01
8.755375596136634897e+01
8.236995718471371219e+01
8.016587883429409089e+01
8.678007549117886299e+01
8.559236347582761084e+01
8.695344516564331627e+01
8.616327395586137072e+01
8.469312649988432895e+01
8.773896596797926861e+01
8.465515220934535989e+01
8.507657083368798112e+01
8.683027229167763039e+01
8.802986132637170158e+01
8.610882635516388461e+01
8.711274270487335514e+01
8.397444512214013912e+01
8.731385765590950143e+01
8.463818338331681446e+01
8.476089493863210578e+01
8.535317686504333778e+01
8.330283134716435711e+01
8.187688032928292614e+01
8.143918422264739831e+01
8.586194753341342789e+01
8.540243511379591723e+01
8.231087846823113807e+01
8.065024315201694094e+01
8.161630119493541713e+01
7.783036888638072526e+01
8.662749647876829329e+01
8.498143214656163025e+01
8.009711060662257864e+01
8.339338164135341458e+01
8.110107658209857107e+01
7.864512222017202703e+01
7.935959182228188524e+01
7.326441937737918408e+01
7.279723884937135381e+01
7.438538299595320780e+01
7.516114533847667190e+01
7.524092081527942355e+01
6.990505065001381979e+01
6.622780399659647799e+01
7.049008792867472550e+01
7.171252442106971614e+01
7.113451668860939492e+01
7.140325480184554863e+01
7.126007475254206724e+01
7.018832610530458282e+01
7.557693457327034992e+01
7.130877166795187350e+01
6.935978570678732069e+01
7.307096961879116748e+01
6.702309112551421322e+01
6.435629647539963116e+01
6.768069485691960097e+01
6.908437984178516444e+01
6.431682504231993391e+01
6.209438832848768897e+01
6.081864327034377737e+01
6.771930360981880881e+01
6.086937000477899318e+01
5.452173899980243021e+01
5.875290092404362952e+01
6.030197593390066402e+01
5.604438344067416011e+01
5.684705329514441985e+01
6.003727946126181081e+01
5.879864175852412700e+01
5.909642451716653255e+01
5.464899580899161435e+01
5.395782581942580691e+01
5.372926285208840369e+01
5.578436991077533946e+01
5.424256014875708587e+01
5.427923321453859984e+01
5.199977178872278216e+01
5.287041911143700190e+01
5.086605563401180063e+01
4.819795100767948526e+01
4.798666693687386697e+01
4.958541878778303413e+01
5.325879113441938273e+01
5.027228335766557876e+01
5.148950012079814087e+01
5.491081537297022663e+01
5.557801018932544679e+01
5.903751120716163570e+01
6.001917450139861643e+01
5.606894473284033609e+01
5.475453822937428328e+01
5.744435104912261636e+01
6.006402218118863345e+01
5.594579009036919359e+01
5.474896136724841966e+01
5.651691002244108120e+01
5.468750377220525394e+01
5.337195164620177223e+01
5.505233152645525507e+01
5.189852761429970940e+01
4.849991620044312413e+01
4.838019935985273179e+01
4.844854183318137331e+01
4.760962233348273998e+01
5.034358532291376775e+01
5.176574080198449224e+01
5.335795559537293542e+01
5.579305882344607426e+01
5.404649599087854028e+01
5.912408793419847797e+01
6.190461072345107851e+01
6.044975130232070626e+01
6.321914420345406427e+01
6.316371023098982107e+01
6.235405044205449343e+01
6.047116628959089013e+01
5.873259880827124846e+01
6.216443735940703164e+01
6.298116246935750695e+01
6.047457495924574999e+01
6.291877639504846798e+01
6.628599895366835426e+01
5.890003276950629640e+01
6.230353543306648589e+01
5.880498522738120926e+01
5.927043435997044440e+01
5.683655902055345877e+01
5.563887612165202512e+01
5.847235649207280517e+01
6.487213389410001696e+01
6.063571355334355673e+01
5.605918174886382133e+01
5.356483071305672183e+01
5.225553756879574507e+01
5.469285186015653011e+01
5.802203453321422444e+01
6.152280620374683195e+01
6.446529625212642145e+01
6.309152963583810703e+01
6.250800974197280624e+01
6.004911045398784353e+01
5.734880824756085360e+01
6.064681642087737856e+01
5.736501884736218670e+01
5.558382193698096785e+01
6.495760397750471782e+01
6.091220345200945019e+01
6.519185974310592258e+01
7.065642527212354196e+01
7.728215433853938521e+01
7.711444144448151405e+01
7.378019883737833595e+01
7.389913278179967904e+01
6.639164420855966853e+01
6.497202312899868559e+01
7.021442036603049530e+01
7.168894380360043783e+01
6.635763954295624956e+01
6.524374694432560773e+01
6.694786179374405322e+01
6.312614302363290619e+01
6.138043825573036116e+01
6.194245531729281140e+01
6.242678880109600925e+01
6.284658593895014178e+01
5.694729887414933245e+01
5.394335182492355329e+01
5.741287921995515120e+01
5.982328244413257323e+01
5.977918664039465568e+01
5.731594129318546749e+01
6.024787235023936205e+01
6.611919880757773171e+01
6.798651037938094532e+01
6.703490040649153059e+01
7.152318012373808642e+01
7.232574145193640902e+01
7.666307171921030772e+01
7.173415760548286357e+01
6.891478842254865356e+01
6.847458849753391519e+01
6.422396700626742927e+01
6.305769123560069289e+01
6.673570976901365270e+01
6.565612686671187248e+01
7.133529382765740934e+01
7.495095074292537163e+01
7.807845076561379472e+01
8.033456833501038830e+01
7.796701574750473185e+01
7.078083948193216202e+01
7.134665015332983273e+01
7.144583459397910019e+01
6.893624089781567932e+01
6.684868186020139547e+01
6.526944897185531147e+01
6.301171967312633626e+01
5.891241586042816181e+01
5.868123497987236448e+01
5.944317885254409362e+01
5.767587186247270381e+01
6.445176068396662572e+01
6.774742553983956839e+01
6.718471832527100673e+01
7.051719607177697924e+01
7.552562661587560910e+01
7.831410123516856459e+01
7.803861853939763193e+01
7.841638106564296606e+01
7.857468102138513188e+01
7.683453650589247275e+01
7.000972315080932162e+01
6.975606302815627657e+01
6.792159736539471737e+01
6.935259775654942871e+01
6.831142151212301883e+01
6.820403188521527227e+01
7.266963307445239195e+01
7.345856616019058549e+01
7.225456791947691215e+01
