8.904378081383789834e+01
8.779299831007489274e+01
8.993445575611929144e+01
8.857058636897757253e+01
8.823308454173265147e+01
8.736816013770587119e+01
8.732986340129249925e+01
8.682195094196731588e+01
8.992440990220634944e+01
9.091525855606171547e+01
9.014042143466531343e+01
8.985970812326090140e+01
9.230558395669842753e+01
9.309514436366949042e+01
9.349765284396671916e+01
9.366032964353325951e+01
9.418472140394200665e+01
9.466920291372416330e+01
9.506447571986956291e+01
9.534272536837208634e+01
9.643138543349269298e+01
9.725970746620757268e+01
9.781097503022296280e+01
9.821695434801455349e+01
9.846672369303841776e+01
9.883394011686462477e+01
9.890009428826266458e+01
9.893115327657868363e+01
9.908881896249089039e+01
9.921814118773870916e+01
9.945837847902053852e+01
9.985110176453284225e+01
1.002914283934303796e+02
1.004417150094371323e+02
1.006152120566565031e+02
1.008586236684575681e+02
1.010932423290046103e+02
1.011295773144798034e+02
1.015036097017066652e+02
1.018992169431980415e+02
1.023940105040402386e+02
1.029301122990607524e+02
1.032707249637981874e+02
1.034697355442042692e+02
1.034631179865185260e+02
1.037497038086469416e+02
1.039913656406211970e+02
1.043423064978495489e+02
1.044601320234379074e+02
1.046816698325008161e+02
1.047923839404245001e+02
1.050103524569813516e+02
1.050510946129515872e+02
1.052989587902670934e+02
1.053145688857688498e+02
1.054783282470707775e+02
1.057931027366981027e+02
1.059761558079993478e+02
1.061373330672299744e+02
1.061471278726511116e+02
1.065054575513507018e+02
1.066231530764460871e+02
1.067706745566443090e+02
1.068599705430371642e+02
1.069276993488141017e+02
1.070095417402488067e+02
1.069702927065250293e+02
1.071165742941744554e+02
1.073633132473076586e+02
1.075313330252754724e+02
1.077229364071618392e+02
1.080425081212647029e+02
1.081537463440628812e+02
1.083042480346722982e+02
1.085319710483253317e+02
1.088362857644729331e+02
1.089965961049081216e+02
1.091888779217114518e+02
1.094035210656067534e+02
1.095707171114632672e+02
1.096103579501149312e+02
1.097601677556594382e+02
1.099036147263392280e+02
1.100556691229839430e+02
1.101878579812399721e+02
1.102422102431588371e+02
1.103726909742932492e+02
1.105973116672145693e+02
1.106904762264150150e+02
1.107953015697139989e+02
1.108992074946610842e+02
1.110205167977675984e+02
1.112161552052049132e+02
1.112256448782789136e+02
1.112224484638971234e+02
1.112749284549349795e+02
1.113632644733974644e+02
1.114650109467775110e+02
1.114686954861848278e+02
1.115579911346050892e+02
1.115104881980674065e+02
1.116263816709263494e+02
1.118347691637385282e+02
1.118564840980836550e+02
1.119299845283190109e+02
1.119733453257799738e+02
1.119979706664329910e+02
1.120561709839061422e+02
1.121628373806528742e+02
1.122822534551120839e+02
1.123496938485525192e+02
1.125339616743772524e+02
1.126709525833082779e+02
1.126525874644713952e+02
1.128432331023246036e+02
1.129457068648207780e+02
1.130252861908994078e+02
1.131550195935960090e+02
1.132006841071465857e+02
1.133078502119340527e+02
1.133371036532155358e+02
1.134042305567736975e+02
1.134783592252251765e+02
1.136870091808897172e+02
1.138493859978811997e+02
1.140445205213247135e+02
1.141125950262917570e+02
1.143687800265563226e+02
1.144439461738115114e+02
1.146930827592852040e+02
1.147829726895715652e+02
1.149762247892550562e+02
1.152510880947508554e+02
1.154937694916235245e+02
1.154997792123203340e+02
1.156754369196383436e+02
1.158738257290256541e+02
1.160548700211169404e+02
1.160965979361144065e+02
1.162264429590131840e+02
1.163287339847703805e+02
1.162878366973745301e+02
1.162878763065669858e+02
1.163336620802333812e+02
1.163665523327224349e+02
1.165486850382478394e+02
1.165860993027442589e+02
1.166767069115102373e+02
1.167950465881187085e+02
1.168226250281206404e+02
1.167408949051269929e+02
1.168464118494957518e+02
1.169159028450537647e+02
1.169616675029371180e+02
1.169050676018681969e+02
1.168753767542575730e+02
1.169199452985988188e+02
1.169059850564913319e+02
1.169797823932701419e+02
1.170610526525712203e+02
1.171555469845518331e+02
1.171716952378971826e+02
1.171901719551608068e+02
1.172308717946408905e+02
1.173516982855636570e+02
1.174067930178368044e+02
1.174793598007049553e+02
1.175242411316729658e+02
1.174979947890734593e+02
1.175570657329267306e+02
1.175498768941685199e+02
1.174045397547953513e+02
1.174479185972350308e+02
1.175554189925987885e+02
1.176575548367221131e+02
1.176511701832832557e+02
1.177013935713783184e+02
1.178137739615355173e+02
1.177052078624460165e+02
1.176286601058834549e+02
1.177354766395633590e+02
1.178577946690644467e+02
1.179398542368217306e+02
1.180616118548720266e+02
1.180652600363498266e+02
1.180286512054194930e+02
1.180189706082085337e+02
1.179827381724829962e+02
1.180667006322744470e+02
1.182216709882961965e+02
1.181840240546671623e+02
1.182948378283139164e+02
1.184360518922512142e+02
1.184939392557970166e+02
1.185836947048572370e+02
1.183982726923861151e+02
1.183329983347444596e+02
1.183352561009905344e+02
1.182436448655066954e+02
1.183761924360316300e+02
1.184871898285800285e+02
1.186100345588463654e+02
1.186290349507887072e+02
1.187599068221864798e+02
1.188601581309770836e+02
1.190523471041575903e+02
1.190718564091079230e+02
1.190998311783227450e+02
1.192633581828440015e+02
1.192693558119283352e+02
1.193166247390076791e+02
1.192773263001473367e+02
1.193346301519577395e+02
1.195407319428042143e+02
1.196395713351593457e+02
1.197336688395452597e+02
1.198686997220438570e+02
1.199433801089092100e+02
1.201370953829320456e+02
1.201190318331606193e+02
1.202555383221605894e+02
1.203976319725014150e+02
1.205976092309324628e+02
1.208054376016292650e+02
1.208962568557190593e+02
1.210069436066265638e+02
1.211373350597353635e+02
1.212467174632434705e+02
1.213329088761980188e+02
1.215355804182908628e+02
1.216031032833887480e+02
1.216657727575586421e+02
1.218447557657657967e+02
1.220136832191184055e+02
1.221619365853903076e+02
1.220938917522000651e+02
1.221466280546644185e+02
1.221312135232061848e+02
1.222569811601272107e+02
1.222478028037132560e+02
1.223752220609496106e+02
1.223443080417763014e+02
1.224216859203768450e+02
1.223750286078532099e+02
1.224594828449378099e+02
1.224123625977929493e+02
1.223957295068068873e+02
1.224835370465781494e+02
1.225972954632488552e+02
1.226150003099723307e+02
1.225075628216237646e+02
1.225190921640918731e+02
1.226665629492396619e+02
1.226848696147170870e+02
1.226306796532599463e+02
1.227345679851669473e+02
1.228092960169252592e+02
1.227598139417033849e+02
1.228274180028087841e+02
1.228921822273470923e+02
1.228835408307267016e+02
1.228851917741875042e+02
1.229775218638895922e+02
1.229879584898901328e+02
1.230296207365110490e+02
1.230478738710130386e+02
1.231062957491081136e+02
1.231402758292211814e+02
1.230647511368255920e+02
1.231741075405703043e+02
1.231570469258428062e+02
1.232452767016869757e+02
1.231740893603586215e+02
1.232003987848526947e+02
1.232511501969535459e+02
1.231696138587531522e+02
1.231826252272966826e+02
1.232749283680517749e+02
1.233469209491231027e+02
1.233409688069467620e+02
1.233754447915236341e+02
1.233170040625982011e+02
1.233177245542221527e+02
1.233431960355453185e+02
1.232911419606062111e+02
1.233541433448227878e+02
1.233742805840988410e+02
1.234306200722552376e+02
1.233804289108172583e+02
1.232983446720886462e+02
1.233615187400944109e+02
1.232671394590959721e+02
1.233066493572013087e+02
1.233248444702514917e+02
1.234203014880512228e+02
1.234009751732123021e+02
1.233925457634606317e+02
1.234887228969020754e+02
1.234540404914571496e+02
1.233808563235852773e+02
1.234203949204968609e+02
1.233974947796988744e+02
1.233427923495584224e+02
1.234261121204351213e+02
1.234652538158334778e+02
1.233014967664346671e+02
1.232651116158283031e+02
1.232611359066583816e+02
1.231827335062018562e+02
1.232173990126547238e+02
1.233754908872582092e+02
1.233657764945416062e+02
1.234676632771524538e+02
1.233964834926918996e+02
1.234661205821955150e+02
1.234873364444199666e+02
1.235537061200065665e+02
1.236238839434813030e+02
1.235893863328412579e+02
1.236692409418524790e+02
1.237499002553773551e+02
1.237167091011906450e+02
1.237376370378471790e+02
1.237566116352814305e+02
1.237381123667683767e+02
1.237490467696109135e+02
1.238288330254470964e+02
1.238571546952466775e+02
1.238482825159975391e+02
1.238608781468348496e+02
1.238540379858880556e+02
1.238436099372643326e+02
1.238378886653394630e+02
1.237894556847321184e+02
1.238043826241489995e+02
1.238119126915382679e+02
1.237536148983277968e+02
1.238224816924797409e+02
1.239290275999412785e+02
1.238948598868573328e+02
1.239556010318360961e+02
1.239303041700231915e+02
1.238634252920550125e+02
1.238950628973050527e+02
1.240683066695245742e+02
1.240344043897363377e+02
1.241444562084455612e+02
1.239988233373946400e+02
1.239103532120958704e+02
1.239496539530274077e+02
1.240182036038809343e+02
1.240667632560714111e+02
1.241051062278340851e+02
1.241100372214672092e+02
1.241562451255890380e+02
1.242501665753291746e+02
1.242192081614204398e+02
1.241804576604836967e+02
1.241733310739308109e+02
1.242381775369492658e+02
1.241022088197893538e+02
1.241199722646270374e+02
1.241503531195674697e+02
1.241367394254820908e+02
1.241575423793495077e+02
1.242250101070233086e+02
1.241670346424340465e+02
1.242307152747356298e+02
1.243536182808318955e+02
1.242948715805457738e+02
1.243617107506177462e+02
1.244657037497535583e+02
1.244578940391182442e+02
1.244950408602406640e+02
1.246396168145909087e+02
1.245796217063697924e+02
1.245735158727392786e+02
1.245688927820861807e+02
1.245167640912268183e+02
1.245681523187711548e+02
1.246280586744429115e+02
1.246344047420237615e+02
1.246132767027603023e+02
1.246462807930045784e+02
1.246967238261046589e+02
1.246784535796355584e+02
1.246691643718709344e+02
1.248519522631643639e+02
1.248212928283499252e+02
1.250622463093766754e+02
1.250261779880653989e+02
1.250016896095891070e+02
1.249591141746522851e+02
1.249836640700010548e+02
1.249902133307959389e+02
1.249801592132028247e+02
1.249748016995716995e+02
1.250781340023148971e+02
1.252537589565002349e+02
1.254351840993162739e+02
1.254437341132451564e+02
1.254188952377323574e+02
1.253815476733671659e+02
1.254830231379032739e+02
1.255336241406714777e+02
1.255037289316062044e+02
1.254658396273903520e+02
1.254056609913020282e+02
1.254309001218724404e+02
1.254636880366627310e+02
1.254966062050351212e+02
1.255703316594982510e+02
1.256804059064382812e+02
1.258723095607556672e+02
1.260139831966408934e+02
1.260712733626653659e+02
1.261260851198601216e+02
1.261442780329069961e+02
1.262784351285929176e+02
1.263345594183729617e+02
1.263939064485373649e+02
1.264390410104685003e+02
1.265521655702977171e+02
1.266819358523180341e+02
1.266592794991796893e+02
1.267463313599375709e+02
1.268209175411180780e+02
1.269256577915587485e+02
1.269183007189990491e+02
1.269672655563152546e+02
1.270049381055800382e+02
1.270931897318452428e+02
1.271474444573427718e+02
1.273094085311313535e+02
1.274163929104905435e+02
1.274680498942193907e+02
1.274699034514112554e+02
1.276301071209538662e+02
1.276758744458622488e+02
1.277784028437216080e+02
1.278272904137825492e+02
1.279492854902711230e+02
1.280195503751556032e+02
1.280680982862850499e+02
1.280511780889391673e+02
1.281194330873648255e+02
1.280899046406258890e+02
1.280917715882270613e+02
1.282086892902402440e+02
1.282712889348912313e+02
1.283439580998112035e+02
1.282845989630719430e+02
1.283795769036815102e+02
1.283181333865384772e+02
1.283321473350875124e+02
1.282565042368149477e+02
1.283840116043665205e+02
1.284381119803536535e+02
1.283315810899723601e+02
1.284753117117371062e+02
1.284920514933873221e+02
1.285194301779122270e+02
1.285297911538852702e+02
1.285879617487728694e+02
1.285877497940934404e+02
1.287114847320358137e+02
1.288152163843944606e+02
1.288078719626634552e+02
1.287388292113991781e+02
1.288035187563140198e+02
1.288677186529694723e+02
1.288350140232627723e+02
1.288770226380137842e+02
1.289424451116480270e+02
1.289636003888764151e+02
1.289345207037131900e+02
1.289062614474950124e+02
1.289847147645294285e+02
1.289832514954824205e+02
1.290542117374364466e+02
1.290462127794882008e+02
1.290544778675168516e+02
1.290803311010931793e+02
1.292056406667214787e+02
1.291888593142158470e+02
1.292068537094737053e+02
1.292916819846585952e+02
1.293200780034469801e+02
1.293136794051049208e+02
1.292443821087953211e+02
1.291909327796823277e+02
1.291332181381952182e+02
1.291807446902768390e+02
1.292294973307000134e+02
1.292902745831096070e+02
1.293263018125285555e+02
1.293565714892320955e+02
1.292508272803792408e+02
1.292166159343155130e+02
1.291712965187657858e+02
1.291764665017602169e+02
1.292069598537074171e+02
1.292237825967349067e+02
1.291749438220908246e+02
1.292127517002052741e+02
1.292121764021273691e+02
1.292613732845586583e+02
1.291927515516050562e+02
1.291941940057179465e+02
1.292557619429944680e+02
1.292878917459253785e+02
1.292940337709989649e+02
1.293684904364167210e+02
1.293339995759629062e+02
1.293157531241215281e+02
1.293497714401274834e+02
1.294169780005175028e+02
1.293869917502835847e+02
1.293947410309247914e+02
1.294627020347126063e+02
1.294222014330630373e+02
1.294160788266894997e+02
1.293792879873037123e+02
1.294512359782295903e+02
1.295450914126039095e+02
1.295626311781045104e+02
1.295190247696277765e+02
1.294811195954418395e+02
1.294725091339637117e+02
1.294628627862828125e+02
1.294873360086443199e+02
1.294316984664854715e+02
1.294054413135213508e+02
1.294236324306062613e+02
1.294476940802103968e+02
1.294416394190873802e+02
1.293650281422773105e+02
1.294316355230392901e+02
1.294461549849677624e+02
1.294336716739858559e+02
1.294349588594143938e+02
1.295794652399735014e+02
1.296544348688702257e+02
1.295818026416712314e+02
1.295547545441486363e+02
1.294248826212717063e+02
1.294511159559932025e+02
1.294170647957232063e+02
1.293388753824106061e+02
1.293786364301026310e+02
1.293869011887136935e+02
1.294326966174779443e+02
1.294999671268000725e+02
1.293956509342882271e+02
1.293931048320302750e+02
1.293542811084610662e+02
1.293549928268964209e+02
1.295268801288630698e+02
1.295609820258552531e+02
1.295561659260916088e+02
1.295648752781951600e+02
1.294937351052592760e+02
1.295927860986038525e+02
1.296677564165651404e+02
1.295771578188672208e+02
1.296831676973518768e+02
1.297154959394394496e+02
1.297285498174682630e+02
1.297674688980898452e+02
1.297832845252709717e+02
1.296895755734556133e+02
1.297119853442614215e+02
1.296823908943823938e+02
1.296859046538422717e+02
1.297086342048613403e+02
1.297762818022372642e+02
1.297194676933114579e+02
1.296443848903300022e+02
1.296588292883208737e+02
1.297255341429062412e+02
1.296617863763606522e+02
1.295821978221898689e+02
1.296113778397706540e+02
1.294727262035376043e+02
1.294451171765153106e+02
1.294206179531528278e+02
1.294583334766894041e+02
1.295179231989935431e+02
1.294699092320493605e+02
1.295716331063781297e+02
1.295723790988279802e+02
1.296250942600977680e+02
1.296453003088192588e+02
1.296140859846449302e+02
1.296188002743342622e+02
1.295465201579847019e+02
1.295692459960552867e+02
1.295986705975119833e+02
1.295645974954857422e+02
1.295137054377657648e+02
1.294812897561330374e+02
1.294217251653444691e+02
1.294696664000269095e+02
1.295306117485896777e+02
1.295401484224634032e+02
1.295429231103272798e+02
1.294805059419969666e+02
1.294809124170299981e+02
1.295403806446504120e+02
1.295529852277795442e+02
1.295404188461171771e+02
1.295838942277316050e+02
1.296460302297686269e+02
1.295641594200622819e+02
1.295839285374766234e+02
1.296852666522566722e+02
1.296885208247572621e+02
1.297711376933217196e+02
1.297194739431723178e+02
1.297489086728189704e+02
1.296708936345575864e+02
1.296108068274323557e+02
1.295782749393872564e+02
1.296589006803882000e+02
1.296326227906563702e+02
1.295821110822531921e+02
1.296486303155968187e+02
1.297021921378883746e+02
1.296579251030886439e+02
1.297073688680075634e+02
1.296230806521969612e+02
1.296272438179192079e+02
1.295835208400805243e+02
1.295887965640750394e+02
1.295571993338608081e+02
1.295119291615098689e+02
1.294881743830312359e+02
1.295330644193881255e+02
1.294974470196830794e+02
1.295695770301882703e+02
1.295018609606563302e+02
1.295065352494162312e+02
1.295385868943520506e+02
1.294691520535026257e+02
1.295446589603328107e+02
1.294932227913235465e+02
1.295226561895415500e+02
1.295916925450731583e+02
1.295985981187347988e+02
1.296165841462022854e+02
1.296214005681403023e+02
1.296120005674990523e+02
1.296356395656450218e+02
1.296802235533866110e+02
1.296663065386415781e+02
1.296930485722216986e+02
1.297681295153456347e+02
1.298071239879816972e+02
1.298084792170696176e+02
1.297500651799599325e+02
1.297507916866902633e+02
1.298614039475002357e+02
1.298572645335077880e+02
1.298579542660770016e+02
1.297651227278996657e+02
1.297908269592145984e+02
1.298118335136215080e+02
1.298598424315245268e+02
1.298534786605176805e+02
1.297727564025668130e+02
1.296663076838993902e+02
1.295573495397206045e+02
1.295911091853006667e+02
1.295965353909096791e+02
1.295781705098413852e+02
