8.578293956385073216e+01
8.607967310916899351e+01
8.572389136147363331e+01
8.610827331507243798e+01
8.744727392439990865e+01
8.761385476493632041e+01
8.788430166163691126e+01
8.789465922622582639e+01
8.339991879904624739e+01
8.315993295826980614e+01
8.331594964778962265e+01
8.762620299259651802e+01
8.221588650953324873e+01
8.195315772523602504e+01
8.173637441191236519e+01
8.155829410693064574e+01
8.073458337511939931e+01
8.024317707363783825e+01
7.955237643383163970e+01
7.870458666382060642e+01
7.800146859228891572e+01
7.753108324168510990e+01
7.720644539517152793e+01
7.692554359305894707e+01
7.657833126105211363e+01
7.636954476416754289e+01
7.595636533590641193e+01
7.566505774528091877e+01
7.519883576108991008e+01
7.500497026912967158e+01
7.482837003479437499e+01
7.458977048189332493e+01
7.423316022523854940e+01
7.396048088304203816e+01
7.372907296363433716e+01
7.337520876657289648e+01
7.282752679907680715e+01
7.217809304624012157e+01
7.179107853157633201e+01
7.147481686138716839e+01
7.139696210872004656e+01
7.120261894108310230e+01
7.102987322176281282e+01
7.100555604668832643e+01
7.083364318534935933e+01
7.073945207473936136e+01
7.050769566186761494e+01
7.023527395257893602e+01
7.023795381166040386e+01
7.004928814606505227e+01
6.991805231228271111e+01
6.981260721206260200e+01
6.970600310259386845e+01
6.957219968190391057e+01
6.941096824103091478e+01
6.923634440449384897e+01
6.916546597409400476e+01
6.919911074988371524e+01
6.897410001544740510e+01
6.878598066852595139e+01
6.851244193866516241e+01
6.864410491557336513e+01
6.859180253343377842e+01
6.851179004198117184e+01
6.828652163217900295e+01
6.817342546099295930e+01
6.804272249672186490e+01
6.778771724113002506e+01
6.765619875325383248e+01
6.748710166224658735e+01
6.732975569910644253e+01
6.712006232309514075e+01
6.662607378748853648e+01
6.632544617967576528e+01
6.624644393670801890e+01
6.607590324939123150e+01
6.588163192420616099e+01
6.558984122454208432e+01
6.540863837461627384e+01
6.521393060603226388e+01
6.499036538032088117e+01
6.490182201475298029e+01
6.487331812163249367e+01
6.479354459363199226e+01
6.463987498202756399e+01
6.450111868112087166e+01
6.448451735636697890e+01
6.450876056771549827e+01
6.451498305470448713e+01
6.436145405049275325e+01
6.423749218261951910e+01
6.414176619343395203e+01
6.399970295862151914e+01
6.395381406992873963e+01
6.401633362616803424e+01
6.400353538522035990e+01
6.395936982903355528e+01
6.392665021132135905e+01
6.374714124527545067e+01
6.359829171227061551e+01
6.353470484724490319e+01
6.344702687557877141e+01
6.342530648400855853e+01
6.327289554377620107e+01
6.328888444497943766e+01
6.320320995271138287e+01
6.320087142901089550e+01
6.312762721488739004e+01
6.303480822039545473e+01
6.307752123555037826e+01
6.299353197839189278e+01
6.307232148930929583e+01
6.312061681015715209e+01
6.300931633916124497e+01
6.298063534581402223e+01
6.291620204637447245e+01
6.293288918148097366e+01
6.271853845413733097e+01
6.261728689639897993e+01
6.250779774194974436e+01
6.246037872192490426e+01
6.234579968293651575e+01
6.228911724139978645e+01
6.206960768339203582e+01
6.202151382027972204e+01
6.186513953284018896e+01
6.174597976422383283e+01
6.162665730091787708e+01
6.149595655741615730e+01
6.129776345438294527e+01
6.117306124058625727e+01
6.103541282103567767e+01
6.076939206712926023e+01
6.048223720604678277e+01
6.029873757726295480e+01
6.013834397457465286e+01
5.988521269715752737e+01
5.975742641007138189e+01
5.963409117480015453e+01
5.947874535515251182e+01
5.936361038241081900e+01
5.936903952878251545e+01
5.938312148956719483e+01
5.937940868364779590e+01
5.930818406892333883e+01
5.920359601581384368e+01
5.904497962707729641e+01
5.899298185347640100e+01
5.893595098809777966e+01
5.890247538575663810e+01
5.882600927214369335e+01
5.875082228140192342e+01
5.873848274706380579e+01
5.881129762632070879e+01
5.870910580623857555e+01
5.872041125143707063e+01
5.875550035678950422e+01
5.858636262098737291e+01
5.858049982384724785e+01
5.849014813821072778e+01
5.849739683250585642e+01
5.853462982448223073e+01
5.857064269183081962e+01
5.856546771274436480e+01
5.846597293147667784e+01
5.855080312856025415e+01
5.841634577880150658e+01
5.832724668011891822e+01
5.826995618989037951e+01
5.818940516868826052e+01
5.815097399262185718e+01
5.814632367682121128e+01
5.808263111605334217e+01
5.815753517886567181e+01
5.825942963376825645e+01
5.818614937406719889e+01
5.810406092327371397e+01
5.814230320588693246e+01
5.806469384442508641e+01
5.800769508224613702e+01
5.794664162267110186e+01
5.793228597668500868e+01
5.786181832391402935e+01
5.777571517833458614e+01
5.770295638761014345e+01
5.756488377788465272e+01
5.749808580392633672e+01
5.759753527041717547e+01
5.754654661834059937e+01
5.762880004037057802e+01
5.776041169450381574e+01
5.765468958122343679e+01
5.757475382919469098e+01
5.764097958111825903e+01
5.766182844753458170e+01
5.746990811277262168e+01
5.742020386302716162e+01
5.743945482550701342e+01
5.737868079558782597e+01
5.731614231151982608e+01
5.730185522254397767e+01
5.725107092703431988e+01
5.717964488377383958e+01
5.719757782363562626e+01
5.703617087918059525e+01
5.699218398074442149e+01
5.698462317737854477e+01
5.695255124575044903e+01
5.699148533023024754e+01
5.691161338084430810e+01
5.692158831424152510e+01
5.704589047209989161e+01
5.707334677670586132e+01
5.705487271892172174e+01
5.705573069760876592e+01
5.696790249502643633e+01
5.689044709720705129e+01
5.690512585224312403e+01
5.692839752455474667e+01
5.689090323860720133e+01
5.660667440611454282e+01
5.667128340846876711e+01
5.678526087989732929e+01
5.679806408076555613e+01
5.685055159259756863e+01
5.684068273012145056e+01
5.678244456470610402e+01
5.674554638405207641e+01
5.686568998110954709e+01
5.696262698274583869e+01
5.701793934663536589e+01
5.693115651134078092e+01
5.689532873656035150e+01
5.695517464143913600e+01
5.702063253645129492e+01
5.695689287662654010e+01
5.695995268517424392e+01
5.682002634159564991e+01
5.676674677855407225e+01
5.680605544333139534e+01
5.679347777122529806e+01
5.674627230835778846e+01
5.670614365060544060e+01
5.670085461171960617e+01
5.670516272634165489e+01
5.670323019034903922e+01
5.665693161043135007e+01
5.656723081521254670e+01
5.650592436066833102e+01
5.670772960054432588e+01
5.658347605964109306e+01
5.646175641208952811e+01
5.644909287476477289e+01
5.652407416194773049e+01
5.647489840591269683e+01
5.641239390506660811e+01
5.629064838053031394e+01
5.611161891588500339e+01
5.593827159480078848e+01
5.588138345425519304e+01
5.581133979089126740e+01
5.572361365938004951e+01
5.556044994647572111e+01
5.548041270729557795e+01
5.534513487933068632e+01
5.545755083335060220e+01
5.534483851574513125e+01
5.530985340935945516e+01
5.517563409587948797e+01
5.507436918548958005e+01
5.492619322357622735e+01
5.492028565752423219e+01
5.476867578076325316e+01
5.459320060892962090e+01
5.445124809849959036e+01
5.435004924315704500e+01
5.417195418230963355e+01
5.387738386765925469e+01
5.390593638901567175e+01
5.384103203300504248e+01
5.366584550395974418e+01
5.369585584864901762e+01
5.358793022745586399e+01
5.350957177932110653e+01
5.346670695232840131e+01
5.337611305699230257e+01
5.332091105334258430e+01
5.325080894744410642e+01
5.321495591774907297e+01
5.319184639888201360e+01
5.314203046980253475e+01
5.312296599302055000e+01
5.304973186741410274e+01
5.294305622417790858e+01
5.281335315800222219e+01
5.281113620248929408e+01
5.284270109990954722e+01
5.294630632495960754e+01
5.289419751431288574e+01
5.276066153247479207e+01
5.281914148516308671e+01
5.283297648932690294e+01
5.274353827034819631e+01
5.265281136245335603e+01
5.264256997073698585e+01
5.256003717240016471e+01
5.255713035174105130e+01
5.255631577293081591e+01
5.254387457632542890e+01
5.260382150932423428e+01
5.251514806284780690e+01
5.255847318620521946e+01
5.247438143149356193e+01
5.244671406916194201e+01
5.249712537599445739e+01
5.245903841988309324e+01
5.245357954459359462e+01
5.235350505933368481e+01
5.239823798083642714e+01
5.237325797736359334e+01
5.233785149904818468e+01
5.240257841179452925e+01
5.237594652988086352e+01
5.225894701712113743e+01
5.223689008565974490e+01
5.214634430377746099e+01
5.215077199132691277e+01
5.209254149579756898e+01
5.203096285339445615e+01
5.194931738330251392e+01
5.189083147431276899e+01
5.195298540843721469e+01
5.187832175079534380e+01
5.181467214755829787e+01
5.186491245146888929e+01
5.188049131046256690e+01
5.186855232201674681e+01
5.184195302327448474e+01
5.185902273863973022e+01
5.175459333099142611e+01
5.171055987012484678e+01
5.177017437619043250e+01
5.178077031939562147e+01
5.162426054312077639e+01
5.168962494559533383e+01
5.175670336611116085e+01
5.179567469646847400e+01
5.178573745752043322e+01
5.162854819865600575e+01
5.161070809371891954e+01
5.165396088235394956e+01
5.173011968268784244e+01
5.179968442460632616e+01
5.189363335305775848e+01
5.186938817189270878e+01
5.179490133844208799e+01
5.180463003735277283e+01
5.181970158449757946e+01
5.180838401088981726e+01
5.177865008173326089e+01
5.179389667427586375e+01
5.179063228890746728e+01
5.175182154798228140e+01
5.173425371046069188e+01
5.173057157597075673e+01
5.178826580883933417e+01
5.171587637925141223e+01
5.167825331141303735e+01
5.161582851036083497e+01
5.166581350401991557e+01
5.157463182509699351e+01
5.157562023822060127e+01
5.150015389675756694e+01
5.147252186701207677e+01
5.154221839451750498e+01
5.156286399880367810e+01
5.157134215420777679e+01
5.159136045557596617e+01
5.150146592835066883e+01
5.151386269877311719e+01
5.151648055001476934e+01
5.146008198184980387e+01
5.144748709442172441e+01
5.148349056516578770e+01
5.151643606052871860e+01
5.163995616763492791e+01
5.156706121865857284e+01
5.146272914303951751e+01
5.145770164061292462e+01
5.148867309590960417e+01
5.143427715271649703e+01
5.141507066485105781e+01
5.135025016202995118e+01
5.127286721717105422e+01
5.132590781208718056e+01
5.133456821452365659e+01
5.127689005766232810e+01
5.124494971785451725e+01
5.121442529614565586e+01
5.106941224602131513e+01
5.117382802797063590e+01
5.116820581258946987e+01
5.118603152821035707e+01
5.108085409938070853e+01
5.110989649407918733e+01
5.106045931043180985e+01
5.111207946496566734e+01
5.113831977319614452e+01
5.111815305071957738e+01
5.110236998993685376e+01
5.103384730837969840e+01
5.100214802999395403e+01
5.096750675210840598e+01
5.100654042709299318e+01
5.102095774280097373e+01
5.105422773523068258e+01
5.108502145227141256e+01
5.106208287460750483e+01
5.102769274291633650e+01
5.106478050813577596e+01
5.108047340129103020e+01
5.108734668244388644e+01
5.105534233643658126e+01
5.100325289552385755e+01
5.100538098407225363e+01
5.095099545680581343e+01
5.080759826750307440e+01
5.084303789607152169e+01
5.090048824054461107e+01
5.095042327612654276e+01
5.083199824155877167e+01
5.087641428344705474e+01
5.075043923811799829e+01
5.067290904924772121e+01
5.066521759721251073e+01
5.071210126065772528e+01
5.077681207335891145e+01
5.097305375584227249e+01
5.102950185635703662e+01
5.094422523143099824e+01
5.092251520524475694e+01
5.092391754634947887e+01
5.094863204255241129e+01
5.095680389743233718e+01
5.095267985027039259e+01
5.085077484195600306e+01
5.086373215495883926e+01
5.093094038132977630e+01
5.112958074725489865e+01
5.102735430081736467e+01
5.091675327822935770e+01
5.095802728903231582e+01
5.102100894967196609e+01
5.102543922293145329e+01
5.100950324549665282e+01
5.102669917517840759e+01
5.093376535514028092e+01
5.086532031428379241e+01
5.090461629658878451e+01
5.088991097914740180e+01
5.094477179358981545e+01
5.091052534630542681e+01
5.093484875951637747e+01
5.092686747799169211e+01
5.093910695186723103e+01
5.096573578301039475e+01
5.103026862421192789e+01
5.104221099934466821e+01
5.093746020784941919e+01
5.100327791688256696e+01
5.085094144414374284e+01
5.090305727520831880e+01
5.083750508472486729e+01
5.085192286496139502e+01
5.077990670109693383e+01
5.073324947237857430e+01
5.077198865720369270e+01
5.081248238452305799e+01
5.084648589695177634e+01
5.079573866896985379e+01
5.075228697376314102e+01
5.074343222005322929e+01
5.077262406463529487e+01
5.063856813505277898e+01
5.069361717558946623e+01
5.061229978102368676e+01
5.049469028075335331e+01
5.047529794308397300e+01
5.041206925231158920e+01
5.041556023083881399e+01
5.045309697784021097e+01
5.035751685103861064e+01
5.028856859633300047e+01
5.031664097219502452e+01
5.026988923139089138e+01
5.022875032688592256e+01
5.016698082762083288e+01
5.006855637222567168e+01
5.017420872731064208e+01
5.017607334097984761e+01
5.008721014351823442e+01
5.006536214331807599e+01
5.001529445844093402e+01
4.990257796866293916e+01
4.997977507868278479e+01
4.995285529442088546e+01
4.992503306636104554e+01
4.991126980762102505e+01
4.982316562097020807e+01
4.972945839033560134e+01
4.978560503190314535e+01
4.976714362447253137e+01
4.969162105491859194e+01
4.959304246172401065e+01
4.951097987152675017e+01
4.965249900836575847e+01
4.939800004083911489e+01
4.918590173729160853e+01
4.921949484257446272e+01
4.919449279958614341e+01
4.898508504291351073e+01
4.898133059084683083e+01
4.909328102788794013e+01
4.904236052576894167e+01
4.898461969672623439e+01
4.874477618563186354e+01
4.862325262429849460e+01
4.853567817291966691e+01
4.853687643613288571e+01
4.842318636335222948e+01
4.833162638278539447e+01
4.822769131823961430e+01
4.810203203623858315e+01
4.798524986054179209e+01
4.776901611686124483e+01
4.771190653844139007e+01
4.758948297429462571e+01
4.771390568649839281e+01
4.753134056037041688e+01
4.744387174122433493e+01
4.733970757633075266e+01
4.718379911147946615e+01
4.718977132754528725e+01
4.723292193621271196e+01
4.721441400339327288e+01
4.717698454439918976e+01
4.723802011952512458e+01
4.721523380672165615e+01
4.720652363219495840e+01
4.718625750626872417e+01
4.712283686075205935e+01
4.698917528624945561e+01
4.682108499487030429e+01
4.682141642499097145e+01
4.683464400373289749e+01
4.681254540146949950e+01
4.675323368948934188e+01
4.676009923918447697e+01
4.667262610970121983e+01
4.674254470399942818e+01
4.673162266856996894e+01
4.673836643780361300e+01
4.671932461429305050e+01
4.668696409526913982e+01
4.682300547875371421e+01
4.677922446766404363e+01
4.672760733344373563e+01
4.685349556340665345e+01
4.681857301456983578e+01
4.682135031658782509e+01
4.672114033261561161e+01
4.680593953336020974e+01
4.678159867639269009e+01
4.673615881984179765e+01
4.668834508903269409e+01
4.668008148311568561e+01
4.662262939371068882e+01
4.650124460645312752e+01
4.653552639689598891e+01
4.657083389103414817e+01
4.652737977765266209e+01
4.645853430771601467e+01
4.639359619505690802e+01
4.636842388211449872e+01
4.641397384255299130e+01
4.637860111114511596e+01
4.635462581628210899e+01
4.630427967889680474e+01
4.622710780490147897e+01
4.616101846905323214e+01
4.618077519097018069e+01
4.616656519563846217e+01
4.621864912155826488e+01
4.620182362694556844e+01
4.615686275601768784e+01
4.617086370584740251e+01
4.616283385919048499e+01
4.614655639618215588e+01
4.608757265510683965e+01
4.603603567998964508e+01
4.614275277682745013e+01
4.607484373658598997e+01
4.605768382088686508e+01
4.614675463116760312e+01
4.618162017324471691e+01
4.615665132966027784e+01
4.611096302399391789e+01
4.615346984971638022e+01
4.608497799461466826e+01
4.601350086393151884e+01
4.600482038577101207e+01
4.603948434015762103e+01
4.601242097358814931e+01
4.597275583014991440e+01
4.596580471120299194e+01
4.593677270428550941e+01
4.596533254527836476e+01
4.607893871177629563e+01
4.611540786127672931e+01
4.604373021207921823e+01
4.603707628674332852e+01
4.595339915306870182e+01
4.596009346088231240e+01
4.602781738943938450e+01
4.597307582743798093e+01
4.596793129674590261e+01
4.602223118442170602e+01
4.612212234966590785e+01
4.609495595226709241e+01
4.598899956895418484e+01
4.607768316998581071e+01
4.607860014559373951e+01
4.608043917830576675e+01
4.593324651623792221e+01
4.589663627647712474e+01
4.593842457936433021e+01
4.593565522572348669e+01
4.593545180778461656e+01
4.593502528544338048e+01
4.589621275453097837e+01
4.600302533399020888e+01
4.603759512583465607e+01
4.606181868513642996e+01
4.613400628367617173e+01
4.604028556806874661e+01
4.596628450577718183e+01
4.592926454441045792e+01
4.593934077154960960e+01
4.592112581626867041e+01
4.586509857592287176e+01
4.586891762185389609e+01
4.578497461619507902e+01
4.574031741859967326e+01
4.567142141352357498e+01
4.576644682845599021e+01
4.576993302853905732e+01
4.591512229162994885e+01
4.593903149341837633e+01
4.586912890468548198e+01
4.591963789039949262e+01
4.598755764827796355e+01
4.603680684903935827e+01
4.594218616907825492e+01
4.590174124688395096e+01
4.583296793832078464e+01
4.577964589691899988e+01
4.575513727073602865e+01
4.579409892912614310e+01
4.583125114922181353e+01
4.581272559334327354e+01
4.578052310203407416e+01
4.574708325539970133e+01
4.589671142236913681e+01
4.582465348527164650e+01
4.590142216160779753e+01
