nan
nan
nan
nan
nan
nan
nan
nan
nan
nan
nan
nan
nan
nan
nan
3.787685958866478408e+00
5.849874340933689076e+00
7.768321732753650011e+00
8.898229281949173952e+00
9.856277607505880667e+00
1.018264225659284783e+01
1.092620979369651124e+01
1.197489581407609371e+01
1.320558490775330363e+01
1.425889429495997263e+01
1.509153906690312752e+01
1.587245227334253705e+01
1.667882739465184017e+01
1.746836749535677313e+01
1.832975518590385278e+01
1.900214728490069760e+01
1.963728706711214755e+01
2.037690139045849591e+01
2.097898324347423937e+01
2.149285332561661832e+01
2.199632219323530435e+01
2.257624321908887666e+01
2.317761402760683964e+01
2.371284026854998217e+01
2.408529442614519667e+01
2.473634525995722555e+01
2.521748391831405200e+01
2.585809051059393937e+01
2.630693706919876007e+01
2.688211483708839111e+01
2.744042619625077606e+01
2.791046983472391929e+01
2.826160167100977816e+01
2.873820963045404042e+01
2.917084141270220954e+01
2.955408489160212326e+01
3.009313835399192527e+01
3.047355043963768750e+01
3.083566928990910583e+01
3.131315085460458292e+01
3.169296878538322559e+01
3.206190432799522938e+01
3.252139939115801326e+01
3.296755093480720689e+01
3.325793948887152851e+01
3.366051135680659456e+01
3.393249579882390776e+01
3.431600519523627213e+01
3.473171114879476562e+01
3.511442355132197690e+01
3.549851656889519091e+01
3.577850775791817028e+01
3.601224420436173546e+01
3.630365611913187962e+01
3.679676674213826004e+01
3.707111062862873041e+01
3.737150280633255051e+01
3.765799273300548577e+01
3.805171240781131559e+01
3.840908100165502503e+01
3.874008930543341478e+01
3.918856052398388101e+01
3.960503035242760461e+01
3.987192373934835388e+01
4.027297289181557716e+01
4.054972528971807577e+01
4.090014917966151131e+01
4.120735328457892876e+01
4.161962622812286838e+01
4.191902942576860625e+01
4.225490606943794347e+01
4.252142045120071145e+01
4.286898813461473168e+01
4.323459829116195863e+01
4.350007340975214021e+01
4.374545055863806908e+01
4.404369369407537249e+01
4.424984651198646901e+01
4.453579799654620786e+01
4.475031879551111302e+01
4.505414614721543387e+01
4.536831842235695689e+01
4.556087155038156311e+01
4.575549634001164634e+01
4.600633464954102436e+01
4.617072116706390972e+01
4.640868983430065953e+01
4.671111216303076219e+01
4.694358873942837818e+01
4.714927518922156224e+01
4.732999763164329465e+01
4.750930075049744516e+01
4.771345093302524987e+01
4.792819562339891348e+01
4.811646498399988303e+01
4.835808963943860306e+01
4.851735515616971384e+01
4.874544608538403168e+01
4.894694479560302369e+01
4.914995491664728888e+01
4.930547788054410319e+01
4.951560825817576017e+01
4.971201855321714191e+01
4.986981355785049885e+01
4.996903543044594898e+01
5.014010339565477636e+01
5.028520361191988997e+01
5.044895099682444339e+01
5.060817314351999840e+01
5.075509559319183950e+01
5.090675246153994493e+01
5.111836564615848033e+01
5.133574292750608947e+01
5.159118851067275813e+01
5.183803805352122396e+01
5.202396680189250588e+01
5.229057453939529410e+01
5.253396986135651758e+01
5.274076124822587275e+01
5.300410194926999452e+01
5.330838990710778091e+01
5.355256200818004686e+01
5.377755981516143180e+01
5.403045254367366113e+01
5.418789136674705276e+01
5.440778796116766358e+01
5.455557174958787670e+01
5.468897633948858328e+01
5.485648415199472083e+01
5.503398415185220216e+01
5.518487478143430280e+01
5.538573393998053973e+01
5.556795670000585119e+01
5.562978359483697943e+01
5.569107312299002643e+01
5.584577886172311167e+01
5.599369322116294967e+01
5.606898892180881688e+01
5.609023629273801959e+01
5.625056001472110978e+01
5.626497698436221384e+01
5.645630164019205210e+01
5.645995926573903745e+01
5.661747661327522962e+01
5.666864442632528664e+01
5.677276953898410028e+01
5.681518267295328428e+01
5.697085950404448340e+01
5.708806400676724735e+01
5.726027798535197633e+01
5.731177240324688427e+01
5.738802672984321163e+01
5.750079515765456506e+01
5.756343640037235332e+01
5.759933262420595668e+01
5.780379730504009217e+01
5.791845582444454266e+01
5.806860325028792147e+01
5.805915463412035393e+01
5.813608552826411824e+01
5.828807591179889869e+01
5.835044330688533876e+01
5.848184154988486938e+01
5.855769007097575241e+01
5.867825742903466590e+01
5.879823508073954486e+01
5.887525123260449789e+01
5.892822887786780939e+01
5.902646749464741305e+01
5.919411031290018599e+01
5.927795518637007888e+01
5.937898057573846700e+01
5.950831284106553198e+01
5.958516988817287086e+01
5.964526952890869893e+01
5.978695503542417100e+01
5.987608610778767115e+01
5.992949451588742704e+01
6.001472944280101984e+01
6.005066354808464268e+01
6.011528048131659574e+01
6.019240914464696601e+01
6.027912868682632563e+01
6.033206581597797680e+01
6.032439224482173756e+01
6.034573559418199551e+01
6.029816092819285700e+01
6.034562649302749548e+01
6.044260717533283866e+01
6.051428446271141581e+01
6.061758853366733746e+01
6.054171394313124210e+01
6.065991654845370817e+01
6.066692831197129010e+01
6.067655742538670438e+01
6.079873732153528465e+01
6.082079486363985410e+01
6.087177342260417845e+01
6.083190845221704279e+01
6.090587325374603012e+01
6.097603178460324358e+01
6.099490196786992158e+01
6.108495812727307595e+01
6.113822030714492684e+01
6.116418423267425908e+01
6.128029590075678357e+01
6.128576189506411254e+01
6.135057285880739641e+01
6.148211560950550592e+01
6.150989134222059107e+01
6.163666594876644922e+01
6.168155452465433086e+01
6.177167198062907261e+01
6.189880593934769593e+01
6.207847374281683273e+01
6.204643332005647238e+01
6.217747687631972298e+01
6.231075349063460322e+01
6.238852822194071024e+01
6.257944473322029921e+01
6.268387908294690192e+01
6.280512186399533192e+01
6.284461575430568558e+01
6.291884925972102849e+01
6.303422981889035981e+01
6.313701322661913196e+01
6.324289831798456163e+01
6.330674111054552355e+01
6.337816923918288836e+01
6.353031450464457919e+01
6.359581176615300535e+01
6.357807572272962915e+01
6.361494275952180288e+01
6.373536354525835179e+01
6.389335484807157428e+01
6.388793049270823587e+01
6.412130156162807282e+01
6.410779139082124800e+01
6.418993117293130979e+01
6.433359586057474644e+01
6.447924111069205821e+01
6.457769843078578731e+01
6.468427768758094487e+01
6.472486802302719866e+01
6.490304653637574006e+01
6.499862807243214036e+01
6.515849098193133671e+01
6.521226587662863494e+01
6.526889429294701017e+01
6.542980455931693484e+01
6.555882889501171462e+01
6.564005990381858169e+01
6.580791769077148956e+01
6.585882286544733688e+01
6.594866432149675006e+01
6.603479312781865929e+01
6.616905621411359562e+01
6.619710326488967667e+01
6.630526023271079339e+01
6.647015701983006863e+01
6.643246496611752150e+01
6.657780564261550182e+01
6.668712035909007341e+01
6.673645384837483618e+01
6.681435700443445569e+01
6.698394197618287649e+01
6.707709080675088842e+01
6.717479976379084405e+01
6.730052537946708924e+01
6.738466208549272096e+01
6.761693644615935739e+01
6.771998767257854013e+01
6.780995080640563799e+01
6.796067348597982516e+01
6.806726043575901031e+01
6.807784493328718156e+01
6.827172113325850944e+01
6.830339000918040426e+01
6.839804098745075578e+01
6.847112323840389081e+01
6.854155793228316895e+01
6.868011089776270239e+01
6.877874717408464278e+01
6.878649022466561291e+01
6.889186580653563396e+01
6.891896490443119205e+01
6.895771053081233504e+01
6.901091103134135096e+01
6.905854263659072956e+01
6.916325033808811895e+01
6.920400117466034828e+01
6.925618822506400818e+01
6.932598257975870126e+01
6.934087256480367500e+01
6.951273503755781746e+01
6.955334362250373204e+01
6.961460982551737686e+01
6.967666332725491429e+01
6.975793855027436052e+01
6.972719098368247614e+01
6.980399367989868153e+01
6.989191978736924682e+01
6.990803765678799664e+01
6.995066171763055252e+01
6.998261853759375128e+01
7.004233111448313309e+01
7.011431638901889585e+01
7.016826067994406912e+01
7.029488414744929514e+01
7.034206379328706760e+01
7.038291995554510549e+01
7.042901948840884074e+01
7.057068168143214848e+01
7.057279672128211701e+01
7.072044399698835093e+01
7.069656386440246365e+01
7.070925991251709775e+01
7.084561752287913805e+01
7.084946752709691964e+01
7.096310984382968456e+01
7.101874504855925352e+01
7.108386220674222500e+01
7.107268132267351746e+01
7.114975097320849784e+01
7.116301720815029341e+01
7.120355591332763368e+01
7.129340515541730383e+01
7.130390415363375212e+01
7.136288497043628354e+01
7.130526595053424899e+01
7.129032578194936320e+01
7.134810718100106897e+01
7.133945565968279823e+01
7.137980043848710920e+01
7.137794726435004122e+01
7.141466795664727840e+01
7.144786214091952559e+01
7.146950020148803162e+01
7.152622584863036082e+01
7.159683107169287553e+01
7.166495139792149871e+01
7.172031796777163493e+01
7.179731144661526798e+01
7.185861202439970441e+01
7.197911006523654009e+01
7.194312785507055708e+01
7.203793054110460048e+01
7.210265126740711139e+01
7.217032299823934238e+01
7.230391010836963517e+01
7.229263749235910552e+01
7.234759652009621789e+01
7.239850516227392063e+01
7.250688516151188878e+01
7.255196871600405473e+01
7.260998798639131735e+01
7.268314001570776384e+01
7.270463394385367906e+01
7.272226739450761102e+01
7.282756915193206737e+01
7.287043923551929936e+01
7.292699782043762013e+01
7.296928615214032732e+01
7.307243348285949480e+01
7.303391706888211843e+01
7.313999154159814964e+01
7.318053763354053842e+01
7.317765298362196802e+01
7.321225308697803769e+01
7.326705980477254343e+01
7.326952818035476866e+01
7.323387532991118576e+01
7.325836972863628205e+01
7.329551110876958830e+01
7.330570643637949502e+01
7.332931998217721059e+01
7.326701924803199972e+01
7.328280895946620888e+01
7.340190627198934692e+01
7.338335723074587236e+01
7.340808436915327206e+01
7.341529668159778055e+01
7.345252872638981501e+01
7.351777897344106805e+01
7.361555121944344648e+01
7.372512143895461634e+01
7.380252888919640952e+01
7.393031833848289125e+01
7.401278300592503001e+01
7.406137909654961504e+01
7.417577784602124780e+01
7.421865338079474839e+01
7.431348690630380815e+01
7.432286647892932763e+01
7.431622387964145560e+01
7.438500434047804788e+01
7.438936297140749332e+01
7.447656919321350699e+01
7.444973168218079707e+01
7.455927194884274911e+01
7.452796135761123253e+01
7.458574848068670349e+01
7.458047081626112629e+01
7.464607056085969816e+01
7.466466456771978244e+01
7.464028531020902335e+01
7.468428657952223659e+01
7.472297297314489128e+01
7.479182809721876879e+01
7.473948698771911836e+01
7.483040874696001765e+01
7.480099361206831077e+01
7.494514581479523940e+01
7.499079690697911360e+01
7.503238392701817361e+01
7.505707998219043020e+01
7.513985342717975868e+01
7.518524981621810355e+01
7.525858689022111037e+01
7.524360979904078306e+01
7.533657255246059492e+01
7.530134577694897757e+01
7.543504977461425653e+01
7.545626275092961066e+01
7.546441586258848133e+01
7.556774792851214784e+01
7.561493683600548366e+01
7.568373452583072947e+01
7.563277921487264166e+01
7.570925698356803935e+01
7.569432418503599536e+01
7.581654869660026463e+01
7.578784335918936677e+01
7.585863028496596883e+01
7.591965140490250974e+01
7.591272072395527459e+01
7.590958750610299433e+01
7.589441757676883071e+01
7.593794859892996385e+01
7.586266016000314494e+01
7.587691044163770471e+01
7.591879387957841629e+01
7.588770442289676055e+01
7.594671356554843555e+01
7.597694984654584971e+01
7.593796889015722229e+01
7.589986206683879288e+01
7.592569367137096492e+01
7.597557253790719756e+01
7.608623317059708313e+01
7.609222843030622130e+01
7.612658747233744805e+01
7.617985974774208557e+01
7.622682697985420930e+01
7.619012559331495993e+01
7.618376230126483506e+01
7.631958334584962245e+01
7.632078688119538867e+01
7.642371793525452972e+01
7.640026374642773987e+01
7.646343644654564287e+01
7.641608372765308843e+01
7.658851425420378689e+01
7.659860803328352574e+01
7.665753322558913396e+01
7.666028554224716629e+01
7.674415393044039035e+01
7.672850507787619279e+01
7.688816072936197088e+01
7.686280705707602579e+01
7.694909844926684173e+01
7.702183924597599685e+01
7.700989108754072276e+01
7.704262874820052787e+01
7.708789104596665709e+01
7.711485650015967508e+01
7.714186123271467466e+01
7.717260009591346659e+01
7.720531126373717257e+01
7.721713747602245803e+01
7.727587590231293291e+01
7.731776536259893362e+01
7.738841851058722909e+01
7.747051076521812263e+01
7.754158171084755224e+01
7.763664689633203864e+01
7.769074679161364827e+01
7.776999245664963212e+01
7.786675631219257809e+01
7.793769424009656177e+01
7.793477839320570411e+01
7.800249481988623756e+01
7.809848820562973515e+01
7.819765858996453289e+01
7.826648925727218398e+01
7.837011119540365200e+01
7.850379170493505399e+01
7.854690108151172012e+01
7.865517108994049522e+01
7.881883746194138496e+01
7.889657350264018021e+01
7.897595694672322963e+01
7.906938375936614705e+01
7.908870768757032010e+01
7.910282636741855811e+01
7.910307414091877831e+01
7.916206482546175494e+01
7.918976230304272690e+01
7.918728315748397506e+01
7.927440063622339039e+01
7.932962780639954303e+01
7.934785283745412698e+01
7.938443159546439176e+01
7.944751462827576916e+01
7.951491459531149530e+01
7.960179136797856358e+01
7.966379267661552888e+01
7.976051434000245877e+01
7.984304887086238978e+01
7.991443764390085391e+01
7.999137112841846431e+01
8.009258537979584958e+01
8.012153145039832225e+01
8.022301373816446812e+01
8.026253608743945733e+01
8.024990718553395652e+01
8.033984786313351378e+01
8.036183713252093241e+01
8.036380942865328336e+01
8.041599800834453049e+01
8.044415216099136501e+01
8.047638566581041175e+01
8.051364960637563684e+01
8.056362638928166575e+01
8.053694796732958139e+01
8.054579257912998003e+01
8.064963304149910073e+01
8.068627534098084197e+01
8.068392422045575074e+01
8.070503492346274754e+01
8.072567724230003705e+01
8.073785775702627632e+01
8.082316824374215969e+01
8.082020498237486095e+01
8.085845720487985488e+01
8.090733724383530046e+01
8.091120530864851901e+01
8.105492317892057486e+01
8.115648494523547640e+01
8.116524294026130804e+01
8.127237272266708601e+01
8.141779135349241869e+01
8.147714115344506070e+01
8.157792306070027166e+01
8.164922023245274829e+01
8.177811286607423824e+01
8.182096016852682396e+01
8.191560133594595072e+01
8.200800824821830304e+01
8.203814325940641083e+01
8.212110395285938580e+01
8.221065237109220902e+01
8.229359940501899473e+01
8.231365835290185373e+01
8.230564903756682327e+01
8.237286588789856978e+01
8.244259941711625572e+01
8.244167156617042735e+01
8.256123414511991143e+01
8.258166689596590970e+01
8.260022267447274658e+01
8.262705596936862662e+01
8.260568946550118596e+01
8.261167562934868158e+01
8.263840973769180209e+01
8.264554520492981737e+01
8.263900531894725532e+01
8.261672307454222164e+01
8.261223504197417355e+01
8.262845145590574703e+01
8.255000923895801179e+01
8.254857610775997045e+01
8.258171513436103339e+01
8.256977168498708863e+01
8.255432740928011981e+01
8.257308049580321097e+01
8.253859052922025796e+01
8.254250950887528404e+01
8.256663026019039364e+01
8.257097846312117895e+01
8.257605964971276080e+01
8.260444483396622672e+01
8.262941588167474549e+01
8.266558346880621855e+01
8.268785410778356493e+01
8.270995590906092332e+01
8.276063544598207500e+01
8.273119740967190694e+01
8.277271835190036597e+01
8.270706130298113123e+01
8.270518969361160089e+01
8.267469672574536332e+01
8.264359200640585357e+01
8.257671338084952595e+01
8.256562188835025040e+01
8.242103200171307265e+01
8.240181514107759142e+01
8.237049474280837558e+01
8.230316506113868513e+01
8.232572953107782610e+01
8.230972694993597827e+01
8.231002820225434391e+01
8.230703761511313132e+01
8.232465247092856941e+01
8.232381491962128450e+01
8.230346361978611469e+01
8.232138085940616179e+01
8.234954465814249147e+01
8.233866143821539652e+01
8.234920358671782026e+01
8.237777925042715310e+01
8.240037068672774012e+01
8.241097017253689216e+01
8.245602389285821232e+01
8.248764814766035158e+01
8.245811028804070020e+01
8.251800799264252362e+01
8.262242752868564821e+01
8.262608494583987806e+01
8.269090447136608191e+01
8.270919449623606567e+01
8.281191517681222081e+01
8.279631994326712174e+01
8.284405363648345144e+01
8.288874214005383578e+01
8.292641240742860020e+01
8.293199429987959093e+01
8.301169292197231186e+01
8.301146761172699939e+01
8.302668794353706971e+01
8.303838446696708786e+01
8.307469690567376119e+01
8.308592296849468539e+01
8.308512186920671638e+01
8.313828124070316505e+01
8.316829344854363626e+01
8.314449825482969914e+01
8.317107831961446607e+01
8.314224061600168625e+01
8.314876033069459993e+01
8.315821010913134614e+01
8.311411018014379692e+01
8.314145410576024631e+01
8.311872192691332373e+01
8.306525849385715787e+01
8.308181093896327241e+01
8.305418463811273000e+01
8.301632994210950756e+01
8.303765361501395148e+01
8.303963650677562214e+01
