1.516117332560093303e+02
1.431588117885193299e+02
1.409087417226138541e+02
1.387045911303220294e+02
1.371866792446711258e+02
1.368771075675013265e+02
1.363418101108746328e+02
1.346767739611691468e+02
1.268547383037692953e+02
1.318719489819793580e+02
1.299428163744937592e+02
1.220667160317225921e+02
1.212502373355147824e+02
1.237957165402415001e+02
1.243398197511057504e+02
1.187638150280199056e+02
1.135172468728365942e+02
1.223161859764567510e+02
1.281454213458102345e+02
1.291672090976105665e+02
1.230586597995864935e+02
1.202164651993476809e+02
1.170749569020836276e+02
1.200920776939229597e+02
1.157949349939556498e+02
1.167364409486694399e+02
1.158634027150638985e+02
1.098932277929489629e+02
1.181558307507299475e+02
1.175966863690427431e+02
1.168597193677530583e+02
1.163965668630116568e+02
1.218279662814062476e+02
1.215576862413289945e+02
1.192882389420711604e+02
1.135869781580647668e+02
1.234568954132619467e+02
1.235272184242225535e+02
1.177911904613474690e+02
1.246124609981163758e+02
1.263883184825895825e+02
1.324230533220634243e+02
1.307032859679656269e+02
1.323170569424414111e+02
1.290966824565272759e+02
1.228749275750152492e+02
1.204188103517825255e+02
1.256735674302999257e+02
1.242553296529866174e+02
1.239388924591630854e+02
1.228703463754086158e+02
1.253454704992390703e+02
1.240055263514346109e+02
1.247903543416908860e+02
1.195715589813453903e+02
1.128318292171303057e+02
1.176009560312185300e+02
1.177990613852544612e+02
1.152799645079605995e+02
1.172820509422715531e+02
1.113254234403977136e+02
1.066195021159427796e+02
1.013542154322643682e+02
1.072525812684738611e+02
1.045634087010776909e+02
1.036592833219595491e+02
1.087931142084373732e+02
1.104355604441816752e+02
1.146946133649603610e+02
1.181137941681686527e+02
1.191178500435620151e+02
1.125661757968959478e+02
1.176866252791623424e+02
1.185329148262142667e+02
1.136558185851890102e+02
1.090284068363967691e+02
1.116463065327129414e+02
1.104595686709573101e+02
1.041287195150747920e+02
1.059699020798295805e+02
1.057328341877701234e+02
1.099378260428662344e+02
1.096637033161943577e+02
1.116292309732166075e+02
1.095613282363278529e+02
1.095774390066753199e+02
9.861347452295964899e+01
1.007837333471240697e+02
9.965488090388107878e+01
1.043410465375671521e+02
1.071375548711111065e+02
1.060884084646820185e+02
1.058496041881473531e+02
1.092817768397643476e+02
1.106301951750033510e+02
1.084689836279656703e+02
1.108486385901132536e+02
1.130087991538716778e+02
1.120988385277632347e+02
1.092212060172062564e+02
1.055058765366840987e+02
1.021751176782696007e+02
1.020666381098176743e+02
9.817896009051536055e+01
1.032443151141780078e+02
1.048986653988044822e+02
1.061638662414820686e+02
1.086475090150051557e+02
1.110453736271807230e+02
1.114351257091223601e+02
1.094788996359715014e+02
1.093129116373676197e+02
1.097395037699957925e+02
1.097401975332125232e+02
1.067853797363924571e+02
1.091770469997296686e+02
1.051505023517264732e+02
1.081949586746734440e+02
1.123593349628200428e+02
1.100219902988880278e+02
1.030106884207408342e+02
9.973121227456587690e+01
1.005118311457654272e+02
1.018070598351265375e+02
1.017532160765807419e+02
9.671916291533047172e+01
1.029960353927923933e+02
1.027782589687966919e+02
1.066532830359499684e+02
1.025809892407047528e+02
1.082217925611059428e+02
1.085870030780315716e+02
1.087937887157874712e+02
1.003028727250578953e+02
9.670648104380025245e+01
9.343281000490428312e+01
8.840526345877535164e+01
9.059974856516241459e+01
9.651505064844221238e+01
9.687596023112378418e+01
9.672690322623250836e+01
9.663841064894162969e+01
1.011773635195435475e+02
1.006276120556623397e+02
1.009805166192961536e+02
9.762907288220648638e+01
9.984940669483884790e+01
1.005360585540594656e+02
9.745267825617177948e+01
9.449979037607732835e+01
9.006714956448338683e+01
9.192629798062482394e+01
9.235692708463440681e+01
8.846555514198065850e+01
8.620712845342083597e+01
8.459608027019228871e+01
8.489177792246064769e+01
8.616962131385976420e+01
8.528654166130547765e+01
8.190673357173234592e+01
8.185204317968171495e+01
7.934350120522502436e+01
8.273454609576441499e+01
8.137958400174781559e+01
8.063129584797701455e+01
8.939942193998039954e+01
8.974277130736261654e+01
9.030616644902660539e+01
9.287070923261380528e+01
8.895315881691784909e+01
8.542606807528073887e+01
8.977039052048785095e+01
9.278489095978278556e+01
8.516102897341885125e+01
7.811545673114625288e+01
8.592333043348206445e+01
9.279925753197157690e+01
8.922502798853265915e+01
9.260881873332976966e+01
8.808092160409789528e+01
9.139616428818040106e+01
9.196838927379430118e+01
8.387909151273673558e+01
9.367888643990804098e+01
8.944458417339450307e+01
8.972487224716336129e+01
8.952426224048826953e+01
8.938217837788275233e+01
8.986912158202517276e+01
8.774404102787825366e+01
7.984286241293341391e+01
7.505370089716821269e+01
7.038902680687620261e+01
7.311804515404944027e+01
8.446196068134420898e+01
8.868053737255834790e+01
8.739077547740639318e+01
8.954706328955452932e+01
9.021363951352404342e+01
8.845002703756952656e+01
8.635467536141223377e+01
8.853023296530815855e+01
8.684651430396549188e+01
9.074359967426036633e+01
8.581004786313958732e+01
8.181354948964217044e+01
8.199375790669007813e+01
7.977096983170788747e+01
8.198593984214727470e+01
7.640956301643601023e+01
7.823157448362827893e+01
7.792642825860200162e+01
7.455848292917126230e+01
8.329011011301844292e+01
8.461996083961054183e+01
8.089751616539173540e+01
8.136114838106561820e+01
7.742277184012404234e+01
7.904193560439689747e+01
7.392895019530796219e+01
7.741274362207201420e+01
8.066646612821742224e+01
8.147062132346658814e+01
8.012872326119180855e+01
8.270669165928624977e+01
8.192815689819992997e+01
8.204785650095685412e+01
8.545668280547380391e+01
8.627186194251079598e+01
8.031466975816736920e+01
7.878137323838343775e+01
7.882382859031683608e+01
7.972937213646180510e+01
7.809561624218849829e+01
7.878053794237041529e+01
7.737702059380784192e+01
7.912250075432361029e+01
8.650241661676253102e+01
8.608217832801334168e+01
8.492338225836377319e+01
8.680645239105234623e+01
8.504505796396280459e+01
8.499747256133763074e+01
8.733591271712369064e+01
7.955180778858627377e+01
7.597148223468320793e+01
7.536673638844034429e+01
7.638397274960296102e+01
8.064509162897705608e+01
8.607977655151226770e+01
8.608080254877330617e+01
8.265792098592260118e+01
7.841691011046516735e+01
7.825571184229255550e+01
8.369647655991683166e+01
8.368746093957058463e+01
8.590666591020999476e+01
8.574825861703885721e+01
8.137699993094322792e+01
8.149584079423588889e+01
8.054929353792778102e+01
8.439315978587968914e+01
8.285988784187557599e+01
8.701012646276700480e+01
8.990788078740028766e+01
8.769672405649313873e+01
8.498674635980937353e+01
8.551186009418654521e+01
8.484272521275491385e+01
8.512436130195017370e+01
8.034683642297618178e+01
8.203595848792174650e+01
8.510363598484343584e+01
8.597795261677991618e+01
8.859957454132941734e+01
9.163314408876888706e+01
9.346408806548950565e+01
9.348563394721450948e+01
9.393287239164381219e+01
9.201188940983483633e+01
8.879745868089294447e+01
8.822819479687498756e+01
9.126044986298343531e+01
9.310234374811817304e+01
9.134156795063795187e+01
9.324118564706637358e+01
9.114152864484256611e+01
9.011381345319277614e+01
8.660740375789674772e+01
8.102535544805597567e+01
8.432295899992126920e+01
8.455155203561987776e+01
8.174904221570491814e+01
8.487095773111131791e+01
8.248980732967655172e+01
8.473289808682561386e+01
8.156623540934346295e+01
8.658268612671690789e+01
8.611137790906541056e+01
8.802448120791797237e+01
8.436955440855639665e+01
8.152077807137692389e+01
8.316578624572747458e+01
8.730016709839128453e+01
8.664700951877287594e+01
8.835593748550536475e+01
8.370219475543979115e+01
8.698401019578240323e+01
8.539486964294756888e+01
8.900555482942850460e+01
9.184787798974294049e+01
8.908263717840721085e+01
8.722148865228722059e+01
9.357887650249533351e+01
8.552011152710390718e+01
8.726677562602847615e+01
8.922014855546065348e+01
8.652512556422693990e+01
8.323545166233513726e+01
7.835225581886740542e+01
7.755566795325746909e+01
7.908555544394867809e+01
7.641690284293635216e+01
7.521798681628136762e+01
7.536737904472846594e+01
7.558905578247070878e+01
7.814492797836328464e+01
8.142161956783428423e+01
7.679646928756319824e+01
7.401744062599479435e+01
7.261023531612278248e+01
7.502879122618780627e+01
7.621028170487230113e+01
8.034796739650430197e+01
7.931394914314240907e+01
7.741265669672749539e+01
7.867840398586444906e+01
7.946321222959014108e+01
7.860175443969338005e+01
7.864050073509318395e+01
7.695993817864952291e+01
7.916552959079027119e+01
8.222026608126833480e+01
7.748078848939518082e+01
7.412808570050553669e+01
7.154924650611013703e+01
7.779950488605315684e+01
8.133730996451166106e+01
7.938479612455222423e+01
7.668646295360166221e+01
7.512337874706217633e+01
7.660339042449970748e+01
7.518836175829477497e+01
7.510371742508779391e+01
8.111261141322671619e+01
8.111092780765297050e+01
8.077396272520915943e+01
7.118463847327025462e+01
6.934985256743510718e+01
7.257035590082931265e+01
7.449422834441615748e+01
7.636188536243594172e+01
8.197889198560672241e+01
8.158236419874980072e+01
8.395145409898455569e+01
8.774562344174064776e+01
8.601299297567770452e+01
8.453539429853516651e+01
8.335013722893887689e+01
8.603224270540403040e+01
8.558204817325311353e+01
8.980330704036188649e+01
9.064948492594601248e+01
8.746241632901387675e+01
9.033875285344454653e+01
8.887549570613471417e+01
8.961748992953916115e+01
8.663903802393775777e+01
8.850500613264838989e+01
9.231510682111247945e+01
8.680184469190471930e+01
8.135996710987730296e+01
7.967643846644527628e+01
8.522195209518417869e+01
8.667087696770713023e+01
8.510287009959289151e+01
8.486913680537020355e+01
8.262150343462531055e+01
8.031320343310166265e+01
7.928956830075954088e+01
7.701301675421252924e+01
7.545790637305226767e+01
7.214045699881022244e+01
7.062432697298524431e+01
7.336546346698052901e+01
7.931991312886894718e+01
7.771077522000904025e+01
8.051137755778907490e+01
7.536568066412436906e+01
7.916616994395698725e+01
7.944151395578373354e+01
7.757701894630197614e+01
7.653278185615201323e+01
7.595109124381119159e+01
7.891185208710508903e+01
7.065753523315243001e+01
7.768680592407405072e+01
7.948584049587928746e+01
7.668132924117306004e+01
7.853903859018528522e+01
8.585825282511514445e+01
8.417608227433906620e+01
8.174968968916520851e+01
7.846050133743098343e+01
7.775305470961085064e+01
7.919744137530877026e+01
7.730104860392042099e+01
7.924649766927093708e+01
7.749580788537980425e+01
7.946107038075979290e+01
7.966785526266409079e+01
8.137901819042939167e+01
8.460977210967931228e+01
8.525409578763979823e+01
8.406497993913507116e+01
7.819622853271404495e+01
7.981581959072138943e+01
7.973279883995279249e+01
8.091812213321274783e+01
8.376696626181576733e+01
7.886404822220843869e+01
7.969472347707529991e+01
8.265534875363142930e+01
7.823181788627422861e+01
7.886365661757491807e+01
7.661363913238010070e+01
7.919114744407501405e+01
7.945022885732755924e+01
7.124212039184543244e+01
7.305752939121045131e+01
7.571268840450817095e+01
7.797481337866263118e+01
7.991242560928337468e+01
8.020913395116662059e+01
7.483410012953808632e+01
7.952039904919666924e+01
8.530299004653393524e+01
8.189509590209765122e+01
8.166671445892689007e+01
7.840571546317426055e+01
7.955880484272110209e+01
6.960979549043523207e+01
6.791302113557820519e+01
6.900364305702339607e+01
7.228377315378465084e+01
7.131430192821659375e+01
6.656568870182672981e+01
7.008819934395660312e+01
7.527984197550554768e+01
7.453123846433628330e+01
7.729046378705773179e+01
7.902483505293305655e+01
7.919737409035140274e+01
7.974517945288160092e+01
7.769684005907822666e+01
8.210380786870699410e+01
8.536347672217515026e+01
8.628735456567903839e+01
8.375070537661510173e+01
8.040295386508827846e+01
7.689186302697132191e+01
8.281755843084184221e+01
8.146258202649781310e+01
8.267479944304669459e+01
8.160802332826547456e+01
8.034957102932159501e+01
8.099522780019930224e+01
7.895242875016963069e+01
7.638950003232804420e+01
7.172803496991079442e+01
7.291329901870032870e+01
6.966404441721660135e+01
7.257875270109464338e+01
7.556905106487401724e+01
7.536178568043234804e+01
7.603715147955257692e+01
7.851091352658808376e+01
7.718103326616378013e+01
8.057498948032664998e+01
7.800614664850193947e+01
7.619466231441687398e+01
7.618825562246723848e+01
7.458317786566645680e+01
7.615086312346001307e+01
7.468502952218031510e+01
7.485367372828577004e+01
7.410321935568153151e+01
7.914147952507615003e+01
7.993032894931815235e+01
8.005236569485636267e+01
8.472200057030946141e+01
8.360324899797768694e+01
8.526868675241053097e+01
8.743402382074823720e+01
8.610985709515554731e+01
8.207527139777317871e+01
8.422008324563154247e+01
8.166269769520880573e+01
8.672064559797546224e+01
8.609133407230420687e+01
8.642562802609566575e+01
9.229696909841314323e+01
8.739880922535157026e+01
8.611347412861213968e+01
9.496456115482598648e+01
9.462580083501063655e+01
8.963741146708713359e+01
8.292132226604555001e+01
8.715278699289272879e+01
8.605558929328810791e+01
8.118588360253478697e+01
7.666751410318295257e+01
7.364209626913751094e+01
8.024184597763269267e+01
8.064450442687773091e+01
7.951590978316349378e+01
8.598628348820196265e+01
7.930825032021103027e+01
8.347334331890651526e+01
8.480691811164288652e+01
9.048233521499336973e+01
8.138599961359516044e+01
8.139072008474812492e+01
8.232265612110096242e+01
7.694419287192012291e+01
7.626132527604865174e+01
7.945284735648124297e+01
7.942632285744480214e+01
7.557818204837576559e+01
7.817142949455170253e+01
7.727177607822341088e+01
8.558479179842019846e+01
8.928680786536097003e+01
8.730213460040698692e+01
8.709135952172634632e+01
8.509572915276403648e+01
8.115072291009828120e+01
7.983024522010606461e+01
8.009870748633676385e+01
8.415339256546569402e+01
8.462976064909030072e+01
8.251563058139383600e+01
8.100792715397878396e+01
7.564545278349540069e+01
6.997941362054314141e+01
7.027024820556199813e+01
7.191314867737676764e+01
7.128247354161693750e+01
7.670798542042365398e+01
7.022037561459099209e+01
7.696010323023956801e+01
7.949799440491797498e+01
7.873122068733678702e+01
7.873018272298583042e+01
8.204536534524267211e+01
7.448559607618742007e+01
7.564817426537712208e+01
7.917193955587998744e+01
8.317380495769550919e+01
8.533671258872409737e+01
8.249005590656067000e+01
8.376955379083169362e+01
8.107485583249410865e+01
8.423742948828356703e+01
8.344646441018734606e+01
8.007313224658759054e+01
7.626491425851234851e+01
7.603749092005408272e+01
7.667955124925821053e+01
7.735815530672788043e+01
7.459474240417880253e+01
7.690038736224097704e+01
7.634028695591105418e+01
7.404340991001670602e+01
6.903998454263181372e+01
6.974218330289080825e+01
6.900132070824595587e+01
7.446987232642776178e+01
7.462675937222425659e+01
7.866660237571615255e+01
7.393430934199918170e+01
7.635116375895356100e+01
7.564137011748617567e+01
7.401104130704204920e+01
7.770923235050121036e+01
8.025251045824451523e+01
7.963996742292987108e+01
8.168478295096471697e+01
8.672075210438617887e+01
8.666099954040245734e+01
8.612709639665877148e+01
8.070008674246231806e+01
7.857219810921087344e+01
8.155826228807092093e+01
8.069631450027900144e+01
7.758258849242172062e+01
8.108468061523480230e+01
8.650731619453630117e+01
8.549214254478606279e+01
8.901274026303271114e+01
9.027342214026552369e+01
9.322655778920093894e+01
8.445216908385640409e+01
8.119027115422709073e+01
7.944388003447659230e+01
8.431393034270003284e+01
8.371784048294961167e+01
9.068626839728059963e+01
8.104125396923069502e+01
7.857644936084945186e+01
8.148669090045954988e+01
7.738029638083914108e+01
7.513134488294546998e+01
7.628916833159297539e+01
7.486778805025834060e+01
7.698422846257410868e+01
7.308070920171979878e+01
7.551294601431148124e+01
7.427491111567589144e+01
7.352421952550879780e+01
7.532807709491008552e+01
7.854335219817181724e+01
8.196650814094020632e+01
8.240321111510876051e+01
8.470834442808657627e+01
8.122611507686815457e+01
7.609627988405931376e+01
7.542583675226836704e+01
8.231394214283760391e+01
8.204245206826860226e+01
7.246963772717012375e+01
7.189933620912165679e+01
7.423463659139896720e+01
7.022731563396277465e+01
7.166803249981745694e+01
7.141280556006402946e+01
7.064223258248254922e+01
7.410402487754474521e+01
7.592910402571204997e+01
7.913388633571680941e+01
7.905429266709344915e+01
7.872002481879316349e+01
7.726188917379523957e+01
7.943160743707275628e+01
7.906932306800013066e+01
8.136849165933047345e+01
7.981311519748432204e+01
7.860953968873081976e+01
7.878505124268650661e+01
7.502506668768842246e+01
7.107433375010886323e+01
6.894182116315944597e+01
7.362260889992231228e+01
7.705259970175397655e+01
7.607876631109326127e+01
7.087506466506313529e+01
7.179393792618729719e+01
7.149440295232491849e+01
7.544260205585995038e+01
7.524209297442537547e+01
8.011051761056397424e+01
7.737572719479419447e+01
7.989471389479257368e+01
7.979807958459596762e+01
8.268208782609654861e+01
7.855342611708623224e+01
7.877667956665366944e+01
7.692863213908177045e+01
7.469964681814622054e+01
7.600987734940079577e+01
7.489905167420748455e+01
7.027698330883288236e+01
6.763520892470984336e+01
6.962088094028048602e+01
7.002455202274308022e+01
7.139510933263591141e+01
7.446814131569263395e+01
7.411492141260022493e+01
7.404213736260668099e+01
7.079429114084851449e+01
7.301509627678822767e+01
7.245022425521784726e+01
6.824578862460909079e+01
7.359429383200495067e+01
7.533927749802703033e+01
8.023310141984526922e+01
7.921229302530737471e+01
7.723012634792515030e+01
8.350440193385465193e+01
8.344336447606562501e+01
7.481588030774527454e+01
7.120141654217208327e+01
7.116663421455734806e+01
7.178780771359599555e+01
7.277494450594694797e+01
7.186558998340898086e+01
7.073771559304726964e+01
7.100049810250619942e+01
6.967524450351650955e+01
6.988835079797607364e+01
7.478537137091586828e+01
6.967242686559204401e+01
7.300021433434152129e+01
7.525548430387881638e+01
7.697387991833740273e+01
7.465523386305618203e+01
7.198995095824018620e+01
7.321727742212701173e+01
7.345275425738726938e+01
7.288892664773062791e+01
7.378356642878367211e+01
7.021332184336897342e+01
7.947822368316526820e+01
8.377212708987542555e+01
8.861721712128382933e+01
8.267821266001134006e+01
8.025488021503012703e+01
7.321357678463519392e+01
7.195940044513936584e+01
7.220192736135273037e+01
7.195614363302297534e+01
7.705233927312973208e+01
7.658913175776146431e+01
7.914093231049000110e+01
7.361014403625217994e+01
7.163378193232108515e+01
7.144308894878979288e+01
7.218370079499965186e+01
6.999640298613144296e+01
7.604569235364327540e+01
7.491045511127656198e+01
6.983550886141537717e+01
6.644738754731827157e+01
7.342837187191464920e+01
6.935828176349760099e+01
7.295956621088473071e+01
7.260905923548070007e+01
6.968443608915971765e+01
7.114372172475353295e+01
7.102385312949013496e+01
7.215988960920213913e+01
7.187485546530288616e+01
6.963881677948508298e+01
7.514119191344722992e+01
7.735905632322443637e+01
7.636587948410166860e+01
7.764009915281296514e+01
8.049996782526041272e+01
7.993093428515724952e+01
8.045125359230318907e+01
7.675932823799807636e+01
7.410576447745842188e+01
7.947700329044062073e+01
8.637773280920960417e+01
8.363505064244057507e+01
8.739752655201358778e+01
8.605496907442881138e+01
8.532078927632487364e+01
8.595340813250263068e+01
8.494608706138546950e+01
8.403891910540542654e+01
8.317900020373933501e+01
8.041417509196048741e+01
7.271172722303072078e+01
7.510664913557485534e+01
7.122987092993163571e+01
7.375903403165403915e+01
7.820658230606649397e+01
7.870334444234443083e+01
8.572321322265526078e+01
8.705313842200430940e+01
7.696733539042172367e+01
7.776723664655344237e+01
7.963691774836966886e+01
7.791450198195452970e+01
7.385846014087368872e+01
7.673630827780192476e+01
8.044372395110019625e+01
7.775274873067409942e+01
8.139423443375535783e+01
7.912581471925656729e+01
8.351652375554965602e+01
8.160900039222734392e+01
8.201567754468172211e+01
7.934799939197807817e+01
7.994092461659124638e+01
7.667456574437362349e+01
7.342078997177813449e+01
7.024755318124471160e+01
7.661461275459487297e+01
7.278588468107098208e+01
8.292175358273952668e+01
8.601572681114321028e+01
8.848317560313095953e+01
8.358267419501648021e+01
8.345295458295494484e+01
8.092352588176839845e+01
8.245150662082657789e+01
8.629222634091105704e+01
8.739176185673424868e+01
8.976202592734949803e+01
8.552669312012800162e+01
8.254158286983269477e+01
7.861781887865330987e+01
7.937005579205192873e+01
7.453786764126364517e+01
7.755581841461294346e+01
8.428053840572756883e+01
8.945673718410927222e+01
8.795868360038913636e+01
8.661472099884082354e+01
8.227524589382124987e+01
7.732811784633980778e+01
7.508137772577445901e+01
8.171511166237607426e+01
8.257467732415607031e+01
7.773632275610769682e+01
8.198613959845646093e+01
7.649628342174206352e+01
7.490221425324813254e+01
7.552431188909105231e+01
7.958808385487496651e+01
7.419752705231486800e+01
7.514801614873071856e+01
7.304021842428475964e+01
7.133688775888438727e+01
6.924646538209427149e+01
7.088131270510460524e+01
7.075659546283824852e+01
7.273981340346701074e+01
7.397219587996804080e+01
7.436844742468298364e+01
7.672759060349456206e+01
7.395180882479117201e+01
7.214050087196132210e+01
7.233350897825097547e+01
6.892361876425586331e+01
7.660616172257807932e+01
7.162922772986672726e+01
6.857040385629953505e+01
6.569326364608082258e+01
6.318498328264065833e+01
6.318236076209207397e+01
6.608527953714296643e+01
6.740520854771368420e+01
6.376481140762626865e+01
6.566667985089409854e+01
6.953978885054974057e+01
6.871524659836454418e+01
6.718948777678126305e+01
6.941570201775857640e+01
7.323010796369793241e+01
7.711766422165977986e+01
8.261524588350938814e+01
8.099225493350400029e+01
8.325534986783772240e+01
7.853825056624030765e+01
7.483993042717483490e+01
6.888554391523113907e+01
7.508118432156577171e+01
7.414326190341772360e+01
7.750093482034658621e+01
7.158504506885184071e+01
7.368746305152860998e+01
7.846970227703801015e+01
7.858174402490629973e+01
7.983774607301548087e+01
8.121099834773920634e+01
7.701062620626831290e+01
7.238760633080853779e+01
7.000662952493604507e+01
6.556527171561434386e+01
6.488151198895826610e+01
7.142133066030974931e+01
7.092490862458545564e+01
7.478322154762864216e+01
7.586758685227725607e+01
7.745383195974724799e+01
8.187363090151885103e+01
7.649726328434384470e+01
7.427887416989325686e+01
7.679885872022214244e+01
7.903605112604540750e+01
6.948810511605886120e+01
7.093727275378090269e+01
7.346229238610600021e+01
7.131556870909220436e+01
7.260323649982379379e+01
7.083187175670136071e+01
7.423306145834877157e+01
7.007616272342896480e+01
7.099615001077833654e+01
7.261241884876959318e+01
7.221243389750793540e+01
7.123419541661316146e+01
7.604700115492936163e+01
7.987902050785314145e+01
8.306337491157235320e+01
8.748300174048685562e+01
9.158105593213262807e+01
9.103462379866654430e+01
8.499615017333978528e+01
8.188991385470976070e+01
8.468909026706917587e+01
8.576090975691444385e+01
8.287538890654404611e+01
8.247857904481033131e+01
8.126969374654179035e+01
7.485474471793601481e+01
7.659269680376576162e+01
7.525038002402115467e+01
7.582657753875689366e+01
7.611855386117726141e+01
7.263115586664370937e+01
7.428040406168454979e+01
7.445816315451556022e+01
7.384289449739924294e+01
7.918397618711570374e+01
7.718446836294407376e+01
7.942879153205691978e+01
8.603042477151932133e+01
8.316265475961603215e+01
7.847413334219240255e+01
7.402104404779311153e+01
7.450912005083158363e+01
7.519090343216656436e+01
7.770695706880225373e+01
7.542455836028528893e+01
7.429035870176105050e+01
7.504543128701888577e+01
6.861825257146215051e+01
7.372592683055624718e+01
7.312259613875232844e+01
7.592321020270642862e+01
7.427018056578432947e+01
7.966095458737632384e+01
7.936699208729839938e+01
7.745936692503040888e+01
8.321739207332780097e+01
8.489123029877971760e+01
8.415235154533002060e+01
8.519187155139081824e+01
8.995078620111601708e+01
8.680593126265189596e+01
8.888926386955354531e+01
8.231931139824123989e+01
8.056714441357981116e+01
8.430662498166343255e+01
8.483002407051614568e+01
8.580289543742914304e+01
8.264572863752782439e+01
7.786747323876727478e+01
7.393355619151192570e+01
7.227386836692252814e+01
7.398009604636618519e+01
7.653812169184338643e+01
7.764487660946682013e+01
7.950407613000103879e+01
8.059883739122572877e+01
8.015911332183856075e+01
8.079722987983130622e+01
7.886681724787780468e+01
7.671935929958941358e+01
7.692031587929892567e+01
7.927711421533462044e+01
7.496795280352137070e+01
7.350892199673344862e+01
6.785156803835251083e+01
6.954837508234025734e+01
7.043523487719454579e+01
7.270016979438503313e+01
7.685017567316801035e+01
7.565002463758865758e+01
7.641462290925301204e+01
7.920596005827118802e+01
7.705798876884936988e+01
7.468708696130427427e+01
7.668612922746466154e+01
8.032995891487219353e+01
7.774174047818435440e+01
8.307130149242912864e+01
8.294847159804255909e+01
7.727431357945968671e+01
7.631820186997565258e+01
7.454698113149292737e+01
7.252015502158539562e+01
7.163601177430894040e+01
7.394247629009059608e+01
7.093152391950121682e+01
7.376171009252999511e+01
7.068491312818066774e+01
7.566342978492744464e+01
8.318584843194415157e+01
8.523907950578674786e+01
8.208463432525969949e+01
7.702069679944118263e+01
7.621874161569050443e+01
7.248666571786998247e+01
7.278524609109975074e+01
7.288827059575309875e+01
7.338266570124204691e+01
6.829722000941919191e+01
7.264253189841325309e+01
7.654279135601153428e+01
7.258338411481871333e+01
7.126043010011500201e+01
7.023608473381138140e+01
6.750396467193742467e+01
6.202832578220798609e+01
6.898138438305493025e+01
6.403306121475301893e+01
6.740069216576176814e+01
6.490588461393467412e+01
6.504085854415885137e+01
6.492617401834196755e+01
6.684033290184471809e+01
6.687164877795282791e+01
6.768637984396671925e+01
6.648175147792019857e+01
6.529924367549591580e+01
6.643428000740098582e+01
6.396265006088603400e+01
6.632498981199317711e+01
6.742248920416845692e+01
6.882317582259790356e+01
6.728220873234788257e+01
6.758961368352451871e+01
7.418178311780208389e+01
7.602946790480278594e+01
7.477719469115389472e+01
7.306464398956983075e+01
7.711465993846611866e+01
7.861278995891100863e+01
7.642028620200059663e+01
7.968097585843096908e+01
8.260898812969388416e+01
7.918377773669335795e+01
7.799824491627326495e+01
7.394377733313903889e+01
7.400645289675570382e+01
7.048602838889276256e+01
6.769528575779912671e+01
6.532474810585746638e+01
6.616650426670318552e+01
7.184096843990332104e+01
7.377737061342712366e+01
7.260084349898031064e+01
7.705418562863582110e+01
7.980879921601295734e+01
7.657168697732154783e+01
7.358016489718009723e+01
7.304226634612773239e+01
7.436058389117090428e+01
7.880239312887111680e+01
8.064107791150634341e+01
8.134882424062101336e+01
8.356964576522938160e+01
8.278987388341982978e+01
7.723154038362719120e+01
7.355238960304994578e+01
7.378602870104285216e+01
7.628128497389080565e+01
7.817510332526408945e+01
7.495626483017258579e+01
7.210797979582577000e+01
7.343217645387460379e+01
7.609300692246458198e+01
7.960783219705788838e+01
8.024537982910926814e+01
8.335825983492556190e+01
8.213021673422090885e+01
8.183830178652112863e+01
8.027866828757036899e+01
7.829706597154354597e+01
7.273366501298707476e+01
6.997683808502152658e+01
7.583467209752841143e+01
7.338207177865244546e+01
7.397062698947827641e+01
7.549093568957351863e+01
7.485522388409459893e+01
7.449488979209844786e+01
7.320289383715396525e+01
7.236175891228830892e+01
7.321112741415893765e+01
7.053022090185658044e+01
7.696364763493225780e+01
7.735427870380713955e+01
7.973963357458499956e+01
8.145858283293769375e+01
8.167876318565102167e+01
8.891239999584136910e+01
8.557078949528678891e+01
8.086477356511926473e+01
7.834917932828503240e+01
7.725485208197646614e+01
7.755560960997631526e+01
7.512751067309653763e+01
7.704067676752853799e+01
7.619925895912888336e+01
7.469770738364280760e+01
7.090571847737575695e+01
6.939038221225848702e+01
7.246015266264535626e+01
7.850884968618788662e+01
7.638804333772512223e+01
7.467423643333242467e+01
7.281365783580484674e+01
7.273564866486009350e+01
7.512654070690028618e+01
7.497145574787839450e+01
7.323033707999915976e+01
7.050369048077024559e+01
7.059377033805238000e+01
7.077265005489155669e+01
6.932161001721789262e+01
7.465801921113346395e+01
7.081176981977772300e+01
7.257575944047422922e+01
7.041899204222480080e+01
7.301922096937130391e+01
7.094637793466269216e+01
7.085187491297995166e+01
7.642875144576274238e+01
7.471428434863952361e+01
7.057210093805156248e+01
6.824599144333244283e+01
7.348823650066849211e+01
7.092532005407488782e+01
7.078566111998384258e+01
