nan
nan
nan
nan
nan
1.748349303635982892e+02
1.733152918864323055e+02
1.721690062726325436e+02
1.707821478388179344e+02
1.693383020327416659e+02
1.684101258446724501e+02
1.675866226764661633e+02
1.665346539749376120e+02
1.655100103362736661e+02
1.647771919259822653e+02
1.636953723845707032e+02
1.627323547322333468e+02
1.620709581222604356e+02
1.610639955944648705e+02
1.601151143628769091e+02
1.593250495400341720e+02
1.585273702728078149e+02
1.580245913975910810e+02
1.571730166406765079e+02
1.564680075364692300e+02
1.557125805149404982e+02
1.550457188682180742e+02
1.543834158225590159e+02
1.536954795738496671e+02
1.528821127859409330e+02
1.520981407502038678e+02
1.516042167968262220e+02
1.508830873716632937e+02
1.504137057310787497e+02
1.497254640814594211e+02
1.490504024264000407e+02
1.485563884943114488e+02
1.478555675004959937e+02
1.473249933659788837e+02
1.466553259148967356e+02
1.459966576866339665e+02
1.454625517611178225e+02
1.449181351050907267e+02
1.443556952096285215e+02
1.439086155868954506e+02
1.432620939413699830e+02
1.426714188052373515e+02
1.420636936753645330e+02
1.414681846124366302e+02
1.409793884928632792e+02
1.405805427658610540e+02
1.398420138725770698e+02
1.393535781266249955e+02
1.388182202791018653e+02
1.384805851085087625e+02
1.381411390042354412e+02
1.376991216993955618e+02
1.370448572730127239e+02
1.366115771056684025e+02
1.360764480396255465e+02
1.358272197238747765e+02
1.353062364863318123e+02
1.347529253863220049e+02
1.342792988027084675e+02
1.338203424957739287e+02
1.333645006863232823e+02
1.329258442632263382e+02
1.325286257227790543e+02
1.320857506484351234e+02
1.316562884539007143e+02
1.311973205112142296e+02
1.307533431972604205e+02
1.303584899296334072e+02
1.300111123579810339e+02
1.296995706018239787e+02
1.292046911462767014e+02
1.287808180611406499e+02
1.283638373452692463e+02
1.280520760902636539e+02
1.276766456437718915e+02
1.272640262293291471e+02
1.268839982809463862e+02
1.264619359252459105e+02
1.261177560175087251e+02
1.257964162178011662e+02
1.253761964873934716e+02
1.250758774288721895e+02
1.246328246696703275e+02
1.241863034637334948e+02
1.238492375515814246e+02
1.234836330237470321e+02
1.231153215547790865e+02
1.227086778684295325e+02
1.223541462484066500e+02
1.220258268868945493e+02
1.216643810750948944e+02
1.213614908626127402e+02
1.210545868116005011e+02
1.206474076162148350e+02
1.204295042782698459e+02
1.201290071833974764e+02
1.197615488372563277e+02
1.195298942063026146e+02
1.191300321728837019e+02
1.187667305469950350e+02
1.186293855408662381e+02
1.182483672206413701e+02
1.179770314709552252e+02
1.177445082945770167e+02
1.173740610591533908e+02
1.171348192745284678e+02
1.168709595592853816e+02
1.165240916951654100e+02
1.162143077498610637e+02
1.159282719889448998e+02
1.156332900361687450e+02
1.153491241635136078e+02
1.150337129879049058e+02
1.147014511038667166e+02
1.144602021618084962e+02
1.141981304287379118e+02
1.138864211017315000e+02
1.136945260371499984e+02
1.134117248242353639e+02
1.131702093417278547e+02
1.129318128487757349e+02
1.127671275514422717e+02
1.125213302485312852e+02
1.123604170619857427e+02
1.121310019483560865e+02
1.117864478536456687e+02
1.115160041520292253e+02
1.112510623203348672e+02
1.111578685739882388e+02
1.108904356936433118e+02
1.107005342311464062e+02
1.104979526773635854e+02
1.103947467213889837e+02
1.101838187106840223e+02
1.100551353657091909e+02
1.099650954816730462e+02
1.098952149723040321e+02
1.097904564041397748e+02
1.096790679746350747e+02
1.096404909260104148e+02
1.095172690878592476e+02
1.093628972024365140e+02
1.093885498289414784e+02
1.092950069423434059e+02
1.091277032408737142e+02
1.091018225851797041e+02
1.090705591360733848e+02
1.089371785812924571e+02
1.089851412730508997e+02
1.087322732825658846e+02
1.086574672688691408e+02
1.084981002780005213e+02
1.083864510296165093e+02
1.081740023935814037e+02
1.081156662994700639e+02
1.078381625338056722e+02
1.077309447339801523e+02
1.076829047000312585e+02
1.074781561875141023e+02
1.074282539287618476e+02
1.072924150829517345e+02
1.071685128243057221e+02
1.071016955436646469e+02
1.070007479528647281e+02
1.069932919099044284e+02
1.067733743677237612e+02
1.065966120571389126e+02
1.065093437375600729e+02
1.063711278306980859e+02
1.062128397219945839e+02
1.060301200375023143e+02
1.058344174085694078e+02
1.057224065154420316e+02
1.056329042179575879e+02
1.055187545072551814e+02
1.053559204133120915e+02
1.051419168303774825e+02
1.050808830104287210e+02
1.048577265826883007e+02
1.047239925855063092e+02
1.046404049868330901e+02
1.044226118234693104e+02
1.042541443509341974e+02
1.041726347541849549e+02
1.039985686957447797e+02
1.037630904079208420e+02
1.037507516186143164e+02
1.036320850172010353e+02
1.035889282941481326e+02
1.034084328660806165e+02
1.033555671933702484e+02
1.032130331560055794e+02
1.031944152962835233e+02
1.030304293941388778e+02
1.029567169602073164e+02
1.027752864737090306e+02
1.026575503481905258e+02
1.025492478004609751e+02
1.025231603601154688e+02
1.024645863275662236e+02
1.023742709655056302e+02
1.021564331568995101e+02
1.021287116997562379e+02
1.021029319269543407e+02
1.018872312008094809e+02
1.018465357112681460e+02
1.017827769724389242e+02
1.016466662030968138e+02
1.015965064077201276e+02
1.014925910002324514e+02
1.013065823957510787e+02
1.012126948251577119e+02
1.011473795519693795e+02
1.010338431101994559e+02
1.009982304136061657e+02
1.008529384059698657e+02
1.007272824462944385e+02
1.006302689158240042e+02
1.005342252231698694e+02
1.003075969026185135e+02
1.001319472045664725e+02
1.001520505681195488e+02
9.994294350597662913e+01
9.981061933490641991e+01
9.967652871992106611e+01
9.960366629676809680e+01
9.946476863261914048e+01
9.919401464427294002e+01
9.900077190251415971e+01
9.883711210760426980e+01
9.868175698035544485e+01
9.849215725787634312e+01
9.836294869389492135e+01
9.818358957393215292e+01
9.812370599669141313e+01
9.791535621899679143e+01
9.777535977484461682e+01
9.757401925366688999e+01
9.742228793064671777e+01
9.729613381218084101e+01
9.717394402661173558e+01
9.701940230857492509e+01
9.691873632098975122e+01
9.678450117050942936e+01
9.669124966011533218e+01
9.663003047012708180e+01
9.659467293927735909e+01
9.648908574310064523e+01
9.648718831345155422e+01
9.643593891634262150e+01
9.626084519939034578e+01
9.627827405761736657e+01
9.613900949266079010e+01
9.606505269000362546e+01
9.598242175678856825e+01
9.593324641210389814e+01
9.579928979729439220e+01
9.569434958658091261e+01
9.566894910201551738e+01
9.546603556137233682e+01
9.545191856284226617e+01
9.532083608400168373e+01
9.524852733611206190e+01
9.518806845152532503e+01
9.507348608959516412e+01
9.502340014143007352e+01
9.494848820214200202e+01
9.490324715767931707e+01
9.476932490842730772e+01
9.462359120322237516e+01
9.460385470074737668e+01
9.459794341875755208e+01
9.451037721010429493e+01
9.444282117843923174e+01
9.448712560252064918e+01
9.432572200905040916e+01
9.429680406269001480e+01
9.428530739110058789e+01
9.415355234885402069e+01
9.408409755496303717e+01
9.394955386404302544e+01
9.389058930794097080e+01
9.388604046202308950e+01
9.376286415759201986e+01
9.359975494986602484e+01
9.340584168869233395e+01
9.337334888167993086e+01
9.319013824468470375e+01
9.309859633508862942e+01
9.300405736867409701e+01
9.280040801103154990e+01
9.274916565846793048e+01
9.265798970189219119e+01
9.251455420476084157e+01
9.243875860766694075e+01
9.227245419927805870e+01
9.211635557531720053e+01
9.204107774417801124e+01
9.190442425333688448e+01
9.183528780637269051e+01
9.173027184732066530e+01
9.164552973383555923e+01
9.157473109527211363e+01
9.144838193769216161e+01
9.135203625655869075e+01
9.119449984121915520e+01
9.116526997489734185e+01
9.103671508181963645e+01
9.093940435611271766e+01
9.091196519260202535e+01
9.090882835628316627e+01
9.079069766210821513e+01
9.078100289944948997e+01
9.076494010359472497e+01
9.066506805390163493e+01
9.060515488013967911e+01
9.054093126353639320e+01
9.054350943455175127e+01
9.051499478436510060e+01
9.035724588551278202e+01
9.028862343286212422e+01
9.023324320439581925e+01
9.011664254198188928e+01
9.007005628362978200e+01
8.992561189229220986e+01
8.993084487981063546e+01
8.989301754735447503e+01
8.988682013658582548e+01
8.993377860387275291e+01
8.979795692536227136e+01
8.985601706069074623e+01
8.988974991154296390e+01
8.985773364174656308e+01
8.980609318066552760e+01
8.976972276518716853e+01
8.970548502144986003e+01
8.966921187869236576e+01
8.966869981741690765e+01
8.960048848706010460e+01
8.953480179230874114e+01
8.949722633772753966e+01
8.943805153485749315e+01
8.946098996119457070e+01
8.941322833442590934e+01
8.940381567929584605e+01
8.940738348517528777e+01
8.938966532383216190e+01
8.935449416762634200e+01
8.936907323891722399e+01
8.931339877689771356e+01
8.928888604076421132e+01
8.932193417886473696e+01
8.924406717001974698e+01
8.921483982377024802e+01
8.920584381953099751e+01
8.915937785734551824e+01
8.922851162095753352e+01
8.915058857808844550e+01
8.910278625931782415e+01
8.908670830007820030e+01
8.904160226091180164e+01
8.890889398373475672e+01
8.883527953919143272e+01
8.876409586972924615e+01
8.870923242505212158e+01
8.871595784564186715e+01
8.868336278984172338e+01
8.863334929309475285e+01
8.856087913501099251e+01
8.857686177706476371e+01
8.848232968576012070e+01
8.836007694382087152e+01
8.827258771905503920e+01
8.820277413955371060e+01
8.807964129286693833e+01
8.800691035154336817e+01
8.805477114293381646e+01
8.798447645472190004e+01
8.798071194399467743e+01
8.791224205569605488e+01
8.788474079583663467e+01
8.784690378878096340e+01
8.777635788282807994e+01
8.782578352597701610e+01
8.771293609052173679e+01
8.762183215735909414e+01
8.759179998285024737e+01
8.762294580820937995e+01
8.751677563039349650e+01
8.738869167186935272e+01
8.739673218828646384e+01
8.736671723092692332e+01
8.729757172699903833e+01
8.727510293478357539e+01
8.721869693089165310e+01
8.724439107478622191e+01
8.724504736436443864e+01
8.715082361331106142e+01
8.723769951335974326e+01
8.714318889856457417e+01
8.703363770008805034e+01
8.703880572922473391e+01
8.699639881457835600e+01
8.687745937059573009e+01
8.680447630282147031e+01
8.679465448586651632e+01
8.649584138426058644e+01
8.641764276892604357e+01
8.633771762212066392e+01
8.620557586971739283e+01
8.608508082222188307e+01
8.600218137035152211e+01
8.581032145869095018e+01
8.575096442930254170e+01
8.563619148676875170e+01
8.552163723082769309e+01
8.545208388457687931e+01
8.541908965031937839e+01
8.534588281598382764e+01
8.533397735149972618e+01
8.532267906068395291e+01
8.526114254647099244e+01
8.519899780699007863e+01
8.507140180613255609e+01
8.502116914165637240e+01
8.492196203270013655e+01
8.485879527883271578e+01
8.486788115941226351e+01
8.481147445817983055e+01
8.470794785931656179e+01
8.462565580353111727e+01
8.453664559495108222e+01
8.452878510181540150e+01
8.444747126297437489e+01
8.440921252725713941e+01
8.446730910640454226e+01
8.438476613574046326e+01
8.426043685988071275e+01
8.435166435040592603e+01
8.420825459639426924e+01
8.419793258098120248e+01
8.418019837686411222e+01
8.407307548741705716e+01
8.394996388546509536e+01
8.397445439394752498e+01
8.388500653222052961e+01
8.374821737918948372e+01
8.377237720844286173e+01
8.365016110398886440e+01
8.360759717789572676e+01
8.357008219552848516e+01
8.345366195943621790e+01
8.337376115083667116e+01
8.330135933257405156e+01
8.325046041668493046e+01
8.315312585135671952e+01
8.305596941230197672e+01
8.289949404681337342e+01
8.287573118217441959e+01
8.279358144865648228e+01
8.265006880379435472e+01
8.264074796563498637e+01
8.260118029621013136e+01
8.259300633597216290e+01
8.250154560449816188e+01
8.247070284128794526e+01
8.248084090086172182e+01
8.241642288395651406e+01
8.241817883412188905e+01
8.234410265932855566e+01
8.228400507125817853e+01
8.225184010183143357e+01
8.220368069074972084e+01
8.219704976006289598e+01
8.212739780704835368e+01
8.211509336438999185e+01
8.212646956235320772e+01
8.205779351256251175e+01
8.201748222306001423e+01
8.197113774418428989e+01
8.194466117470626898e+01
8.197414856491542423e+01
8.193246566123401919e+01
8.189197151231958571e+01
8.195981741367397433e+01
8.184214266933827275e+01
8.180482775729268496e+01
8.180390752526055564e+01
8.176691984575992933e+01
8.178357145067087686e+01
8.171517761621100817e+01
8.169097584290032898e+01
8.166316630018553724e+01
8.171351463559821582e+01
8.177287817395865943e+01
8.181615873911975712e+01
8.183076771902190671e+01
8.191532952971844850e+01
8.191158612030959318e+01
8.201256016295923246e+01
8.202527037791031717e+01
8.200418040765691785e+01
8.206893933532981578e+01
8.203361022094050270e+01
8.198948426073414453e+01
8.207389871284669880e+01
8.200172091853548295e+01
8.196610727713330391e+01
8.191039527817548560e+01
8.185784603986971320e+01
8.185577031122973324e+01
8.182567939256210821e+01
8.179707301899014738e+01
8.179703618689373457e+01
8.175828646610848693e+01
8.178782219568853407e+01
8.174394562976502243e+01
8.175480272032277185e+01
8.173086601057696043e+01
8.169678438574086954e+01
8.163324039472146865e+01
8.165983584542372853e+01
8.165292715108145671e+01
8.158503467718230695e+01
8.161225439835369855e+01
8.158028618571675850e+01
8.151955571160183922e+01
8.155828670736481456e+01
8.151514620616488571e+01
8.148964041810782533e+01
8.149473844596289496e+01
8.151147376072881912e+01
8.150403653207918353e+01
8.148241443908460724e+01
8.153155751965262255e+01
8.148855233900788164e+01
8.160413324995850815e+01
8.159483821555718919e+01
8.164196790636955825e+01
8.170454909518581132e+01
8.173700928082973860e+01
8.176217291601045645e+01
8.176606285464124824e+01
8.178576242241331329e+01
8.171266807184549918e+01
8.177636617451358347e+01
8.181602496706709360e+01
8.188527950029973113e+01
8.193323937031397008e+01
8.196995930937744390e+01
8.200886075756235982e+01
8.203557086072495963e+01
8.198752941822345974e+01
8.209576018456884583e+01
8.210432070298870144e+01
8.210535030794392242e+01
8.217047435173296321e+01
8.214239171566727293e+01
8.214660169637402021e+01
8.216640595619698217e+01
8.215146961840406448e+01
8.222089010155565347e+01
8.215098828468570957e+01
8.212337857915814254e+01
8.215646436431032384e+01
8.200887130447934226e+01
8.200273701092054068e+01
8.196646640568570774e+01
8.190124017933355560e+01
8.190058073660839000e+01
8.186953908222204745e+01
8.180162093173468918e+01
8.178155079814230533e+01
8.178167558589909447e+01
8.171267335914205887e+01
8.169218783226368430e+01
8.165535113692577340e+01
8.162160292096572789e+01
8.148230704787108891e+01
8.153378115040045770e+01
8.156086893255296388e+01
8.158352463726426151e+01
8.150759337626088552e+01
8.148461024866288938e+01
8.145346280545392403e+01
8.140875609173539829e+01
8.140752650688683900e+01
8.128846393618476895e+01
8.129313249406614261e+01
8.128614877186349474e+01
8.119106935133950742e+01
8.111409147459453095e+01
8.104952649007105947e+01
8.103070874905047560e+01
8.097543009860750374e+01
8.096983017949720818e+01
8.086182163597887040e+01
8.082081709042107320e+01
8.076083870769271300e+01
8.063920930058066006e+01
8.061145982773849994e+01
8.054986163026958934e+01
8.047023686999959580e+01
8.046996790772084296e+01
8.046153724762687887e+01
8.036961395816133802e+01
8.036648850422851353e+01
8.039164260663766015e+01
8.038430973802067570e+01
8.037402640750987359e+01
8.040527296485706188e+01
8.037550115971231435e+01
8.040693144578446550e+01
8.043327268787784590e+01
8.040833413436541832e+01
8.039944152217910300e+01
8.037603327866695224e+01
8.032766444846126319e+01
8.029905270165009767e+01
8.025811491254938801e+01
8.026568864289779981e+01
8.024346116240748472e+01
8.020647544674622509e+01
8.016525076412393958e+01
8.010326176629649808e+01
8.008250721887486634e+01
7.996814124574673599e+01
7.992800989516743471e+01
7.982682901183810031e+01
7.978145959928166064e+01
7.981050105656727567e+01
7.978156500753354408e+01
7.972321774625974911e+01
7.973472192408578962e+01
7.973418331376797141e+01
7.972651553037461269e+01
7.966906887724090325e+01
7.965471642830614485e+01
7.963276721810626668e+01
7.961023180214715467e+01
7.955545865116482673e+01
7.950450439674456504e+01
7.951405223774199271e+01
7.944291233100372551e+01
7.941829423405218336e+01
7.946604882885868903e+01
7.948998395630263758e+01
7.946482142858837960e+01
7.946306883314430536e+01
7.954494771172194589e+01
7.948142246284129442e+01
7.961016495844042140e+01
7.963183645800246779e+01
7.968475437379983362e+01
7.968756934478513188e+01
7.969902232006391785e+01
7.963817744784194019e+01
7.970620672169144427e+01
7.969375258011822893e+01
7.972606957953517792e+01
7.976771022887666618e+01
7.975039037301398537e+01
7.978414826873263621e+01
7.983017751120581806e+01
7.983517193140764334e+01
7.987617408101394290e+01
7.988888243366677955e+01
7.988059875388742626e+01
7.987621275867422810e+01
7.982761202508444853e+01
7.982357408300107693e+01
7.982148394679259695e+01
7.978606477656580864e+01
7.978693668936313088e+01
7.972239462054558601e+01
7.975682952986021235e+01
7.972582998815859412e+01
7.979366066063202823e+01
7.981200621914884152e+01
7.981424426555115303e+01
7.983410843273144053e+01
7.982945682351019911e+01
7.977146394211001734e+01
7.976118116613434950e+01
7.976316951791039855e+01
7.969643246873678777e+01
7.962161044960092227e+01
7.959347794114650299e+01
7.948097162310693875e+01
7.941897502596414427e+01
7.934923231979944092e+01
7.932098473426692919e+01
7.934077296554437453e+01
7.934428991130225484e+01
7.932796836966099363e+01
7.936327308202315578e+01
7.938334894894968841e+01
7.941185468856153307e+01
7.941895322563136972e+01
7.945254037353743115e+01
7.956781177293464680e+01
7.959494737092330752e+01
7.963285330674791851e+01
7.968969761051714329e+01
7.973110738028270816e+01
7.975751358355890375e+01
7.976562503980059660e+01
7.982263864733745606e+01
7.984147176099602916e+01
7.986652202747657725e+01
7.986870097866271578e+01
7.992846025831133261e+01
7.996010871592808655e+01
7.995384189757174909e+01
8.000540321655508080e+01
8.001029675108777894e+01
7.995655659189253583e+01
7.991743502791504739e+01
7.989762122747880824e+01
7.983301600555986965e+01
7.983508744094417864e+01
7.986558238124285936e+01
7.983539671862838816e+01
7.985628171642294149e+01
7.987742068132229178e+01
7.991776981582128769e+01
7.995083514965166671e+01
7.998869301336463877e+01
7.997227961205344116e+01
7.999466818407596236e+01
7.996825161975574758e+01
7.998216158271411302e+01
8.003543874965025395e+01
7.998207930276851130e+01
7.995940760527012969e+01
7.992639363482709314e+01
7.988046996754592044e+01
7.982231156140697692e+01
7.978479166555365509e+01
7.980225123020076694e+01
7.973112672876301588e+01
7.969833647935668353e+01
7.965454082048348994e+01
7.964721799851808726e+01
7.959551538400158677e+01
7.960809892924173425e+01
7.955028348368699653e+01
7.949475561736859675e+01
7.951320350687683458e+01
7.951483691343761961e+01
7.952680930331875686e+01
7.947314406654842855e+01
7.939235077936889695e+01
7.930751983742021594e+01
7.928241469432852284e+01
7.927810122668461190e+01
7.929419646930755050e+01
7.924075937726358632e+01
7.921366299406416545e+01
7.924247062045813550e+01
7.922258436304893792e+01
7.919811899050331760e+01
7.915892690748034966e+01
7.921803015159905215e+01
7.920867758375554502e+01
7.921658123651013739e+01
7.924914173075831059e+01
7.920932894903019417e+01
7.919951856277694446e+01
7.919685009411254839e+01
7.915734330506809613e+01
7.918906410531697304e+01
7.917683630778974191e+01
7.913837937115300747e+01
7.912542044711747735e+01
7.915176783747580203e+01
7.906994691788354146e+01
7.905657414815838990e+01
7.903345083936102355e+01
7.900721861151872361e+01
7.897628927217047590e+01
7.898386171907489484e+01
7.901434320844724368e+01
7.900000647132068821e+01
7.894770073023724422e+01
7.890304347298888388e+01
7.888790805913995996e+01
7.887679005799820686e+01
7.890941688256123143e+01
7.887842104268260357e+01
7.893121950965479527e+01
7.893080967436577566e+01
7.891453726261271129e+01
7.890608287074657312e+01
7.889747006245160321e+01
7.886841097969164593e+01
7.882443186918165168e+01
7.884064605861451014e+01
7.883655913142943916e+01
7.879651248849329193e+01
7.873729549315517318e+01
7.875390420077631859e+01
7.868735515300498662e+01
7.860523674765411783e+01
7.862054214482702719e+01
7.853784185187947742e+01
7.847490792145676153e+01
7.844000093506886628e+01
7.847334468606065627e+01
7.842393893928596071e+01
7.842173626781583096e+01
7.839979618741840284e+01
7.841620325977214634e+01
7.845925338526951975e+01
7.843063387427939404e+01
7.846850105341984261e+01
7.842519375138930116e+01
7.840311016356314155e+01
7.838251380713300875e+01
7.843403151308824306e+01
7.839393528806618860e+01
7.834288792562014692e+01
7.835045376071265366e+01
7.832720237880648995e+01
7.825544846312440939e+01
7.820734467669856826e+01
7.814457543087966940e+01
7.806534857960821228e+01
7.799118818365373329e+01
7.797753448897948658e+01
7.794039353415087135e+01
7.793075694023612243e+01
7.789005892216293603e+01
7.784632752889979201e+01
7.780652655458851541e+01
7.776755313038025008e+01
7.774739814982468999e+01
7.774366855873542193e+01
7.769752194581167259e+01
7.760535396491695792e+01
7.761430095406326757e+01
7.756481986210674506e+01
7.754859490348570716e+01
7.744141263445671086e+01
7.736283460677388746e+01
7.733368932795481498e+01
7.726466065190759025e+01
7.723003694684814491e+01
7.717646454179026705e+01
7.714443475897911640e+01
7.705697039375171187e+01
7.706549203743823284e+01
7.703585742118448820e+01
7.699407947690758647e+01
7.702940302723635568e+01
7.696372361890824720e+01
7.693805536725385252e+01
7.689994231993215124e+01
7.692372565213666746e+01
7.687938799032609438e+01
7.685143425922822757e+01
7.685999833989514229e+01
7.690624872151192903e+01
7.692147776951584603e+01
7.693238862719718441e+01
7.697914830350472926e+01
7.699063270941162784e+01
7.705501407930395885e+01
7.701513953596462159e+01
7.705964074149213161e+01
7.703846828877254893e+01
7.699335725087655646e+01
7.703305570294911320e+01
7.698121247346132634e+01
7.700266505480205126e+01
7.691435049972311333e+01
7.688895009802679681e+01
7.680366894022243685e+01
7.680393300253672351e+01
7.668911567269300633e+01
7.670077198186275780e+01
7.662843132842692739e+01
7.658672068562134427e+01
7.654824886024212560e+01
7.643228907491817381e+01
7.638353625965935123e+01
7.632112196506031410e+01
7.627686953576088058e+01
7.619163282975374329e+01
7.610774712886710347e+01
7.610614367408220460e+01
7.608681313949468006e+01
7.603027323251725988e+01
7.600111204994593095e+01
7.600726512676102686e+01
7.594911399888313497e+01
7.597974754024336619e+01
7.589533195614106376e+01
7.584861839042437737e+01
7.586520825066378393e+01
7.588086395411248475e+01
7.589453637598901992e+01
7.598362019518806676e+01
7.591384713800162842e+01
7.591630800035393634e+01
7.593043400524045694e+01
7.587294158124804255e+01
7.592013463250056304e+01
7.595404082909630006e+01
7.601374518578535344e+01
7.603614894442566197e+01
7.605091908720754645e+01
7.603914732317161906e+01
7.609864335329031348e+01
7.612268940786947269e+01
7.615316316644523909e+01
7.624428765817377496e+01
7.628799306507622191e+01
7.631056623043646425e+01
7.623806364494359400e+01
7.621401886852440555e+01
7.623576917229161154e+01
7.612662013792437676e+01
7.618516978508806403e+01
7.618140997627754984e+01
7.615219559496513568e+01
7.619472206964412919e+01
7.624746247647266273e+01
7.624311554337570840e+01
7.626391874586767017e+01
7.630083264359525685e+01
7.632073901577066977e+01
7.628178557904708157e+01
7.632643859238839923e+01
7.632169871708619269e+01
7.633455593132855199e+01
7.635550430387411325e+01
7.640877139004604146e+01
7.640483304761690420e+01
7.639293221300388836e+01
7.644412482750426818e+01
7.646262912509696719e+01
7.649339485141636885e+01
7.649343162749865144e+01
7.655398276565750848e+01
7.660107278898699690e+01
7.662568052872275359e+01
7.660970110790130150e+01
7.660066269773518854e+01
7.659588224294589054e+01
7.658249429513541884e+01
7.655594894567674658e+01
7.663681863794079163e+01
7.661657652832644771e+01
7.664322776743972554e+01
7.670637978600183260e+01
7.672142437320799502e+01
7.667788514412605139e+01
7.670335142464513467e+01
7.669139215926466591e+01
7.669068290340388216e+01
7.668375337973090211e+01
7.671726748003115404e+01
7.671931444223180563e+01
7.674793257081869058e+01
7.675504257422747401e+01
7.675908404689040765e+01
7.676107535931932091e+01
7.684670409186306017e+01
7.685907092152659459e+01
7.679025687170241099e+01
7.677998797354672433e+01
7.676275749176922147e+01
7.676018773778687887e+01
7.670671241605113266e+01
7.672691699729583092e+01
7.669909892571479304e+01
7.674824290564824025e+01
7.671245416007798212e+01
7.672947744985576435e+01
7.668569183540633105e+01
7.664953320428710981e+01
7.664151867131867846e+01
7.663898877475592997e+01
7.657609875874119609e+01
7.653572935217208340e+01
7.652110684467203328e+01
7.652442212212123707e+01
7.645924559368121720e+01
7.646537669314251673e+01
7.640713975808141356e+01
7.634775909678988626e+01
7.631888350201229798e+01
7.620605116180476557e+01
7.621240959584480379e+01
7.620416780371343179e+01
7.610642552729012777e+01
7.612360934296772541e+01
7.609670882083980814e+01
7.607937302779656363e+01
7.602028950589868828e+01
7.600381930607794345e+01
7.598330553943604571e+01
7.599706718278422102e+01
7.593154663980911323e+01
7.587258972458344886e+01
7.586234385862684348e+01
7.579821472172419305e+01
7.582226423591198738e+01
7.580334560277897538e+01
7.581433502553551307e+01
7.579667328228813972e+01
7.576205771769215858e+01
7.568770822788997066e+01
7.561916236270016611e+01
7.563796871374589159e+01
7.554746722086748889e+01
7.549945264877352713e+01
7.551540951677876023e+01
7.547219917151119262e+01
7.547835709609195476e+01
7.549613241374576944e+01
7.549370337406621445e+01
7.548403774055599058e+01
7.550578755639104145e+01
7.553502720864753428e+01
7.547833480411996732e+01
7.551408425004146352e+01
7.546093983781162251e+01
7.543655258148741893e+01
7.542256275422415968e+01
7.539633372271664769e+01
7.536840399915666922e+01
7.528758582859634885e+01
7.528386823496164482e+01
7.524874795418669748e+01
7.521595286863137630e+01
7.513200629667149144e+01
7.512475445215176251e+01
7.509753445712877351e+01
7.503186634439822456e+01
7.502465601327746469e+01
7.500005478910796342e+01
7.499128482276610441e+01
7.498046317696577034e+01
7.499719115553020288e+01
7.504176306240783845e+01
7.500797907753646143e+01
7.501269386444803899e+01
7.504655902577596294e+01
7.503134942094122550e+01
7.502324452693116541e+01
7.498468727077971607e+01
7.501805127472616164e+01
7.493376365455981158e+01
7.496980529664942594e+01
7.490390256965389426e+01
7.489942970763199526e+01
7.483850017198651017e+01
7.481711943586742564e+01
7.476366963719034686e+01
7.468853381057201091e+01
7.459782829143219374e+01
7.459758260494572824e+01
7.458091476907391382e+01
7.452736765189409596e+01
7.447132314824663979e+01
7.445693790565276515e+01
7.443306475626339136e+01
7.443722624217731720e+01
7.441852068392296360e+01
7.436798535820734912e+01
7.437797836603753865e+01
7.439531151743376824e+01
7.436870099400634615e+01
7.441954410845661982e+01
7.443534360263036831e+01
7.447964480985086766e+01
7.448803729479024582e+01
7.451591318899417615e+01
7.459725715990673223e+01
7.459274978011708868e+01
7.470087046100492500e+01
7.471666947548177973e+01
7.475014018168562302e+01
7.478106014470908747e+01
7.474331883147014821e+01
7.475295775758323202e+01
7.473548631231267336e+01
7.474596695297958604e+01
7.479092938452795636e+01
7.480326840153702506e+01
7.477676256318262915e+01
7.478763308319501846e+01
7.477650338968028620e+01
7.480726596152470620e+01
7.484181841157851522e+01
7.486382838725369027e+01
7.484811946626413715e+01
7.482789179499009435e+01
7.487592551756394244e+01
7.493864423579401546e+01
7.500982346575086979e+01
7.508528989438420354e+01
7.518066729236510071e+01
7.525106602365548270e+01
7.531832443646599984e+01
7.537933603213575395e+01
7.539908213835632012e+01
7.539200117396340772e+01
7.542173527964071411e+01
7.540955206378922071e+01
7.540548438159284217e+01
7.546977513843809504e+01
7.541299263861807844e+01
7.546121349658216104e+01
7.549719239501776258e+01
7.550129399559948240e+01
7.554735003726234766e+01
7.556330822295672078e+01
7.559514930279662792e+01
7.557950948929310186e+01
7.554850929901986945e+01
7.550250253166491632e+01
7.555103993177650068e+01
7.547563571116829451e+01
7.542399844833961708e+01
7.538527704322760314e+01
7.533137937017021102e+01
7.528255568825495914e+01
7.522444995306240401e+01
7.521646080835242287e+01
7.524666663663120403e+01
7.522304886284005931e+01
7.517044740592517371e+01
