1.420221887205011342e+02
1.402686489532535177e+02
1.381681696810293829e+02
1.463335071540830654e+02
1.502503986218108309e+02
1.464514482802452733e+02
1.362546586759852403e+02
1.317014250971552940e+02
1.369118142081609619e+02
1.334350411666802927e+02
1.317092111451177914e+02
1.339834554731249625e+02
1.348302504871955989e+02
1.323597076745569723e+02
1.283406828520107297e+02
1.340150958133729091e+02
1.328034329237511599e+02
1.287822780045581510e+02
1.225597983151071446e+02
1.173043540054575260e+02
1.214356418339808243e+02
1.232650748387976591e+02
1.132476192572007676e+02
1.198268973624255267e+02
1.171192627684902021e+02
1.190786396018011004e+02
1.208879078175718718e+02
1.188900503256722345e+02
1.225445667445459748e+02
1.261023166598026535e+02
1.282292036854682067e+02
1.259298300153868837e+02
1.206611506905825308e+02
1.210660417112099623e+02
1.194966571255625354e+02
1.209495610271360135e+02
1.170054870037440651e+02
1.237548457434764941e+02
1.247425290612307691e+02
1.242008292008327999e+02
1.207828294043506361e+02
1.219094900488312021e+02
1.219587457274899691e+02
1.158562943135657122e+02
1.169511864721524432e+02
1.174517623995299260e+02
1.190319982783913133e+02
1.169808672013172952e+02
1.190358541215645261e+02
1.196907018435671262e+02
1.180385781913335848e+02
1.160185726084861955e+02
1.137910532087943238e+02
1.114716074265620875e+02
1.040460977562669029e+02
1.023038791496159092e+02
1.062760890835057808e+02
1.031294981110681022e+02
9.792886979383197854e+01
1.044046357652494521e+02
1.021656439425005232e+02
1.070225975662843041e+02
1.057632709194676295e+02
1.059232443942158426e+02
1.081048677733548971e+02
1.116072659671662706e+02
1.091643192784211749e+02
1.061268829790453339e+02
1.061551120977252651e+02
1.086764749230270724e+02
1.109751540584898635e+02
1.084779658803413298e+02
1.102505598773926181e+02
1.090150061731568627e+02
1.120454038374410146e+02
1.133271665699548976e+02
1.128149654854670274e+02
1.149116241880903289e+02
1.183584872392999614e+02
1.124560971095037445e+02
1.128780168501285743e+02
1.137016036997054726e+02
1.113942742252300349e+02
1.114614384834795260e+02
1.107408106431053341e+02
1.138135962590591390e+02
1.107294163770138624e+02
1.117711285636524252e+02
1.087553261822551605e+02
1.106387468010592983e+02
1.079948341371013072e+02
1.099998695502217743e+02
1.095793353786851299e+02
1.092448145154034478e+02
1.065642603700100466e+02
1.119627220921318411e+02
1.132806601054911084e+02
1.140197756860369225e+02
1.162828121599512343e+02
1.085841399974536472e+02
1.095096550892709644e+02
1.141657247514001341e+02
1.026009053168996559e+02
9.897616000046883755e+01
9.872601251581637882e+01
9.634850935443786568e+01
9.898286059488540900e+01
9.646241082293457225e+01
9.338590088425867464e+01
9.618581210483213795e+01
9.867773262222043229e+01
1.009455282662438265e+02
9.877058076313269908e+01
9.529838967938025007e+01
1.007199020475694624e+02
1.035440651418242624e+02
1.057635380162220287e+02
1.017633400188905313e+02
1.083663684399600982e+02
1.068881593948406277e+02
1.098562722055026910e+02
1.067670691242842480e+02
1.038055094845001918e+02
1.087093782944261875e+02
1.068318927353687826e+02
9.888367047621015615e+01
1.000897225343372412e+02
1.004136600256024394e+02
1.020612410963382644e+02
9.717719060935151276e+01
9.973725600547089698e+01
1.001249251430539005e+02
1.028667809706557534e+02
9.941150787347363860e+01
1.020605957880475216e+02
1.028108351179800479e+02
1.025706450270751873e+02
1.019985238019910980e+02
1.010105705386122139e+02
1.038343349457539091e+02
1.040929413871135694e+02
1.038909083805315134e+02
9.804356364068181051e+01
9.955227462329035859e+01
9.733718494725371784e+01
9.121700560311273875e+01
8.551763915688817974e+01
9.157017279149167166e+01
9.218790080495105599e+01
8.887615289109278649e+01
8.994206686090274161e+01
8.622321478683493012e+01
8.600878412537059603e+01
9.135750362397392621e+01
9.252965105400693346e+01
9.246647121994955398e+01
8.802076066989559422e+01
8.397342496003714984e+01
8.963285287625015485e+01
9.378204918219557840e+01
9.764267814032834281e+01
1.010084204762932956e+02
1.034545172142518510e+02
1.042123774224710928e+02
1.040165109805537327e+02
1.085287010290038268e+02
1.091654055471214804e+02
1.047283151834499648e+02
9.659879195314036338e+01
9.764413159329102143e+01
9.810146889587105079e+01
9.688886759399892412e+01
9.163938734616679938e+01
8.709775671218112336e+01
8.784024652660201582e+01
8.987994728220621710e+01
8.137050728934268307e+01
8.728073712451472943e+01
8.922076177087524229e+01
8.797858820975822880e+01
8.821196122420113284e+01
9.047276819348476806e+01
9.151387360299352736e+01
9.041237741922871862e+01
8.254637543615405093e+01
8.886727163032752230e+01
9.147202826662176278e+01
8.904961671984894167e+01
8.831279124426801275e+01
8.990847226186717478e+01
9.512506456321409587e+01
9.737956376575938577e+01
9.777794773003464002e+01
9.643443182670249314e+01
9.539662089210497697e+01
9.573305703212130879e+01
9.798401299531889208e+01
1.001254071380203641e+02
9.892198226326749477e+01
9.328160351202021161e+01
9.413031737387248654e+01
8.990575346027766557e+01
9.101202992697776040e+01
9.181127333525216727e+01
8.937010048819190899e+01
8.897129080561489900e+01
9.046108862966265463e+01
8.615544249311378167e+01
8.710735025154100697e+01
9.037163496224478365e+01
9.697746851041999605e+01
9.332319493426101076e+01
9.491328417998681743e+01
9.192910772070501935e+01
9.108987533064909314e+01
9.163038879338566289e+01
8.990195822637552681e+01
8.587045335342450869e+01
8.325093552006892139e+01
8.604410561301006055e+01
8.616713824444704528e+01
8.006090581248045623e+01
7.705056421311834924e+01
7.724272049659977313e+01
7.697086590029798003e+01
7.543484623436486913e+01
7.656145629130723762e+01
7.829321481010541106e+01
7.791554295918626849e+01
8.414849436394369775e+01
7.801797246157408949e+01
8.208054212907384795e+01
8.286558773561402802e+01
8.368306348324459520e+01
8.148818639273252984e+01
8.586985278973843094e+01
8.303658836647205987e+01
8.111169010667201462e+01
8.516073970916892222e+01
8.771482162088224754e+01
8.576272117900123249e+01
8.647966503347510070e+01
8.655760933262767765e+01
8.966119060958772025e+01
8.696962262299655322e+01
8.590887339907446574e+01
8.669991332917922477e+01
8.298303228544507704e+01
8.772705002760353921e+01
8.927570762348346989e+01
8.739710149352329438e+01
9.209351834119442515e+01
9.129131478054441118e+01
8.916484803864457831e+01
8.604171207852672865e+01
8.884134177375250374e+01
8.642097083974871907e+01
8.674466289499339666e+01
8.825295211145399321e+01
9.084182892975694301e+01
8.770311517396092427e+01
8.881808832323802960e+01
8.715084903163689489e+01
8.485398850535925419e+01
8.986951138662475103e+01
8.808308481561265069e+01
8.637173098499154378e+01
9.058033657817418316e+01
8.941985103688701031e+01
8.462026518455998314e+01
8.356066358268439842e+01
8.512336544706496966e+01
8.366680904516584860e+01
7.899273117643771513e+01
8.025911681203911030e+01
8.014646269003021928e+01
7.762382213101540174e+01
7.638859625844152390e+01
7.782703086358748124e+01
7.608119510105844086e+01
7.657941496242338530e+01
8.337563025373870573e+01
8.393543333536042894e+01
8.408517767888032779e+01
8.774670493467948518e+01
8.809740033474477627e+01
8.593514462001037657e+01
8.208953236005784504e+01
8.695822630693042754e+01
8.666688239399570648e+01
8.902686016189353779e+01
8.996264579880973145e+01
8.497694213795732310e+01
8.998418983730401521e+01
9.203634989949341616e+01
9.113332276119783160e+01
8.810452742238199164e+01
8.916530615391333470e+01
8.775152096889048892e+01
8.412745420888609260e+01
8.136960173196675328e+01
8.425572251156013692e+01
8.882845268088097157e+01
9.032452356417543626e+01
8.824843081653736476e+01
8.789573326900864458e+01
9.296155753144232392e+01
8.210760636373618127e+01
7.825933645690565754e+01
8.378667156102922320e+01
8.430999446332474179e+01
8.659169894688886870e+01
8.931445934723886637e+01
9.115404858477026551e+01
8.709107689788660878e+01
8.913902303155710172e+01
8.536584656823639250e+01
8.235210815404951745e+01
8.755451377938189239e+01
8.670567086708544480e+01
8.875334698211759132e+01
8.434267312893604185e+01
8.792784236832044087e+01
8.335911676970121675e+01
8.363829733772048769e+01
8.376288724665654684e+01
8.554250139223833571e+01
8.435352324625975484e+01
8.614225727727793469e+01
8.650836950289416905e+01
8.957001850472559568e+01
9.257231380196043347e+01
9.138800881199148307e+01
8.605992843679595694e+01
9.298645182749568505e+01
8.845158796757945652e+01
8.804311209047084219e+01
8.316723564409969072e+01
8.770983144041602486e+01
8.883658128753467054e+01
8.811815238080725976e+01
8.501367654528684170e+01
8.518776389746764721e+01
8.349312962758867229e+01
8.638719970936834613e+01
8.570333166855385798e+01
8.625865416568055366e+01
8.326353875632443646e+01
8.513413091033021374e+01
8.742300045358504690e+01
8.683115274733135891e+01
8.562760512415538017e+01
8.645524332538245460e+01
8.609393093922793128e+01
8.402918999208547746e+01
8.340756358734705600e+01
8.328763900642469764e+01
8.659630912254091584e+01
8.090779134453043753e+01
8.478880364101279099e+01
8.665127071686173110e+01
8.810263315666325923e+01
8.598687730697298548e+01
7.864127307795941135e+01
7.717849632644637836e+01
7.851695386857849712e+01
8.387662075736240297e+01
8.098649286607353304e+01
8.071019918624095624e+01
9.074750658693899652e+01
8.999679779865651597e+01
8.523285733502071082e+01
8.489110805328590459e+01
8.166806430017986429e+01
7.967156196346243746e+01
8.060982154693660107e+01
7.967733260393518435e+01
8.247140112814234669e+01
8.300450812126861422e+01
8.466464412391465544e+01
7.986003692201127535e+01
7.598225324568055328e+01
7.390480882331317503e+01
7.318475602988536366e+01
7.142731177929452713e+01
7.680128919679948751e+01
7.893643491610662011e+01
7.614183339628264946e+01
7.894110127319224546e+01
8.368835205507683384e+01
8.663163426610836382e+01
8.584432991115636469e+01
8.221370108351679562e+01
8.059806921086226339e+01
8.018535772800173334e+01
8.273837708182222173e+01
8.225903785443765059e+01
8.387499119143745929e+01
8.025349619819630220e+01
8.491006383410376657e+01
8.357695035366779734e+01
7.574462235907634522e+01
7.985337181442710630e+01
7.818838476737705889e+01
7.891631535313646850e+01
7.976056975122476445e+01
8.300160290814456232e+01
8.110849013767494853e+01
8.704724141854300967e+01
8.225157490170163044e+01
8.054033472646884206e+01
8.459661303310117830e+01
8.504735661034551697e+01
8.803839158722662717e+01
8.547623249919962518e+01
8.728118563451432976e+01
8.854275760511508508e+01
8.784014544234462107e+01
9.066836522701809997e+01
9.268697983043502120e+01
1.002578974612789295e+02
9.907733978947049991e+01
1.008996003277836593e+02
1.010631095737032723e+02
9.904049084958823812e+01
9.748020798377770291e+01
9.407729159112173534e+01
9.065282270063693204e+01
9.376123153419061396e+01
9.545438924177352646e+01
8.932906099240604192e+01
8.469949360454754128e+01
8.435663575909320855e+01
8.678314951683377387e+01
8.658084850082290984e+01
8.045353685386054110e+01
8.023585008210832825e+01
8.008811645712683003e+01
8.236812473284282987e+01
7.935264980220128450e+01
7.849417823075886247e+01
7.872310235170151316e+01
8.184546499706144118e+01
7.539157866847391176e+01
7.493453110328827904e+01
7.455898981400623882e+01
7.428313430916391269e+01
7.238617045063675448e+01
7.779349016420952978e+01
8.324091215343845818e+01
8.260997822800459289e+01
7.979921822641871643e+01
8.465028397124646631e+01
8.398606080768333015e+01
8.940862196590259714e+01
8.987732195608776919e+01
8.894121070133209628e+01
8.266998189135050268e+01
7.987620323849120041e+01
7.950049628995199669e+01
8.002544821154090471e+01
8.097669811821256758e+01
8.152127534013040133e+01
7.654587050093444134e+01
7.059570234769748254e+01
7.785313763633484996e+01
7.604778945614017971e+01
7.722596787778923044e+01
7.632435821119942432e+01
8.007039479212234312e+01
7.996177424996942307e+01
7.975886751438669364e+01
7.911066578697779050e+01
7.968480394400667421e+01
7.935415151747736218e+01
7.530644153817219433e+01
7.999880748226463822e+01
7.886731347048726093e+01
8.363758862025484575e+01
8.282454047004991082e+01
7.879091377185878287e+01
8.413072676151934104e+01
8.633164043565844281e+01
8.358564199197380162e+01
8.509335368237061914e+01
8.361197984802042527e+01
8.030829843088399400e+01
8.246469401054544335e+01
8.158856375949882533e+01
7.824980624454353517e+01
7.524693709858820512e+01
8.275657446268805018e+01
8.408344279032694146e+01
8.261612059703803368e+01
7.969447056740904145e+01
8.161762973593458526e+01
8.176191310819152136e+01
8.146010766999788189e+01
7.768296528270914791e+01
7.406809393958251064e+01
7.508773477923891448e+01
7.590332974608034533e+01
7.451090991532643670e+01
7.385788518713974327e+01
7.858908666870709681e+01
7.496810003927106436e+01
7.689644095592323936e+01
8.325137578526150151e+01
8.525326650657797245e+01
8.653336092057968187e+01
8.951508265533237818e+01
9.189949026933093990e+01
8.787528915784518802e+01
9.117059971436373189e+01
9.117446842283906960e+01
8.515768358135044025e+01
8.700792691276625135e+01
9.289443880400416731e+01
8.304573624733276915e+01
9.248878591535948601e+01
8.748367298238156309e+01
8.557095171566459157e+01
8.155141498287544266e+01
8.492715122014331541e+01
8.984460509281551310e+01
8.915797178996476191e+01
8.207958920851747564e+01
8.404594082456738136e+01
8.205902936882368692e+01
8.195053063585613984e+01
8.748700466249724172e+01
8.810165953273052253e+01
8.903807663805501704e+01
8.896266409957978283e+01
9.137784936166947602e+01
8.748915100964087799e+01
8.711025574043988229e+01
8.683630465813406829e+01
8.479285785182736390e+01
8.101896269153958485e+01
7.977774636587767532e+01
7.956501743586655095e+01
8.141219626288199152e+01
8.080610992930527914e+01
8.140612535020720486e+01
8.469588515702461962e+01
8.372168058660116685e+01
8.660688871714918946e+01
8.279412014040325118e+01
8.100184475036482468e+01
7.641705002662048685e+01
7.723550514255950361e+01
7.917793942472989954e+01
8.580645373722734348e+01
8.269121319920309077e+01
8.911577595671087693e+01
8.907069305955498351e+01
7.879924293662578805e+01
7.624918757564100247e+01
7.662774052243261735e+01
7.400545894238759104e+01
7.717036970748601732e+01
7.578418813380137919e+01
7.338146958350660043e+01
7.293411896528714067e+01
7.256532188911295123e+01
6.803002877666418158e+01
6.844006772115380954e+01
7.033952936642636189e+01
6.934780212993723580e+01
6.952934727451469143e+01
7.152694685092527038e+01
7.190722124929949644e+01
7.229266878536850527e+01
7.145210909042293679e+01
7.674774633558307357e+01
7.358277955650625302e+01
7.940165408525851376e+01
8.455344437716225059e+01
8.316558250530749774e+01
8.121776227668927106e+01
8.142729335923625911e+01
7.977091773499918759e+01
7.809610798047789615e+01
7.757234346032490180e+01
7.473902981117737454e+01
7.414538035875234812e+01
6.789486549066714360e+01
7.118118369892985697e+01
7.334529164144269942e+01
7.252956746848809644e+01
7.487450453044722565e+01
7.555320495401923608e+01
7.160112499375611606e+01
7.211496086750622680e+01
7.036029052650167159e+01
7.387686739652876611e+01
7.472509326809343122e+01
7.763926841587320382e+01
7.364408491616421770e+01
7.487491166543699705e+01
7.866284914668226236e+01
8.330926552119613859e+01
8.043097224629455866e+01
8.148996270302663447e+01
8.042270601984600376e+01
7.892829530706778485e+01
8.005694762441997625e+01
8.206234348555214808e+01
7.833848893021651349e+01
8.069727001756267271e+01
7.622524416993660168e+01
7.641727339972234745e+01
7.788827717337488821e+01
7.392598157000134051e+01
7.566827452317608049e+01
7.770041414326381357e+01
7.373690247138331699e+01
7.309760585571920899e+01
7.327624602019437816e+01
8.123052557649752714e+01
8.130506015336077041e+01
8.402646478474719061e+01
9.361273809214409880e+01
9.203038916172879169e+01
8.687978550458619509e+01
8.089852356582557036e+01
8.457512527476728792e+01
7.705252741983568399e+01
7.572606350095608718e+01
7.677385421020913725e+01
8.027324903173976622e+01
7.890026988645990969e+01
7.980938718715744074e+01
7.728479882341891027e+01
7.532322832537589363e+01
7.811588181738844128e+01
7.517245819334017654e+01
7.212083380865698246e+01
7.131031535589299608e+01
6.966625383286391582e+01
7.443850943552665456e+01
7.711378630414515101e+01
7.609801475468169940e+01
8.186128974270121716e+01
8.081549520260601582e+01
8.134312281355647656e+01
8.541102966926358420e+01
8.302514009389099670e+01
8.509394302156124468e+01
8.864950702028296803e+01
8.437588959193634253e+01
8.397802452027504216e+01
8.386364467663149469e+01
7.720707546836163715e+01
7.294155731711542501e+01
7.252958974661365232e+01
6.781310192654424895e+01
6.420406890931299415e+01
6.507948504648152266e+01
6.859181291924097934e+01
7.496833916341714144e+01
7.226334292563338124e+01
7.065794488490237768e+01
6.954528748704944974e+01
7.356116143384349471e+01
7.559464870634616318e+01
7.454358154085164756e+01
7.759020753797224756e+01
7.783557526088158340e+01
7.987675745657249138e+01
7.936820726144547677e+01
8.091617828152091363e+01
8.155899532912498273e+01
8.231648830230557223e+01
8.229518639676639680e+01
7.687302651557747879e+01
7.354684515266373523e+01
6.640731184992364433e+01
6.876984501662819582e+01
7.153079565379329097e+01
7.740801291505185588e+01
7.777840924177796467e+01
7.791924086194100596e+01
7.615921153211390049e+01
7.586598900549404334e+01
7.660018722872938213e+01
7.572420271476482867e+01
7.768927200571894787e+01
7.612549021074349298e+01
7.709245222034205369e+01
7.776332764126922825e+01
7.919802734527533516e+01
8.797336324067693170e+01
7.580501094662710670e+01
7.257946836430561177e+01
7.600143792228752204e+01
7.336139872041805177e+01
7.800430371857144962e+01
8.027156726949630183e+01
7.574790401519655347e+01
7.583017277969214831e+01
7.358882950232438702e+01
7.927027637102257529e+01
8.104151735482949448e+01
7.475846273069787173e+01
6.909225093860433731e+01
6.742358736291043897e+01
7.204192089058496151e+01
6.805177228570205727e+01
7.159476105338353591e+01
7.512614536203989246e+01
7.786912677525486970e+01
8.436410979993192427e+01
7.694394244767875080e+01
7.830898175536397332e+01
7.142187257063667971e+01
6.824037230095449047e+01
6.624537364362112157e+01
6.461800926299095238e+01
6.371108790079854600e+01
6.897016450672263943e+01
6.930277466400167441e+01
6.882002557691799893e+01
6.990333539370975302e+01
7.045350826027312507e+01
7.321770666670605010e+01
7.665021529584633697e+01
7.085884397379261657e+01
7.417768018637535477e+01
7.679183302300140213e+01
7.912834945228003392e+01
7.570527103219379228e+01
7.378768557362880642e+01
7.735456771002250775e+01
7.816456881733256523e+01
7.497770220367665672e+01
6.996721036785832837e+01
7.005956085637704689e+01
6.552589014795167088e+01
6.302616510818721451e+01
6.639078686895592796e+01
6.496720107371105257e+01
6.385939031634612917e+01
6.955681505970926537e+01
7.430638917243489061e+01
6.814765892442133577e+01
7.176449913603968866e+01
7.087470241327523013e+01
7.618966864120876892e+01
7.685962348686369694e+01
7.723286455670327655e+01
8.876661715155928789e+01
8.872179568220006729e+01
8.120916207284193433e+01
9.066325527245270166e+01
8.077070052019035984e+01
7.803000150999989160e+01
7.958642881719018192e+01
7.981615454389019249e+01
7.597638466483030584e+01
7.671180676782114460e+01
7.156065139959670773e+01
6.817611062327287641e+01
7.019322021692833857e+01
7.461505250443661907e+01
7.234770400185006167e+01
7.078430814761787815e+01
7.690074526671567412e+01
7.835774109371062934e+01
7.374280750389003458e+01
6.931210104560922503e+01
6.865955349873837577e+01
7.320439765904814067e+01
7.529174933020594551e+01
7.629111218002840644e+01
7.444491347053813968e+01
7.468665693193752020e+01
7.571651700207401348e+01
7.163429782011083091e+01
7.604151330715576762e+01
7.954400005231774173e+01
7.678854080995472486e+01
7.660659511465421190e+01
7.575951175727993814e+01
8.120387578286846519e+01
8.348818865176320969e+01
7.448451458979776874e+01
7.741713152096015449e+01
7.640938271768285972e+01
7.505147916416606790e+01
7.385042149641918741e+01
7.277202018677748185e+01
7.255482579009205324e+01
7.036805119107785345e+01
7.098319227558427258e+01
7.377381520256673753e+01
7.305743917778316643e+01
7.423901302439794847e+01
6.845810409872947844e+01
7.474814977678546768e+01
7.453718231979793529e+01
7.939501091544020994e+01
8.288615953648697143e+01
7.568624642582319950e+01
7.939372793092621805e+01
7.566701707137339383e+01
7.991782038499788143e+01
7.699497025008692219e+01
7.674038744688495228e+01
7.513204076449513025e+01
7.429372703023000213e+01
7.092030682674275965e+01
6.930371435588182294e+01
7.370022006397633163e+01
7.798949692538897693e+01
7.794371599391925542e+01
7.840081115258124100e+01
7.598666666005009063e+01
7.972943924734684629e+01
8.199750070272855851e+01
7.994373423100094556e+01
8.577704580117952560e+01
8.878310584787854509e+01
8.690846877648068869e+01
8.402590157776373303e+01
8.033380557537310551e+01
8.340072712503548757e+01
9.051780743010979791e+01
8.685367047145709307e+01
8.618590585452776054e+01
8.487627424637952345e+01
8.599477418332190837e+01
8.869942890127482826e+01
8.502383845246313854e+01
8.564659909514844571e+01
8.594399790356416702e+01
8.099940041535353430e+01
8.096544752218959218e+01
7.809383213594591666e+01
7.916316507456149054e+01
8.323080669147202570e+01
8.513581614333779157e+01
8.353099049827403633e+01
7.802890392210038328e+01
7.802180158421968770e+01
7.695444120085949180e+01
7.323781134984020014e+01
7.326148806850518724e+01
8.215385852922113941e+01
8.001413081959424289e+01
7.790841047290416554e+01
8.074853598275765876e+01
7.672780852856307376e+01
8.634891860684842868e+01
8.731653635832860516e+01
8.510437933690458578e+01
8.283043961340605676e+01
8.749848620564355883e+01
8.139755324490046462e+01
8.118601664157988296e+01
7.880391736856154239e+01
8.097879858490419736e+01
8.134936475196690253e+01
7.869439981563330377e+01
8.026771261546110736e+01
8.205380649026592721e+01
8.418727457948529036e+01
7.644500251827541604e+01
7.581119630848405677e+01
6.875182715683368428e+01
6.406109167197885768e+01
6.417390194299747463e+01
6.821017886312797884e+01
6.389280749774973600e+01
6.645466892530218672e+01
7.227534606994912281e+01
7.061033854875516624e+01
7.494319108211023206e+01
7.258871478359790785e+01
7.351659273520448323e+01
6.967211511063113960e+01
7.711830465889588027e+01
7.267510219404529437e+01
6.981514050616378597e+01
6.941222559052364716e+01
7.264071085744777179e+01
7.504664923788334363e+01
6.628664087963318252e+01
6.741975509197767735e+01
6.584738866926458911e+01
6.535014342626894290e+01
6.434511718833357463e+01
6.725238704097154141e+01
6.863006594037477726e+01
7.134329176659390725e+01
7.190427883721021374e+01
7.361192834432841892e+01
7.467300286293124145e+01
7.453472040737528914e+01
7.344232261808321027e+01
7.296421582662992478e+01
7.517090174420367532e+01
7.148165931936985373e+01
7.003641210825252017e+01
7.202634974010373980e+01
7.171345563855710736e+01
7.278411209288360340e+01
7.328084889620575382e+01
7.326706201065722723e+01
7.247228025359433445e+01
7.255085695021138292e+01
7.779381830776490858e+01
7.132173533708787261e+01
6.439301333144291561e+01
6.276251967941153254e+01
6.342654829935589333e+01
6.957942283029605335e+01
6.985606319318351609e+01
7.432915443148812074e+01
7.413361615545541383e+01
6.988968250173394381e+01
6.992477369103696105e+01
7.321626785073465271e+01
7.717130135317032114e+01
7.226622547147604791e+01
7.527206860042632286e+01
7.685801526724053190e+01
7.412040749756914693e+01
7.852687026595832265e+01
7.385884932985850071e+01
7.425367135171147481e+01
7.136839501807251906e+01
7.225907837054477056e+01
6.947718861441828153e+01
6.919499835846407620e+01
7.497165998981580515e+01
7.501572489564698287e+01
7.270444646487727880e+01
6.882671356454856948e+01
6.718738497944073629e+01
6.862259228310350068e+01
7.410295973734524466e+01
7.354969907617962122e+01
6.820301717839049616e+01
6.790668835960426009e+01
6.680506940332942634e+01
7.264423888103283389e+01
7.176804906458859534e+01
6.880619476203254692e+01
6.640958163098817124e+01
6.886756809890917452e+01
6.763073294723791662e+01
6.940681337088902580e+01
7.545030126056693121e+01
7.635106220406923683e+01
7.953705355675651845e+01
7.896396733953788782e+01
7.571381855429447683e+01
8.037863116526109764e+01
8.004538695784653157e+01
8.041189079030115749e+01
8.244303391711221707e+01
7.963324477514815669e+01
7.970924587720232068e+01
8.050908828647575888e+01
8.341112832458797754e+01
8.220974663201282340e+01
8.383696843949384458e+01
7.880325770088789739e+01
7.642326646426231207e+01
7.405135466964080138e+01
7.682823306101235517e+01
7.354629710921064145e+01
7.726155680020738714e+01
8.023557662631242238e+01
7.956714604831580573e+01
8.000578902396104297e+01
8.054914817678003658e+01
7.940398820802523971e+01
8.283842657737753257e+01
8.072662752989357671e+01
7.994590308758779429e+01
8.617434818017046894e+01
8.464324278886594755e+01
7.997045678606276908e+01
7.923651309117917663e+01
7.763523215974191771e+01
7.470420951558766376e+01
7.570110907651138632e+01
7.863405662248446504e+01
7.521440052914216778e+01
7.734118892094133457e+01
8.059150472558509648e+01
8.527955662296064077e+01
8.509915323028275225e+01
8.617357706325215361e+01
8.132592162504100486e+01
7.435657020540934070e+01
7.087857823657007827e+01
6.874597278021803959e+01
6.887958341308559795e+01
7.122161255404022029e+01
6.596780963994724800e+01
6.402431824502541247e+01
7.076100020643872313e+01
7.290866741332146717e+01
7.381356806639197998e+01
6.903527551345150925e+01
6.676352059156165808e+01
6.940950921581487876e+01
7.220279414732748080e+01
7.615116266136654133e+01
7.796054190990152222e+01
7.614691431409860911e+01
7.693177099679191144e+01
7.725897174042860627e+01
7.414372391588098310e+01
7.801087724113514810e+01
7.842728755195787471e+01
7.857191293903780149e+01
8.535518800903535919e+01
8.973694906655799741e+01
9.467559837546716039e+01
9.266712335220329066e+01
9.015991358494632379e+01
9.168952783373777038e+01
9.161922906977684988e+01
9.086198916560486794e+01
9.083588917531803020e+01
8.670376583848248231e+01
8.098265729679555136e+01
8.176064565729197398e+01
8.206901048835182166e+01
8.009442375566597150e+01
7.724070610392541880e+01
7.926215894006786300e+01
7.883243533219257415e+01
8.142597820483280202e+01
8.288479511867832628e+01
8.840044162989738652e+01
8.874141818013951877e+01
8.901263199193475373e+01
8.749158728911930893e+01
8.179751564876156067e+01
8.319207800364733885e+01
7.891314658916085989e+01
8.060045384354857845e+01
7.521852466400457615e+01
7.597602323789865864e+01
7.283921467944509232e+01
7.379139061358090146e+01
7.324867294930712092e+01
7.819327277698448597e+01
7.938559671945279206e+01
7.877692551537317911e+01
7.786441622293962439e+01
8.143446572610312728e+01
7.687644704855961209e+01
7.496575870864431579e+01
7.591849380375293777e+01
7.530810385438374510e+01
7.269065556041297782e+01
6.970565635537768401e+01
6.897662830852564753e+01
6.333434578762801692e+01
6.274761092941466956e+01
6.329883136597635485e+01
6.190909540226055441e+01
6.595436616915357320e+01
6.961383831458866212e+01
7.202618326688286743e+01
6.952658017077989427e+01
7.823877740982420903e+01
7.731473777372914924e+01
7.967872057299203448e+01
8.174246606344036081e+01
7.872851778228711339e+01
7.808213131053992129e+01
7.601296699348786490e+01
7.688646106026439497e+01
8.314595526114445079e+01
8.394339302400076974e+01
7.088515192713045110e+01
7.221872584155937602e+01
7.541676685776862143e+01
7.131379884096033095e+01
7.574680425252900307e+01
7.503682906331603419e+01
7.803168479655404610e+01
7.618766895304915465e+01
7.523917747547753265e+01
7.998186260032940709e+01
7.935327142718385574e+01
7.164392149373549046e+01
7.474850312246509532e+01
7.698070189178275768e+01
7.495343849028061811e+01
7.984932336033529054e+01
8.290244257934845962e+01
8.615668846714613949e+01
8.361483181969769873e+01
8.097736326215910196e+01
7.754579898421822293e+01
7.584482863911115658e+01
7.788722719845922882e+01
7.452053411745350786e+01
7.699661252559806712e+01
7.611433506534729077e+01
7.025756625712543268e+01
6.550395733541144239e+01
6.582163553320141602e+01
6.918127114471303685e+01
6.788454063876375244e+01
6.765557026990757095e+01
6.676146391775897371e+01
6.303985979416246721e+01
6.162549275153641304e+01
5.845850104060361474e+01
5.786437342333807976e+01
6.323493180822375592e+01
6.401197336502195867e+01
6.369755431089543407e+01
6.449869995578164605e+01
6.470692541664408282e+01
6.462747802287024967e+01
6.724500364998706914e+01
6.837069216214875667e+01
6.889448469675427589e+01
7.188629278986019244e+01
6.876110938820328045e+01
7.214733031333868496e+01
7.208680733621515913e+01
7.880098383264096640e+01
8.521534116360138000e+01
7.990568565398470469e+01
7.533903354164299060e+01
7.791975048112013269e+01
8.249034361783672864e+01
7.658002930650972928e+01
