8.221462266920708828e+01
8.195512010409080972e+01
8.159775126495931374e+01
8.118693125257156851e+01
8.059671674269938535e+01
8.011661773156025390e+01
7.954290550208757793e+01
7.898259457180971310e+01
7.852065279032055400e+01
7.792746946363483573e+01
7.732052505243494522e+01
7.702863813959514516e+01
7.651912954918880416e+01
7.597409867475134604e+01
7.550806858935111165e+01
7.554720777379070284e+01
7.537793905936011640e+01
7.508099205226037043e+01
7.485521635247991412e+01
7.457641445462900265e+01
7.449220866446232492e+01
7.424127708032209227e+01
7.380095026069940900e+01
7.367879443688501340e+01
7.341166397429158508e+01
7.332756061182804785e+01
7.307872335045584578e+01
7.292325910922630783e+01
7.278790323480524194e+01
7.265284668904203613e+01
7.251361441783882356e+01
7.225216431107696735e+01
7.189775279033506195e+01
7.168446988464998526e+01
7.151345397879751431e+01
7.141029204112872719e+01
7.099538270528339012e+01
7.105279132465521741e+01
7.087512423886953172e+01
7.066502878843185442e+01
7.049473293113221928e+01
7.037319988222958500e+01
7.017600575832803145e+01
6.995461818818527888e+01
6.980300887214528416e+01
6.974347622740610575e+01
6.947248268854819742e+01
6.918527819570100235e+01
6.911267333027704751e+01
6.891271815105731946e+01
6.882621400154448565e+01
6.868118641357369825e+01
6.859852129780354346e+01
6.847314524629452137e+01
6.820919473979610359e+01
6.803948595058788840e+01
6.806836985456219224e+01
6.795002288562483272e+01
6.782753219383947396e+01
6.783674509936285801e+01
6.769459361052246038e+01
6.775871418910647037e+01
6.755460057041563005e+01
6.729567562547011050e+01
6.713835788109291514e+01
6.709279774105679905e+01
6.700634587434440448e+01
6.679810759809615206e+01
6.660088896332484865e+01
6.653786144089109200e+01
6.652714074128809330e+01
6.641773725752040036e+01
6.632360946396950396e+01
6.623420137704198396e+01
6.621573083458001463e+01
6.608197014340314013e+01
6.590864319925174186e+01
6.577337110534632814e+01
6.562095691553173538e+01
6.536269133060082481e+01
6.523233907559909994e+01
6.512567671200665131e+01
6.507834642671392089e+01
6.496524820360663455e+01
6.488952206650594690e+01
6.497546799153931829e+01
6.483369245072606191e+01
6.479225670141451587e+01
6.466990633649078291e+01
6.455234758108666426e+01
6.436576437203184753e+01
6.427885321104776040e+01
6.431437520184178425e+01
6.409369184890189786e+01
6.389139621199010577e+01
6.393581260885989792e+01
6.377854116491283776e+01
6.374127445444857187e+01
6.379265396987894121e+01
6.353477981063315383e+01
6.339137656192853143e+01
6.335439753083905146e+01
6.301846350000992913e+01
6.279719545800853098e+01
6.263899175128144492e+01
6.253074297588484853e+01
6.250193652823104884e+01
6.246969514029355963e+01
6.229173226925245643e+01
6.230590140941927046e+01
6.224757515780654415e+01
6.221103391032536933e+01
6.202548125591567185e+01
6.191716856021815119e+01
6.190815711189541304e+01
6.187737346521660697e+01
6.185954146097265038e+01
6.162362795927095505e+01
6.164397219185869403e+01
6.149601654614255608e+01
6.141153582261105726e+01
6.122490610652234722e+01
6.104408906619462982e+01
6.095106893864797826e+01
6.080520555748329059e+01
6.059582124343194920e+01
6.061985653618538805e+01
6.050075910057226025e+01
6.052186671943869101e+01
6.044330494958460065e+01
6.035036633523009186e+01
6.029860205169550369e+01
6.032095897027635800e+01
6.025885845112382810e+01
6.021795869463925044e+01
6.025977953365438111e+01
6.024248141169574922e+01
6.014355842900395999e+01
5.996480223600918436e+01
5.991456719917709961e+01
5.988285383075253776e+01
5.978868236375013367e+01
5.964615199781929533e+01
5.966959918536770857e+01
5.962862533977154555e+01
5.953654971676086660e+01
5.941737872303501433e+01
5.943415162923800210e+01
5.936056589044442688e+01
5.929508390143639929e+01
5.936461114160582042e+01
5.924726087219906390e+01
5.918809983088221571e+01
5.920411699200946032e+01
5.918952557580920626e+01
5.923849447341634544e+01
5.919085508260901207e+01
5.913345896036720717e+01
5.927330106248344777e+01
5.930531909483114816e+01
5.927192048355842502e+01
5.924967933136761644e+01
5.921597637850519646e+01
5.913173202226300873e+01
5.903383312254370452e+01
5.907956658128455985e+01
5.914209711947918890e+01
5.914943408708619899e+01
5.890739915464757814e+01
5.893399522937753687e+01
5.884146471357061614e+01
5.871209163533967512e+01
5.865291175596640016e+01
5.851857874997270414e+01
5.844840529862219825e+01
5.848461037083853142e+01
5.833021412837128139e+01
5.833552006171419180e+01
5.839002440576008723e+01
5.838667888366739334e+01
5.832532875555332907e+01
5.839640624957259973e+01
5.831035032592962608e+01
5.818377133045387950e+01
5.802643526301314836e+01
5.800895135384521240e+01
5.787552219443138313e+01
5.783023189754083404e+01
5.784327334877276172e+01
5.776326744538817337e+01
5.783458742524425844e+01
5.789171764037599388e+01
5.785448771504397314e+01
5.768775360744003677e+01
5.767300167415390177e+01
5.772625190386753502e+01
5.774087770376614515e+01
5.780333394179848483e+01
5.782857900491296022e+01
5.775595432741141622e+01
5.761411058429975185e+01
5.751405223833742753e+01
5.750855603910967062e+01
5.743287485188518815e+01
5.731903302980980186e+01
5.727505591042125843e+01
5.733395096566501792e+01
5.725329899891715257e+01
5.723537798322340819e+01
5.719613210148599336e+01
5.719832134480033403e+01
5.709632754019492751e+01
5.704777831835198754e+01
5.694146482833771472e+01
5.693303056724190014e+01
5.690394589772702716e+01
5.677137528332799121e+01
5.664688602329809441e+01
5.655830320068437800e+01
5.671195618061210553e+01
5.670755395563145385e+01
5.648368990727708194e+01
5.637930877218615677e+01
5.639865426831063644e+01
5.629079937706728032e+01
5.622227047476032880e+01
5.628024346227959995e+01
5.632600150634904423e+01
5.631601739133027706e+01
5.636135688504770513e+01
5.622698512675915339e+01
5.626663527145499444e+01
5.620232948974550879e+01
5.618334622324356076e+01
5.604794846076291037e+01
5.610103383323819770e+01
5.592618760211253459e+01
5.584506078754316860e+01
5.594091905169135259e+01
5.595195844472042523e+01
5.585663466660410847e+01
5.586175021513614070e+01
5.586584144869279100e+01
5.579621041303209239e+01
5.569232801454629822e+01
5.559848809558359051e+01
5.558170418608080610e+01
5.551984479111601445e+01
5.557330304100799623e+01
5.566970351830698149e+01
5.554453539477156454e+01
5.561108437669206239e+01
5.556229564625717643e+01
5.543929550523262861e+01
5.543699215810726599e+01
5.542260220510457458e+01
5.539733320493646573e+01
5.540635512437076216e+01
5.546931965155650346e+01
5.546282819676619624e+01
5.544339967935449209e+01
5.542604173217100083e+01
5.527315695941238971e+01
5.518961175834495236e+01
5.518270581279752918e+01
5.510838834717381474e+01
5.513626595779704331e+01
5.512942545662886573e+01
5.513635243402404029e+01
5.493529764063917042e+01
5.485381740066846135e+01
5.488181631236678726e+01
5.477726232161664655e+01
5.470893056221286344e+01
5.466413385175551554e+01
5.462414338167717176e+01
5.456991182084171044e+01
5.447590216199966306e+01
5.449276247821129004e+01
5.439102772276594067e+01
5.436063192318825088e+01
5.447439440865021254e+01
5.450590865060377155e+01
5.451670334581772437e+01
5.458691100901094018e+01
5.459749435622352820e+01
5.447565413863919304e+01
5.445509786554661957e+01
5.448583189493969314e+01
5.451150971298970660e+01
5.443708664434412725e+01
5.438493050499837977e+01
5.430335478574460950e+01
5.442975077548985041e+01
5.447669034300501067e+01
5.443711088292139522e+01
5.439211609232089728e+01
5.441213687357922879e+01
5.430063525553177328e+01
5.417618638576464463e+01
5.400613274993080637e+01
5.387153108491640552e+01
5.389794839232745716e+01
5.383343684148815811e+01
5.375521954858830043e+01
5.369298491477570678e+01
5.374366055520473395e+01
5.348744691329236645e+01
5.346851582887524756e+01
5.362620572216722792e+01
5.367637112862473003e+01
5.375044500287430793e+01
5.380415738405716297e+01
5.385993838297812175e+01
5.383300184664077648e+01
5.376872143555066685e+01
5.367014395807905913e+01
5.364303629985448651e+01
5.368733762817837629e+01
5.360594886269398529e+01
5.359929429344077789e+01
5.347161542398074374e+01
5.340399548076295133e+01
5.330935202350804758e+01
5.339649765464093889e+01
5.344056571390539290e+01
5.342594555482610019e+01
5.330601993806202188e+01
5.329598873402780157e+01
5.321643330268936722e+01
5.327711734416160283e+01
5.324230814829105896e+01
5.325597958518965669e+01
5.328710536378909524e+01
5.335410284920849477e+01
5.333669740745228438e+01
5.337278776734682140e+01
5.326820228716388073e+01
5.333287248345213527e+01
5.337286592225301263e+01
5.332977621140691582e+01
5.318878379975996040e+01
5.309653573280719741e+01
5.308526048083886195e+01
5.310641447099941104e+01
5.307601905033158829e+01
5.303271965199067495e+01
5.288827185813232745e+01
5.278252734209682728e+01
5.283863769428906920e+01
5.285544671062426403e+01
5.286987532951765445e+01
5.289869119613131687e+01
5.286066295999487608e+01
5.295169084507899981e+01
5.294640588144892490e+01
5.293731462832092660e+01
5.304050212063708614e+01
5.298312724173064936e+01
5.300533728830034619e+01
5.293114361982475202e+01
5.293149251398899935e+01
5.291426041820422199e+01
5.273939056675516923e+01
5.270023016121619008e+01
5.267327551392565965e+01
5.270183229790384161e+01
5.251336392623463922e+01
5.248087546875869691e+01
5.262313269349036204e+01
5.260950148690486117e+01
5.248924616711794044e+01
5.260053052086350789e+01
5.252494442505101091e+01
5.245139452884792775e+01
5.246371128947653517e+01
5.240038767458411684e+01
5.236340351559559991e+01
5.228567197536408173e+01
5.220110135452439692e+01
5.206462798832378525e+01
5.206458125381900715e+01
5.203058570751002065e+01
5.190407434666636988e+01
5.184790751597913072e+01
5.190905391567445548e+01
5.188890050361447948e+01
5.190159332743943565e+01
5.196377098299018371e+01
5.201416264325150962e+01
5.195806728241690564e+01
5.189306507626682219e+01
5.181377386535518781e+01
5.183272970669754898e+01
5.192403764964274160e+01
5.201627208970096916e+01
5.197151967877575629e+01
5.200740712857498238e+01
5.201548060964276488e+01
5.211003720717370413e+01
5.205627968273942940e+01
5.196123549990385015e+01
5.194633499949466682e+01
5.191753453476186309e+01
5.189401936219118738e+01
5.193332175641983639e+01
5.196232146697224152e+01
5.188274298009593366e+01
5.197421218297905909e+01
5.180261440767066716e+01
5.175650270730089630e+01
5.176291494938593019e+01
5.177268028053490667e+01
5.176239094207571156e+01
5.162937733791719097e+01
5.166907500226044903e+01
5.169780661376273656e+01
5.165787386010629945e+01
5.167810517788691982e+01
5.165114062356828839e+01
5.171397218786681549e+01
5.160369575836872258e+01
5.169513436171852305e+01
5.168473887386890198e+01
5.165537183513312414e+01
5.163255585914403412e+01
5.160109668001805261e+01
5.147389112318074922e+01
5.151817095059507778e+01
5.151064510884069847e+01
5.142598549024662447e+01
5.133392153960072335e+01
5.129335916768066994e+01
5.130591501034652424e+01
5.122610990844705725e+01
5.112735062044827572e+01
5.103446801502360586e+01
5.106587837258728513e+01
5.108319152794209828e+01
5.101612081169473356e+01
5.104206108450280510e+01
5.108715542496951656e+01
5.115051477464783858e+01
5.104890638077135634e+01
5.107103936861781079e+01
5.104481251263003116e+01
5.105767588572719262e+01
5.106740900445599607e+01
5.105814008027240902e+01
5.122416655705537636e+01
5.110399291124325316e+01
5.101678933155614715e+01
5.108493742447314645e+01
5.098087206849504582e+01
5.109053105277852325e+01
5.107954256046178187e+01
5.102413399021155271e+01
5.075826617139178154e+01
5.060267563286011239e+01
5.051238600923155531e+01
5.042215808796992604e+01
5.052546967545329437e+01
5.054339341749199832e+01
5.050310582347329103e+01
5.033620538413218526e+01
5.033453719577578056e+01
5.019966652488768233e+01
5.024198329186344125e+01
5.021264593025245659e+01
5.019718475356155096e+01
5.009464352964601375e+01
5.014088740291681745e+01
5.013713424751261272e+01
5.008057105753540128e+01
5.010827794873593888e+01
5.004888138845201695e+01
5.005754535625633395e+01
5.001763255784233309e+01
5.009703580181295735e+01
5.009970683707263817e+01
4.997669924701767741e+01
5.001451578933265552e+01
5.009252902089398418e+01
5.010623390391565124e+01
5.020279830367559271e+01
5.023974656924950466e+01
5.023022323449087878e+01
5.026694427713238156e+01
5.030725399113279650e+01
5.029753034838763170e+01
5.022845655643232021e+01
5.029401572022386802e+01
5.031859029049456211e+01
5.033575274298491564e+01
5.031371194168524141e+01
5.034489890817948776e+01
5.034410850915273983e+01
5.025289043289545532e+01
5.022938539118035095e+01
5.010527368158903272e+01
5.017723927450519028e+01
5.022967285318674158e+01
5.024718324091058008e+01
5.022210017094535317e+01
5.027831810017949010e+01
5.024818518231237618e+01
5.020390397270733729e+01
5.020787394597530806e+01
5.014787107028379154e+01
5.011329863395934581e+01
5.019536958095250156e+01
5.012229695905722338e+01
4.998841342895944706e+01
5.000942217418625546e+01
5.007386111067104650e+01
4.996733371522351064e+01
4.997799683755700784e+01
5.002926037594363606e+01
4.969693877514755087e+01
4.971721176147241295e+01
4.959077744393497511e+01
4.961128808202116147e+01
4.958541539223773498e+01
4.956590340844084608e+01
4.958061698934055528e+01
4.963216022655593207e+01
4.957317800833359200e+01
4.959763853221284080e+01
4.960091384517402702e+01
4.957583522814357480e+01
4.962487277633881888e+01
4.961630401013584901e+01
4.966543817924096516e+01
4.964368425660630635e+01
4.972359402866810285e+01
4.972415159255222505e+01
4.975141029979270968e+01
4.971324764426403675e+01
4.966528914727783928e+01
4.962127155049463312e+01
4.960745139425526418e+01
4.969901160521613548e+01
4.972294849675542849e+01
4.972348794700380381e+01
4.971897085714147124e+01
4.971445356428826301e+01
4.972480776790522583e+01
4.969732367025725495e+01
4.965057184960064518e+01
4.953107780907745195e+01
4.950433669862783148e+01
4.950199276420365635e+01
4.945195293454549557e+01
4.946081433759573542e+01
4.938301201415018937e+01
4.954871077802927459e+01
4.950306664204146756e+01
4.935301420115552418e+01
4.935279812823511492e+01
4.946051982644538469e+01
4.938324840684016692e+01
4.946816302909850549e+01
4.941581263323502071e+01
4.929109615539079670e+01
4.932488418267787011e+01
4.932236664495263057e+01
4.941118840780944765e+01
4.936704715060901805e+01
4.934598174535858561e+01
4.928153467120345255e+01
4.929462580826287876e+01
4.931576353750455155e+01
4.933753005594753205e+01
4.928061126149417248e+01
4.929263631870747986e+01
4.940484337784413071e+01
4.943668302109954027e+01
4.959781970636569071e+01
4.971494255658431882e+01
4.956253337540352533e+01
4.943070922553033597e+01
4.946675786208267311e+01
4.948164242686407732e+01
4.941321001857288309e+01
4.944572157362319587e+01
4.943088545531163902e+01
4.946813509742684545e+01
4.936085692392573776e+01
4.932354539355081613e+01
4.947929993591613140e+01
4.946631208811592728e+01
4.945969699012022858e+01
4.947009350657889826e+01
4.948804118318516032e+01
4.953907742313489138e+01
4.944548829100569520e+01
4.947928151208791547e+01
4.945813806150187730e+01
4.940310671381521246e+01
4.929431520466524574e+01
4.934290178938226035e+01
4.933692800065122697e+01
4.936044172381144790e+01
4.920903323018118414e+01
4.922907642293280617e+01
4.917960374423451242e+01
4.915302096019107836e+01
4.914707941678908298e+01
4.908149353500515133e+01
4.908988425978454018e+01
4.912035831904638883e+01
4.912573543905364915e+01
4.902981427188953489e+01
4.903931672018256904e+01
4.902104589877846053e+01
4.911226348144039378e+01
4.922982056641951232e+01
4.916224335349819796e+01
4.916751835864195641e+01
4.913542678187518220e+01
4.931911253921460059e+01
4.933616349883620700e+01
4.938738939202728773e+01
4.951288133280201720e+01
4.951682784991446340e+01
4.943264494942070542e+01
4.936523241320672639e+01
4.938606379605901253e+01
4.928024218462178396e+01
4.933485873766587559e+01
4.939925602595742760e+01
4.949383809236801568e+01
4.951780678043071759e+01
4.948108254361925873e+01
4.944076401019049882e+01
4.941384249849691912e+01
4.951910214375561026e+01
4.945769805278690257e+01
4.940582412205599638e+01
4.934639157413607080e+01
4.926640157220584371e+01
4.932114566788267496e+01
4.936665203058005602e+01
4.921934684391472814e+01
4.938039209192183421e+01
4.931698297692593513e+01
4.930783557062063238e+01
4.945966680578078467e+01
4.937463543579752212e+01
4.936437106765782801e+01
4.937181755525801918e+01
4.938486101407929851e+01
4.931930981529875879e+01
4.930885588450144041e+01
4.931797385822153501e+01
4.920545934691165968e+01
4.916120050329104174e+01
4.914922491772384916e+01
4.914520646875018173e+01
4.916135646322095454e+01
4.915181877145873557e+01
4.924137427381800336e+01
4.917462079693460453e+01
4.919575230459162185e+01
4.916365637193631244e+01
4.919834808280150185e+01
4.926089922075941985e+01
4.921678861151213624e+01
4.920524388822693140e+01
4.921743062191774953e+01
4.924839856756214118e+01
4.922717177810468314e+01
4.928654721344332756e+01
4.923347467452038728e+01
4.930234158404320510e+01
4.927363319478834569e+01
4.925758691364494268e+01
4.922537978265452807e+01
4.906036748255345969e+01
4.904254917800575697e+01
4.910850230464343724e+01
4.909759936658362278e+01
4.916739637171897925e+01
4.904974539103632480e+01
4.912888119768357598e+01
4.905701778166221061e+01
4.904531857053934374e+01
4.901172784142386263e+01
4.905343041091209955e+01
4.895227303507470396e+01
4.899033764627664311e+01
4.890837058167017659e+01
4.884124148292301015e+01
4.894326820881884998e+01
4.877826313349408593e+01
4.876861535215280696e+01
4.886440396731305214e+01
4.881925131923348715e+01
4.881393835554238336e+01
4.896050947054054348e+01
4.896149371483392088e+01
4.891353612078683000e+01
4.892110056732581569e+01
4.905320726138760534e+01
4.907758424997953739e+01
4.897517119268989205e+01
4.887668656862346239e+01
4.881271663265876981e+01
4.890657553567533000e+01
4.883132741235760221e+01
4.884498169713238980e+01
4.885501050569045134e+01
4.886435510457007325e+01
4.900989462951377362e+01
4.890157105831053741e+01
4.894283072810078750e+01
4.889266060080084486e+01
4.890153967232687648e+01
4.888037840724281580e+01
4.885705427564168701e+01
4.885778230184490667e+01
4.890516133809308741e+01
4.885478000140459187e+01
4.884284025756858227e+01
4.879492503148595262e+01
4.878190375166617088e+01
4.886190093730218109e+01
4.892053021939542390e+01
4.881382606841975758e+01
4.877223326364036637e+01
4.877786913033515503e+01
4.877875988431891585e+01
4.876688762989662251e+01
4.867373809788154659e+01
4.882643491365426058e+01
4.894334284940638469e+01
4.889430466770473060e+01
4.888393022334830107e+01
4.901412794523183436e+01
4.888429937329152608e+01
4.875813241568475576e+01
4.888534290103957147e+01
4.892961852232889441e+01
4.890189780942352371e+01
4.906853436662381540e+01
4.917527750796570984e+01
4.894702070139256733e+01
4.897203402842553288e+01
4.888966474314700150e+01
4.896251419871961730e+01
4.901628153571554236e+01
4.900513013695930198e+01
4.911530319917539344e+01
4.913395381474969525e+01
4.908798975267022513e+01
4.932865047645446310e+01
4.910308706187419148e+01
4.909879099955791304e+01
4.920734736991370539e+01
4.923255121594601746e+01
4.903326058954468181e+01
4.904680379717306238e+01
4.901523423949911518e+01
4.891503579709108607e+01
4.897294826093182252e+01
4.902716845302305870e+01
4.893400999507301208e+01
4.882336021962564843e+01
4.889318607251559712e+01
4.893262335550186037e+01
4.883282307314410531e+01
4.873413884066428636e+01
4.871497307839735669e+01
4.881983634893636292e+01
4.883112539040149613e+01
4.886241863529284757e+01
4.887767512912399326e+01
4.891244375140139056e+01
4.888572844233536330e+01
4.889696105693178652e+01
4.899071148378874341e+01
4.900947639086346896e+01
4.888488294131179401e+01
4.891933785960616632e+01
4.895937719026275659e+01
4.898762589309883708e+01
4.902490540154469301e+01
4.886305850182856148e+01
4.887862224437542835e+01
4.877458494404110212e+01
4.866936263959505737e+01
4.860914773809840028e+01
4.860592289815377143e+01
4.858179012049291856e+01
4.854765554651665838e+01
4.860137255967718772e+01
4.865473760504856671e+01
4.863881120829241667e+01
4.860159433181276256e+01
4.852865513522432650e+01
4.864922157709455774e+01
4.860585254261164323e+01
4.865424345592928290e+01
4.863575404901484944e+01
4.856101583680244005e+01
4.865225376644804811e+01
4.864449372458448551e+01
4.874079376978912848e+01
4.860262104911742398e+01
4.861422900581076334e+01
4.863661639691466831e+01
4.848603706473262065e+01
4.851733100353769856e+01
4.853793362038297232e+01
4.859123784982231342e+01
4.868600318265278304e+01
4.876594401576136306e+01
4.878640475709939750e+01
4.868011045825377892e+01
4.875519779988439950e+01
4.876434352357857449e+01
4.863476818868016949e+01
4.874133088040440498e+01
4.880628307191048521e+01
4.874377610750423884e+01
4.868228050659970307e+01
4.853698061269985686e+01
4.851584474871028618e+01
4.863536771695161320e+01
4.873812781761277080e+01
4.866136746317518202e+01
4.862482805098219529e+01
4.861504152466356743e+01
4.863701754205074934e+01
4.850523296094524284e+01
4.854024558553915369e+01
4.852002638798892065e+01
4.844876828386477285e+01
4.844727045909213103e+01
4.834971382174065013e+01
4.830850443755743129e+01
4.829890390896110830e+01
4.830920717338135262e+01
4.829184786465701507e+01
4.817079472774454274e+01
4.814720316324559946e+01
4.821064445510662466e+01
4.806689833703599390e+01
4.804911924091780406e+01
4.818483972345764954e+01
4.815642945927192642e+01
4.811391041147971492e+01
4.817264816263127614e+01
4.816700789049234288e+01
4.822686009248614880e+01
4.825395790690816966e+01
4.817890718127764416e+01
4.810132401737771346e+01
4.814394708782497645e+01
4.806993452782077725e+01
4.801621593528889065e+01
4.794271687637112933e+01
4.793618349704859583e+01
4.791314954910961887e+01
4.782513268107963711e+01
4.782700830807333148e+01
4.791851390960540868e+01
4.790134708445250311e+01
4.785321755897228257e+01
4.787093477425619170e+01
4.783708298802860526e+01
4.775142285013815524e+01
4.769348661293690839e+01
4.768394360504824192e+01
4.764365454097704600e+01
4.771462111537408646e+01
4.781574446225948094e+01
4.777786638562341182e+01
4.774043121143245116e+01
4.769749991164767522e+01
4.763531621620609968e+01
4.752369780456341175e+01
4.768478473238534576e+01
4.767104645514349670e+01
4.765682912408610861e+01
4.765719191939447796e+01
4.766227312126823534e+01
4.769093961472877652e+01
4.752677712951876288e+01
4.754601469492843790e+01
4.750477439868647167e+01
4.747665003709135334e+01
4.741700985761013953e+01
4.744936523706952158e+01
4.747493330347602836e+01
4.748074082075326885e+01
4.743874126312368844e+01
4.755476273484770644e+01
4.757518030173620360e+01
4.765320384403386100e+01
4.761343378495570278e+01
4.754433908302470968e+01
4.761188690680210556e+01
4.754520863844147982e+01
4.750628841633427868e+01
4.761336314160147509e+01
4.767848193843452975e+01
4.769257263849406314e+01
4.765595607435731296e+01
4.768069959823628778e+01
4.761528425536335618e+01
4.754844710849441469e+01
4.761305957966614955e+01
4.747421354321826925e+01
4.740640526965817259e+01
4.734448145666090113e+01
4.741327202431762800e+01
4.746478514963149564e+01
4.745941135236858344e+01
4.750402127363922489e+01
4.741984868011047638e+01
4.732871302772155531e+01
4.742680413068949719e+01
4.740844888318460448e+01
4.750521274622437318e+01
4.743817402116268767e+01
4.744637761324823089e+01
4.745793929633577335e+01
4.735525537580381439e+01
4.735737746908579027e+01
4.729300794394863061e+01
4.729159260590743941e+01
4.726926705608177315e+01
4.723078462533650423e+01
4.726560307567294217e+01
4.725220691542747176e+01
4.737804728283042976e+01
4.738249937652582844e+01
4.739866421254777862e+01
4.732787295008611039e+01
4.733846114562111751e+01
4.736022161162311761e+01
4.742512003598380232e+01
4.748503413659801708e+01
4.745725235233318529e+01
4.747366073261237318e+01
4.748253349433355197e+01
4.752975896815852508e+01
4.746608878415332811e+01
4.740759077832515089e+01
4.738612025978050468e+01
4.737159460931741961e+01
4.737126136130660115e+01
4.737629894613231585e+01
4.747934919849478064e+01
4.756533251859495692e+01
4.764962938570348427e+01
4.775443821782142351e+01
4.760041511576083906e+01
4.767713794619373857e+01
4.764530910866639601e+01
4.758032706697846237e+01
4.761801586448566326e+01
4.760400829761138652e+01
4.761902226150493078e+01
4.761463381352167090e+01
4.765235409822429347e+01
4.771497770622662671e+01
4.782166392558968937e+01
4.771086644565782109e+01
4.762504439306593440e+01
4.757922765164670409e+01
4.756103586885357259e+01
4.748857506067120937e+01
4.754936002559684738e+01
4.759829381811960047e+01
4.754496975201972475e+01
4.759159504368740556e+01
4.752266373407809397e+01
4.749643558312828162e+01
4.762667515446548094e+01
4.751982653723640482e+01
4.750384065956428259e+01
4.768164981962643623e+01
4.755795255488077800e+01
4.739802543984263394e+01
4.744903058300641163e+01
4.738582737105447507e+01
4.731621448003742358e+01
4.730302744255535430e+01
4.726723076070760499e+01
4.714804911889429206e+01
4.713789705783430151e+01
4.713817065475480206e+01
4.709010647118056880e+01
4.708449495276909147e+01
4.709475221238206899e+01
4.703981121220908079e+01
4.690350903065805710e+01
4.686381351498680203e+01
4.682486619583378484e+01
4.686235741995461268e+01
4.701010970548010448e+01
4.697776646971502146e+01
4.693954087116993890e+01
4.704836143510544133e+01
4.707516589917688066e+01
4.707306450504641759e+01
4.692790705830163489e+01
4.677114436073478743e+01
4.672093372726151728e+01
4.668033981891696271e+01
4.677016511335071414e+01
4.682471906735462142e+01
4.682177496188759136e+01
4.688692508528099978e+01
4.682608508411951220e+01
4.679793685228103328e+01
4.682919577217132456e+01
4.679329552783985235e+01
4.687919346427793954e+01
4.696204900873303956e+01
4.710915455185915590e+01
4.717601746318026557e+01
4.705827176373493614e+01
4.700788505905459402e+01
4.710707604447746633e+01
4.702816106075262326e+01
4.700815607592196699e+01
4.703057295994948106e+01
4.703152744405126384e+01
4.694342612138120074e+01
4.693693322552141467e+01
4.686128763297258359e+01
4.679405526450732822e+01
4.675150931464040127e+01
4.686755218391820677e+01
4.685708885977589233e+01
4.686329897487043183e+01
4.688896309128342210e+01
4.689871004981529268e+01
4.689977296660640604e+01
4.691549400047519214e+01
4.687918116992657502e+01
4.681585242826252369e+01
4.687738950168101582e+01
4.690085030348326001e+01
4.692867426566026268e+01
4.680455524199539497e+01
4.677509964481598104e+01
4.673746715669725660e+01
4.678265773906953484e+01
4.676153996053763962e+01
4.684733722045878324e+01
4.689365263586142873e+01
4.690219925099658127e+01
4.681498197768684122e+01
4.686350477427339456e+01
4.685273413552874189e+01
4.668085200852230798e+01
4.671030491891715286e+01
4.671532051113013750e+01
4.673944867951527726e+01
4.671244446403778738e+01
4.669251064027007203e+01
4.654657843754946356e+01
4.657769102203284461e+01
4.658905553452090231e+01
4.653253688546053723e+01
4.654757261719547756e+01
4.653973037426259651e+01
4.648074464265945238e+01
4.642780143793904557e+01
4.665334047051394606e+01
4.672440810978798709e+01
4.690156670088813229e+01
4.683747965855182827e+01
4.665998882560984384e+01
4.664095815369344677e+01
4.664805995670438676e+01
4.672884054388571684e+01
4.681545596539756104e+01
4.684293347538349650e+01
4.663742066963952482e+01
4.661124272746264552e+01
4.676537291517209383e+01
4.672508162520323793e+01
4.681178280987245444e+01
4.680556951633903395e+01
4.688361260017202170e+01
4.686463012206682777e+01
4.682999306667038297e+01
4.677621796235973761e+01
4.676120188050708748e+01
4.665225989410484431e+01
4.668058591319518769e+01
4.675901738855546341e+01
4.671619971632279800e+01
4.680726261436282698e+01
4.685151014317843021e+01
4.688389213480517981e+01
4.686275931436264841e+01
4.688910200029039999e+01
4.684566024003211027e+01
4.679441087816627487e+01
4.677474748649277103e+01
4.664219587042453696e+01
4.670957297352548920e+01
4.672606845224009930e+01
4.669097179796126085e+01
4.665259402794622901e+01
4.664166346010190267e+01
4.673106685088350787e+01
4.663756353744479100e+01
4.660884089605228553e+01
4.666527175352997858e+01
4.663563466050300832e+01
4.663133291372466971e+01
4.653323491391135747e+01
4.652644537447201856e+01
4.658226973970020168e+01
4.667077115208027749e+01
4.664266615732372401e+01
4.653356742165364324e+01
4.651904925674568148e+01
4.658003616545739334e+01
4.655378796047059353e+01
4.655305068449073502e+01
4.656293014174152489e+01
4.659240619918791282e+01
4.658434450031564467e+01
4.662406444985630571e+01
4.661389066959084460e+01
4.673869192634217740e+01
4.684441045898733336e+01
4.667485825233620744e+01
4.661930256745285561e+01
4.659926185728577508e+01
4.661993377177441999e+01
4.652189862243857021e+01
