9.452289830120592740e+01
9.561717961893467077e+01
9.605190799356775244e+01
9.633792126150525803e+01
9.666010137843966277e+01
9.698884607550664327e+01
9.707604711235759964e+01
9.744538961560864720e+01
9.774095776076048026e+01
9.794522314930530626e+01
9.830264904487951583e+01
9.860714306001881369e+01
9.887317284499548009e+01
9.907036405482064367e+01
9.934609418060603048e+01
9.970600044893056690e+01
9.995151140314145266e+01
1.000592978695477910e+02
1.001629762028944413e+02
1.003896629034592536e+02
1.008059212766255115e+02
1.011578327544212357e+02
1.014990216997882868e+02
1.016457155042155165e+02
1.019894695043048074e+02
1.021916749024487956e+02
1.024271373451189504e+02
1.027018703753271041e+02
1.027484268842727460e+02
1.029211382375948176e+02
1.032911667128965831e+02
1.034322708841430369e+02
1.035749508040467362e+02
1.036984675513996450e+02
1.039733369929196414e+02
1.043593018102833980e+02
1.044464703627725157e+02
1.046726441010814312e+02
1.050299259069086162e+02
1.051055133696747390e+02
1.051071307259593226e+02
1.051712261142521072e+02
1.053778153188804509e+02
1.054050918599700850e+02
1.056084474020603636e+02
1.058156585450966105e+02
1.061681436452035996e+02
1.062798339887081909e+02
1.066384097583866151e+02
1.068516784183183574e+02
1.071687758133398063e+02
1.073391749731836313e+02
1.075028909169088962e+02
1.075721067127197585e+02
1.078615600310830018e+02
1.080809963274546277e+02
1.081020778336801271e+02
1.081977058932717881e+02
1.084316694483692203e+02
1.085386549990546428e+02
1.087832651034683380e+02
1.088733594734581374e+02
1.091640437158353905e+02
1.092428447443425483e+02
1.094503546319222664e+02
1.095743815356977962e+02
1.096087174326693230e+02
1.097402495293926563e+02
1.097943102690661448e+02
1.098490341001071045e+02
1.098702827011623100e+02
1.101133837827388930e+02
1.102237540059661711e+02
1.103793740924840847e+02
1.105352669710078999e+02
1.107699684773099307e+02
1.109240523576681028e+02
1.110010391531990024e+02
1.112093567654371782e+02
1.112590904809533754e+02
1.113127430513129639e+02
1.114417350011139689e+02
1.115174176726193451e+02
1.115965527053212867e+02
1.117944717921065347e+02
1.118681462234628867e+02
1.119944203066965542e+02
1.120514706180274089e+02
1.121286153313171212e+02
1.122017790209224160e+02
1.122156148436869927e+02
1.123376177018740947e+02
1.125405470815860269e+02
1.127487859221565856e+02
1.127815152820987095e+02
1.130199885261606880e+02
1.132124497118622628e+02
1.134004510105047103e+02
1.134544144461491015e+02
1.136312855462060725e+02
1.137411356016665422e+02
1.138523054337941147e+02
1.139749507645526307e+02
1.141070862340774426e+02
1.141553894096810495e+02
1.143147072038727430e+02
1.143928562657141015e+02
1.143613393212697673e+02
1.143266387966100126e+02
1.144207588808739615e+02
1.144745823573882291e+02
1.144964808227432798e+02
1.146806811522704521e+02
1.146613962158689617e+02
1.147870357437995921e+02
1.148629868762245394e+02
1.148519177421053143e+02
1.148758597465921838e+02
1.149346741518563562e+02
1.150451334748759962e+02
1.152871678027062501e+02
1.155208290365821284e+02
1.156075294633044308e+02
1.156970915582326711e+02
1.158407370935708229e+02
1.160031585796163540e+02
1.160120190231037896e+02
1.160566299414194731e+02
1.160260092852755776e+02
1.162889584729034027e+02
1.162284639516111042e+02
1.162186136167519237e+02
1.162741006474798127e+02
1.164113079690871047e+02
1.165365106278839562e+02
1.166419132396044489e+02
1.168177665031615504e+02
1.167754171439755879e+02
1.167768726108886597e+02
1.168731652967036609e+02
1.170354254347552967e+02
1.171655657219301929e+02
1.171634885413338480e+02
1.173122294336651521e+02
1.174342816682448642e+02
1.176405382016223626e+02
1.178055647608713770e+02
1.178378579901155803e+02
1.179344948103229882e+02
1.180609802057900737e+02
1.181778183733644312e+02
1.181604389999370426e+02
1.181774731099835094e+02
1.182570465193139313e+02
1.183729981844963675e+02
1.183931528778024500e+02
1.184868310441659105e+02
1.185035344666476931e+02
1.185952703292930153e+02
1.185969249255478815e+02
1.185862073206443341e+02
1.186344174924277155e+02
1.186094140336256828e+02
1.185788836122736001e+02
1.186728157728403517e+02
1.186003460618452579e+02
1.186998807266127471e+02
1.187360438859633121e+02
1.187587287237867173e+02
1.188625853154720460e+02
1.190080132442872269e+02
1.190802130615115431e+02
1.190798500783902085e+02
1.192183371099509230e+02
1.193995214862612357e+02
1.193664040550687986e+02
1.193310173385575865e+02
1.193902255038702549e+02
1.192865600924620821e+02
1.194216158785719273e+02
1.194497639767799484e+02
1.194893049470317266e+02
1.195835520775554102e+02
1.193867818560178193e+02
1.195590194173883134e+02
1.195734652018324340e+02
1.197226276726100167e+02
1.197431268407638782e+02
1.197722571683753898e+02
1.197817668651500753e+02
1.199259618720465710e+02
1.199532542322606758e+02
1.200150252888713851e+02
1.200076042348283210e+02
1.198881667542186307e+02
1.199484081970859251e+02
1.201178740746587579e+02
1.202127040390343922e+02
1.202397652102974490e+02
1.203317941231946548e+02
1.204155166034406506e+02
1.204210697137236252e+02
1.204705880643336684e+02
1.204984151296298904e+02
1.205760231011646368e+02
1.206397861083322169e+02
1.207267162516934746e+02
1.207432880755757196e+02
1.207122365020585590e+02
1.207708476319314315e+02
1.207902687989569586e+02
1.208316954931473504e+02
1.209721618582897378e+02
1.208877193061089770e+02
1.209108274584371969e+02
1.210573059744369147e+02
1.211566667766585965e+02
1.211919436723205763e+02
1.211883831331835779e+02
1.212218375014083733e+02
1.211062667950900362e+02
1.210426540642740321e+02
1.210609983917023840e+02
1.211302913428243926e+02
1.211204109070381065e+02
1.211620586135853301e+02
1.211096478690966336e+02
1.211229856423720719e+02
1.211471975170949520e+02
1.212321518301108796e+02
1.213133090370931200e+02
1.214512464939137999e+02
1.215453089315279271e+02
1.216064934901848744e+02
1.215238514004559249e+02
1.216157711996935262e+02
1.216283855891081203e+02
1.215911408049368418e+02
1.216403850549115475e+02
1.216660544644919639e+02
1.216563862000664784e+02
1.216216742449021808e+02
1.217512321783683689e+02
1.217342905233439296e+02
1.219401666575469534e+02
1.220145189172921221e+02
1.220659749556680822e+02
1.221033904796542515e+02
1.220120665930950139e+02
1.219050439604938845e+02
1.219629191644499286e+02
1.219580770943786234e+02
1.220484848433015941e+02
1.220562091301373329e+02
1.220505359754869943e+02
1.220934122986636652e+02
1.220361499081240737e+02
1.221105178444163499e+02
1.222190956991876476e+02
1.222742904430433555e+02
1.223283460220973211e+02
1.222462233321117537e+02
1.224288854178736443e+02
1.224569704541670347e+02
1.224318274991334050e+02
1.225137863599682504e+02
1.225734044780304828e+02
1.226016699644182637e+02
1.227048787295595531e+02
1.227146921963335586e+02
1.228710387360639373e+02
1.229238292507601074e+02
1.228582921387966849e+02
1.229623526456413600e+02
1.229838291371205088e+02
1.229419596441058360e+02
1.229143281925034898e+02
1.228179761949238724e+02
1.227854491785552682e+02
1.228366547385265903e+02
1.229057833184245965e+02
1.229465337945867134e+02
1.228885987927074552e+02
1.229421354219911535e+02
1.229763235537012918e+02
1.230704530496476821e+02
1.230809869332065460e+02
1.231238677441314024e+02
1.232116665680036931e+02
1.233414993778434336e+02
1.233425202849411875e+02
1.232633139540505880e+02
1.233304891809192299e+02
1.233784812622327536e+02
1.233452022343803094e+02
1.233771273496339802e+02
1.234462459112127704e+02
1.234709872814553364e+02
1.234962202815954697e+02
1.233706685092781754e+02
1.234793422204176636e+02
1.234996131349375901e+02
1.235564770707002964e+02
1.235696019141429645e+02
1.236304010504253768e+02
1.236656589942459590e+02
1.237041336937280107e+02
1.237981077575189914e+02
1.238629704715975777e+02
1.238091638255421714e+02
1.238064503005780779e+02
1.238209951370073583e+02
1.238754214329923258e+02
1.239217696266314874e+02
1.241622554950276651e+02
1.241959753354108216e+02
1.241526508657462387e+02
1.241233615593720714e+02
1.241168288687379828e+02
1.241041490255118163e+02
1.241567661572518517e+02
1.241535902974526095e+02
1.242705196405142090e+02
1.241673623138558185e+02
1.241590276782743132e+02
1.241778080538799856e+02
1.241480493463517263e+02
1.241387427444693401e+02
1.242533437201685445e+02
1.243392633905739615e+02
1.243952040770163876e+02
1.243541589563280780e+02
1.243906562060162315e+02
1.243519853261537094e+02
1.244050762950523250e+02
1.243669426336966666e+02
1.243074075527187290e+02
1.242170604955553728e+02
1.242435966002838654e+02
1.242306312808154303e+02
1.243237478060550103e+02
1.242083291290852713e+02
1.241977520662665171e+02
1.242927349159457151e+02
1.243887678442370657e+02
1.244151199539647621e+02
1.242949078533637532e+02
1.242283654634146188e+02
1.243422912586283360e+02
1.243146532111910858e+02
1.243097052195617920e+02
1.242303673323231692e+02
1.242955582767988005e+02
1.243160106871577142e+02
1.243353564003051304e+02
1.243990264291319789e+02
1.243809614892550854e+02
1.243959505486802328e+02
1.243706564866584188e+02
1.242904751519645998e+02
1.242897603532888979e+02
1.242082023771471455e+02
1.241358975876872535e+02
1.241359595942735297e+02
1.241012170290239425e+02
1.241200765299514615e+02
1.241737025517478514e+02
1.242383512731264972e+02
1.243007334977117608e+02
1.242605260490637136e+02
1.242461494916295379e+02
1.241471577806586737e+02
1.241303572807306210e+02
1.241639044743667029e+02
1.241879665958873886e+02
1.242278253781731934e+02
1.242805287105055498e+02
1.243372653299312560e+02
1.243998163312218708e+02
1.244056965147405123e+02
1.245255218745594874e+02
1.245959666289570720e+02
1.246621082944130876e+02
1.246554299051906725e+02
1.246577854354602835e+02
1.247027745154443750e+02
1.247923394225189782e+02
1.248625928734690120e+02
1.249501724649040852e+02
1.249469547244992214e+02
1.249761646236040775e+02
1.250451252120067949e+02
1.251660233571989664e+02
1.252334164366188105e+02
1.251562963938408615e+02
1.251206160411463060e+02
1.251474184924360458e+02
1.251004626299567946e+02
1.252428361023129355e+02
1.252422302105869392e+02
1.252240752157421610e+02
1.252248560280366121e+02
1.252491487733195896e+02
1.252713336970361269e+02
1.252367037298633932e+02
1.252867547083172752e+02
1.252552275253847682e+02
1.252679359986423719e+02
1.253329454561129808e+02
1.253167236478353033e+02
1.251806349993651679e+02
1.252377049953011152e+02
1.253846586976745243e+02
1.254994197412769239e+02
1.254706491146304188e+02
1.253978673331367588e+02
1.254401517737625369e+02
1.253836196652854369e+02
1.253086888799898730e+02
1.253166654098576203e+02
1.253789086797002597e+02
1.253803511713070975e+02
1.253580357407235226e+02
1.253658722015678961e+02
1.253520505420137141e+02
1.254310578085767105e+02
1.254259088093231043e+02
1.254513080875309896e+02
1.254220058858986562e+02
1.254246616185948824e+02
1.255399469091326097e+02
1.255670368547612128e+02
1.255344331680049521e+02
1.255451461074874970e+02
1.255849463686735987e+02
1.256648692127538851e+02
1.256382025262094686e+02
1.257149973067558761e+02
1.258283151866909861e+02
1.257866234440933937e+02
1.257924748266587329e+02
1.257896927262472815e+02
1.257464935599742972e+02
1.257923344962473635e+02
1.258363868426261263e+02
1.257317942704950156e+02
1.257472989473951230e+02
1.258419456527883398e+02
1.258860572247858869e+02
1.259347220080471175e+02
1.258927055040660576e+02
1.259914742428056940e+02
1.259697850788905669e+02
1.260240717951440104e+02
1.260037259498985378e+02
1.259670111658095237e+02
1.260157357589535536e+02
1.260077007297321359e+02
1.259404630168840526e+02
1.259708353295983301e+02
1.259746545565573541e+02
1.260363989594010690e+02
1.260756159754186143e+02
1.260627766990501470e+02
1.261117753039704752e+02
1.260669471594257658e+02
1.260330602756100546e+02
1.260292008547794040e+02
1.260825819723322923e+02
1.261112671120591529e+02
1.261603827442508532e+02
1.261020018558896112e+02
1.261231112868361492e+02
1.260304815919272272e+02
1.260406429994336577e+02
1.261359261214098240e+02
1.261378849047021049e+02
1.262191249627383343e+02
1.262874268257665307e+02
1.264437345105972668e+02
1.264428030294836844e+02
1.264769144438479458e+02
1.264366034278845063e+02
1.263946940591613100e+02
1.264644212819908660e+02
1.265379676132894247e+02
1.264928574007459332e+02
1.264993323147534028e+02
1.264278059168017876e+02
1.264500746302592376e+02
1.265729193156171561e+02
1.266340795344552674e+02
1.265836443540669052e+02
1.265938866622169883e+02
1.266046233994120058e+02
1.265539074922650968e+02
1.265967889644633431e+02
1.265938695351424315e+02
1.266561144915634287e+02
1.266792054085270820e+02
1.265758652512293594e+02
1.266033169582805300e+02
1.265653291497034445e+02
1.265203606738561177e+02
1.265350320524675567e+02
1.265769438695401163e+02
1.264707621405755873e+02
1.264610866316497351e+02
1.263475438019519856e+02
1.263526817923382168e+02
1.263650069025480178e+02
1.263064754159218808e+02
1.264137813855045351e+02
1.264150542116875613e+02
1.263438894633210055e+02
1.264124763399649964e+02
1.264967475264985808e+02
1.265362501065215213e+02
1.264002003057455141e+02
1.263681923140989625e+02
1.263573118951631784e+02
1.263284912615207247e+02
1.263578899527589527e+02
1.263148059239905763e+02
1.263368803004896108e+02
1.263826519273891194e+02
1.262668450687292392e+02
1.263307380499933146e+02
1.263060186978508881e+02
1.262813766215011526e+02
1.261961707866899758e+02
1.263432218900979933e+02
1.263776654623054867e+02
1.264325634095430075e+02
1.265405437298715015e+02
1.265528447846416782e+02
1.265143524175004188e+02
1.264801920983356212e+02
1.265710865519765349e+02
1.265174522510233288e+02
1.265105727842578887e+02
1.263759081799944539e+02
1.263475065103064878e+02
1.264025801112227185e+02
1.263174703367653109e+02
1.263462936857251435e+02
1.262822439743842722e+02
1.262957252468361560e+02
1.262838041049871549e+02
1.263222423960377085e+02
1.263000243227310335e+02
1.263236587384709253e+02
1.263262595997668711e+02
1.263706157109225501e+02
1.264577419959303199e+02
1.264342004375165089e+02
1.265199293228288866e+02
1.265315895066704712e+02
1.264884429124852971e+02
1.266282570155156435e+02
1.265390664835439907e+02
1.265145115138821552e+02
1.266151582916410234e+02
1.265630452946093527e+02
1.265528863656500391e+02
1.266801160796316026e+02
1.266207951501826585e+02
1.265134691790561163e+02
1.264666199590792388e+02
1.264551975323112600e+02
1.264953064460421928e+02
1.264894951112040218e+02
1.265698212381819303e+02
1.265094258421887048e+02
1.265732973470718861e+02
1.266764628233751893e+02
1.266751876750256827e+02
1.267319103000665024e+02
1.267550228841028712e+02
1.267124816414063844e+02
1.266917186633746155e+02
1.267024348592140797e+02
1.267775148409890704e+02
1.267881375957005048e+02
1.268526985132028102e+02
1.269044410998080537e+02
1.269425698614563487e+02
1.269796419697752725e+02
1.270273955669158426e+02
1.269532817579193278e+02
1.270888386908394949e+02
1.270694633835544636e+02
1.271885711589718824e+02
1.272606394417033044e+02
1.272036636479653424e+02
1.271812802759104812e+02
1.272278321343763423e+02
1.272717813317721323e+02
1.272529977309616243e+02
1.271808640425895618e+02
1.272034998797554977e+02
1.273156026334580559e+02
1.273817281998566671e+02
1.272510798485338768e+02
1.272839330818069783e+02
1.273803050822741625e+02
1.273660142727370896e+02
1.273669658866484724e+02
1.273579571359615557e+02
1.273234345548888626e+02
1.273504417460658829e+02
1.273449815360914243e+02
1.274930377972469415e+02
1.275539843769013544e+02
1.274753942383085246e+02
1.273756475819147624e+02
1.273974516722345527e+02
1.272390645980147639e+02
1.273266646240553257e+02
1.273506195641737406e+02
1.272837943076868470e+02
1.273279635189133785e+02
1.273377190221676187e+02
1.273231323163333286e+02
1.274183146910533679e+02
1.274382977118419689e+02
1.275062649151152101e+02
1.273371060336059344e+02
1.273571673119193406e+02
1.274376162969071942e+02
1.274921056583426946e+02
1.274934923962235302e+02
1.274066125705264056e+02
1.273859994620827365e+02
1.273620061073076926e+02
1.274421795735559186e+02
1.275917464481633630e+02
1.275708060747733583e+02
1.275082270335027914e+02
1.275409966727563500e+02
1.276421754680963403e+02
1.276323473128975081e+02
1.275137360857129210e+02
1.277289841329685345e+02
1.276516487798217128e+02
1.277268964104745379e+02
1.277452696826320704e+02
1.277538235394551265e+02
1.276820064213698629e+02
1.276537598039831636e+02
1.276512466048538386e+02
1.277080962608146990e+02
1.277356567999020172e+02
1.277784697487256835e+02
1.278385467491978318e+02
1.279393515158594994e+02
1.280034374332326763e+02
1.279220041266940484e+02
1.278694769840537475e+02
1.280241721318969894e+02
1.280233184703111249e+02
1.280340457986576155e+02
1.278975871128116637e+02
1.278823270036845940e+02
1.279708369919429174e+02
1.280359115119966020e+02
1.279753104305760587e+02
1.278860620044689540e+02
1.277798970943167092e+02
1.277312754495125517e+02
1.275959750346369219e+02
1.276083658269853061e+02
1.275415166318133515e+02
1.274915358451757186e+02
1.274754266273520216e+02
1.275769038696595885e+02
1.275949691826706101e+02
1.276099207220468656e+02
1.276335300221337832e+02
1.276495005353097270e+02
1.276789386282437704e+02
1.277715391717523516e+02
1.277911453981853072e+02
1.277962432789292535e+02
1.277194827298581714e+02
1.277673037649318957e+02
1.277483882598410077e+02
1.277480373682099639e+02
1.277601498134720543e+02
1.278677774775679694e+02
1.277747456811950002e+02
1.277624956083930385e+02
1.277828469962301057e+02
1.278531354740056827e+02
1.278249386390231450e+02
1.277759041813855134e+02
1.277227670750534401e+02
1.277183895442130392e+02
1.276075485278137194e+02
1.276051928623071774e+02
1.277386542745546194e+02
1.277864590427085574e+02
1.277641344241550172e+02
1.277416876329416908e+02
1.277381619666335411e+02
1.277471582526258231e+02
1.277728953112909664e+02
1.277664165059493797e+02
1.277381160307610628e+02
1.277434798943847625e+02
1.277496040423010868e+02
1.277762070017168838e+02
1.277854697126783492e+02
1.278176492538665912e+02
1.278194569728615448e+02
1.278540990385424578e+02
1.278862674078944082e+02
1.279493347314887615e+02
1.279615112934017418e+02
1.279315541389088793e+02
1.279474986687911979e+02
1.281020893350702181e+02
1.279620459688302816e+02
1.279030956799298764e+02
1.278644501006347269e+02
1.278345784480649741e+02
1.278740030604557063e+02
1.280972633533421572e+02
1.281735282785247989e+02
1.281953328587050862e+02
1.281505710131096976e+02
1.281352474330323901e+02
1.281164493608687565e+02
1.280549810230139371e+02
1.281353283337571725e+02
1.281562598410433509e+02
1.281348963029824972e+02
1.280660962957902882e+02
1.280753190432281770e+02
1.279601788478395861e+02
1.280251354392116241e+02
1.280505462507660184e+02
1.280642561002597404e+02
1.279571065319164376e+02
1.280334627281911253e+02
1.280634908022180127e+02
1.280736220307852875e+02
1.281082086483799003e+02
1.280466651837902532e+02
1.281161728630744108e+02
1.281271340474549163e+02
1.281907104094076146e+02
1.281963731932169992e+02
1.280353442647808038e+02
1.279675817470441785e+02
1.280033472126482081e+02
1.279906350554277736e+02
1.279743661714748839e+02
1.279049133358458761e+02
1.278468891725560326e+02
1.278629306156621510e+02
1.278896122467775740e+02
1.278019779918681138e+02
1.277570751384790100e+02
1.278295503175017700e+02
1.277060839300989841e+02
1.277723576763223292e+02
1.278387808614271393e+02
1.278218552418131964e+02
1.278386627842138950e+02
1.279107488205303582e+02
1.279143601566737658e+02
1.279362727242294113e+02
1.279775477683372458e+02
1.279848310109315008e+02
1.281344969962412392e+02
1.281071313656418056e+02
1.281568223215667786e+02
1.281936191420109310e+02
1.281296025600591122e+02
1.280321872621621537e+02
1.281327694338562537e+02
1.281506047602907472e+02
1.281195080109731350e+02
1.281521832478659633e+02
1.282569835667914901e+02
1.282268410331909934e+02
1.281732223713559335e+02
1.281234120046535168e+02
1.281117151564479570e+02
1.280987539732287246e+02
1.280042837861887790e+02
1.280090880823819361e+02
1.279456339388202935e+02
1.280037062011460307e+02
1.279637294650647732e+02
1.279940679840375282e+02
1.280711077352099210e+02
1.281611422773615629e+02
1.281223470102195847e+02
1.283110611159799248e+02
1.281402614100270796e+02
1.282242257464279760e+02
1.280776268731797529e+02
1.281598531436106896e+02
1.280739714095756767e+02
1.280844504623530611e+02
1.281500243557289878e+02
1.280778934186795652e+02
1.280102407434303586e+02
1.280459509473962498e+02
1.280668017903202553e+02
1.281719180716093547e+02
1.281936891210295073e+02
1.281647261086763478e+02
1.283085120888048891e+02
1.282349480755742093e+02
1.281227772561001075e+02
1.280724735548042474e+02
1.280473783735338884e+02
1.281279475052074588e+02
1.282061377073701181e+02
1.283349351084414991e+02
1.283024524521549097e+02
1.282310333058033223e+02
1.283417471655455984e+02
1.284355303786730929e+02
1.283342125846278350e+02
1.284198052669118510e+02
1.284528732214665752e+02
1.284439090254537348e+02
1.283789095890768976e+02
1.284812170916394507e+02
1.284197494971382127e+02
1.283919082250714041e+02
1.283895670699004938e+02
1.284475543018400856e+02
1.284815423053433108e+02
1.284817802658920698e+02
1.284406528041162403e+02
1.284182809886668792e+02
1.283669681706711572e+02
1.282981750496261384e+02
1.283235487547626406e+02
1.283870706214833319e+02
1.283256498843453244e+02
1.284130572132127952e+02
1.283173959190022515e+02
1.285278344809379121e+02
1.286219507871108476e+02
1.287178411238588467e+02
1.288249930600655659e+02
1.288390470455999548e+02
1.289052666836969365e+02
1.288743617564656745e+02
1.288672884425465099e+02
1.288055523021130284e+02
1.287792904230408340e+02
1.288272580042394679e+02
1.288874464723570554e+02
1.288168588561855472e+02
1.287945512326015489e+02
1.287521313285562314e+02
1.287215639753603682e+02
1.287669169569279006e+02
1.286846140781558745e+02
1.287786747919357140e+02
1.288532468111675087e+02
1.289206321527657906e+02
1.288013306182223801e+02
1.288890985987112856e+02
1.288369618317676952e+02
1.289287292633080995e+02
1.288963140940137180e+02
1.288104482006385467e+02
1.288235232148591933e+02
1.287807626392612974e+02
1.286860910024603868e+02
1.287081956427826128e+02
1.287268062090040246e+02
1.287955073354058300e+02
1.289192642978912886e+02
1.289007312502824618e+02
1.288617016076921971e+02
1.288887784286806379e+02
1.288306776255559214e+02
1.288961646472244524e+02
1.288462791866498947e+02
1.287547814294257194e+02
1.288448463695331156e+02
1.288474572808112839e+02
1.288775385384095387e+02
1.287785271228259774e+02
1.289695923654374496e+02
1.289331063632695589e+02
1.288701589857130330e+02
1.288459599480301563e+02
1.288665573434057023e+02
1.289635258666081654e+02
1.289157285824972519e+02
1.290689371010804791e+02
1.290845322759813598e+02
1.290822173536122932e+02
1.291960153155245621e+02
1.291882817275426021e+02
1.291766708345288350e+02
1.290364852422740682e+02
1.289512825611546418e+02
1.289140627670411163e+02
1.289750187806172050e+02
1.289190870927360208e+02
1.289410740648996239e+02
1.289580306146681608e+02
1.288604150241120578e+02
1.288266510556441915e+02
1.288255445984011942e+02
1.286723051369859263e+02
1.287519945288657368e+02
1.288298246314479343e+02
1.288275746158864763e+02
1.287900820433605986e+02
1.287984842045657103e+02
1.287514193227814587e+02
1.287309761083967317e+02
1.287525993575757184e+02
1.287507214950929892e+02
1.287574868834403503e+02
1.286601908703376012e+02
1.286233328681863952e+02
1.286479996923359010e+02
1.285094044174339274e+02
1.284175096593796184e+02
1.284732656956062442e+02
1.285031469589110600e+02
1.286056989917792350e+02
1.285533946508673182e+02
1.285390696703945252e+02
1.285615558661292255e+02
1.285881498570812482e+02
1.285671021742448090e+02
1.286192172899665422e+02
1.285196734569186390e+02
1.285638055801592827e+02
1.285729439819139941e+02
1.286144477486748201e+02
1.285016512697474980e+02
1.285672874170781483e+02
1.285245196462483079e+02
1.284895869106689759e+02
1.283671584177855323e+02
1.283246679331121811e+02
1.283362418025938609e+02
1.283344499392850082e+02
1.283562599212552016e+02
1.283544200731626006e+02
1.285046930605557236e+02
1.285542502222520795e+02
1.284843042650843756e+02
1.285342530716982878e+02
1.284701678079322278e+02
1.285329298464786518e+02
1.285711374009343047e+02
1.287491260584060342e+02
1.287832346452406682e+02
1.287990719452778876e+02
1.287492997419478513e+02
1.286659511229146062e+02
1.286360762256578028e+02
1.286019513737599311e+02
1.285971554415209255e+02
1.285703484207102747e+02
1.285017256734092825e+02
1.283834141289671038e+02
1.282662167200201964e+02
1.281562487136104096e+02
1.283268120408175434e+02
1.282358086139035152e+02
1.281697031647976246e+02
1.282207873379103376e+02
1.282261627949191904e+02
1.282325365571164753e+02
1.282060865653920132e+02
1.282604373019092066e+02
1.282256369834234420e+02
1.282086457232557848e+02
1.282543518788246502e+02
1.284079807040589003e+02
1.284152177485733830e+02
1.283187102119445058e+02
1.283598446030839284e+02
1.281244698109215676e+02
1.281977305359300487e+02
1.282868047071491731e+02
1.283427462841499107e+02
1.283496617695203668e+02
1.283708303664955110e+02
1.283742291253900873e+02
1.283777748407062518e+02
1.284624317511195670e+02
1.283835156391867827e+02
1.285197218961735643e+02
1.284242281468605995e+02
1.282998247498609601e+02
1.281652357204220323e+02
1.281219297519872384e+02
1.283395304433774982e+02
1.283796640709288397e+02
1.284211533034680883e+02
1.284211288825779320e+02
1.284257472186727966e+02
1.284669372591207832e+02
1.286048712466937332e+02
1.285569640831627396e+02
1.285324412736667625e+02
1.285136371457872144e+02
1.284923506023721984e+02
1.284530167066030515e+02
1.285948683667702142e+02
1.287531774281683283e+02
1.287236557321308510e+02
1.288379421790648394e+02
1.288657010905862421e+02
1.289152599068034988e+02
1.289720446790147435e+02
1.289477171672547797e+02
1.289572100699945167e+02
1.289554095573357131e+02
1.289179594002735882e+02
1.290193132761648087e+02
1.290245161786275219e+02
1.290274627568392987e+02
1.290120927883921809e+02
1.290646846422485794e+02
1.291316102372220200e+02
1.291386413025930437e+02
1.291907334318647997e+02
1.291807873581097112e+02
1.290150773424210229e+02
1.289538595372629004e+02
1.290148698425435043e+02
1.290320750015744409e+02
1.290054733484416545e+02
1.290259095686888031e+02
1.290887279350427832e+02
1.290484611834940551e+02
1.289838916515399205e+02
1.289757329002412689e+02
1.289950297667448353e+02
1.290697707798974250e+02
1.291206887233265661e+02
1.291851756555448389e+02
1.292300333056440991e+02
1.291917512133698835e+02
1.291988653136837968e+02
1.291279783530166867e+02
1.291401667059778617e+02
1.291419413056452470e+02
1.291581113557626850e+02
1.290372201794203022e+02
1.290872960819272066e+02
1.290589128126958656e+02
1.291834833721263749e+02
1.291424160139898731e+02
1.290383702455859520e+02
1.290337360788946057e+02
1.290697799830234942e+02
1.289885514860404498e+02
1.289773077923587152e+02
1.290200073877870182e+02
1.290825693810912185e+02
1.290821366938425570e+02
1.290369732032318950e+02
1.290214371357975267e+02
1.291522361822586618e+02
1.291025558104193749e+02
1.290945462439265725e+02
1.290611871441665812e+02
1.289693010627796639e+02
1.289514131684379095e+02
1.289627099316629426e+02
1.289640581597697349e+02
1.289896643237079843e+02
1.289923576378660073e+02
1.289853748844480492e+02
1.289906029487196690e+02
1.289993736840424674e+02
1.288355148838496120e+02
1.289232506036594543e+02
1.289089801102122976e+02
1.289516832110356575e+02
1.289728282194818689e+02
1.289696684775597362e+02
1.289479446203805821e+02
1.289584679585807692e+02
1.290364622983985612e+02
1.290270612553114518e+02
1.288989736567810667e+02
1.288996002124818290e+02
1.288670320646932055e+02
1.288189181052657659e+02
1.288130705844994282e+02
1.287303971953496955e+02
1.288070836293798607e+02
1.289130847995184581e+02
1.289004777961205264e+02
1.289246419124694967e+02
1.289928084996214750e+02
1.290163279486859551e+02
1.289278402093424347e+02
1.289282213722038080e+02
1.289600823322975032e+02
1.289887350661949199e+02
1.290096098757408356e+02
1.289320330132620995e+02
1.289186099627015381e+02
1.289012720956501710e+02
1.289091813439617624e+02
1.289477587492647217e+02
1.289368719132464491e+02
1.289533930810312654e+02
1.289016519829040988e+02
1.289424900182874580e+02
1.290395110420983826e+02
1.289269746939860397e+02
1.288819150299949570e+02
1.289479465731164964e+02
1.289523664280190474e+02
1.289449983605548766e+02
1.290650794666960621e+02
1.290917068583050309e+02
1.290600472014454283e+02
1.291555840837170024e+02
1.292179247562624198e+02
1.291872312890078547e+02
1.292767597384752207e+02
1.293665448617470304e+02
1.293505353865194252e+02
1.292752427567409086e+02
1.292791517304395938e+02
1.293481101120042922e+02
