nan
nan
nan
nan
nan
4.472700699700021154e+00
5.781209966118040278e+00
6.763837395816797660e+00
7.954462110108685202e+00
9.193481278020090741e+00
9.980491099406071598e+00
1.067576672310959118e+01
1.156481889027342724e+01
1.243506274312533222e+01
1.305329140575447333e+01
1.396293499865870302e+01
1.477007382117232304e+01
1.532107330662814704e+01
1.616040348588593645e+01
1.695822638535882021e+01
1.761480325395714175e+01
1.826773419788917607e+01
1.867011983187313007e+01
1.937947455677997866e+01
1.995954087947669464e+01
2.057690676321092482e+01
2.111509640010697098e+01
2.165588232557021797e+01
2.221539948725928326e+01
2.287245415053716968e+01
2.351633139618745361e+01
2.390912266115557117e+01
2.448348812794557716e+01
2.485545904491697300e+01
2.541348168457155055e+01
2.595720116255910881e+01
2.633288197369231298e+01
2.689005038515618295e+01
2.730778913301453770e+01
2.783503550666844006e+01
2.836370430007235655e+01
2.877629093889355971e+01
2.920922359505730270e+01
2.964818482884686190e+01
2.997397837093596351e+01
3.049120243511118389e+01
3.096584207139975220e+01
3.142822506332273846e+01
3.188072328270077804e+01
3.225448571507051554e+01
3.254870824706201660e+01
3.313932927108806581e+01
3.350914191291420963e+01
3.392782961967834154e+01
3.417937051508089752e+01
3.441452389006320800e+01
3.474467883991006545e+01
3.527157654467897174e+01
3.559301624592444568e+01
3.600321143920152167e+01
3.616874417149531240e+01
3.657340207726621628e+01
3.698894666835694522e+01
3.735312329236031559e+01
3.769465282647533400e+01
3.803978687974030493e+01
3.836842784791369354e+01
3.865347014921865565e+01
3.898938794300640609e+01
3.932124963850143473e+01
3.967643852914548575e+01
3.999804789684445439e+01
4.030628601817750933e+01
4.053644548219870813e+01
4.076389872335323616e+01
4.115024297734199621e+01
4.147023571579068602e+01
4.177913065835707584e+01
4.198318751715306973e+01
4.226686203119886187e+01
4.256827272741086432e+01
4.285466873505685470e+01
4.317597904622746796e+01
4.343294477814477261e+01
4.366810187258968057e+01
4.396771877607820045e+01
4.417740807652626955e+01
4.450598773450808210e+01
4.484199947247479656e+01
4.509740199567888652e+01
4.535907821728874723e+01
4.562791356381517716e+01
4.592595875500053637e+01
4.619342291267501110e+01
4.643689410319529287e+01
4.668572103272622087e+01
4.690678684272426580e+01
4.713054777721396249e+01
4.742415314707943708e+01
4.756433412238772718e+01
4.780648963233675630e+01
4.807575620841926423e+01
4.825088430681876162e+01
4.852471451252701229e+01
4.879173159570227369e+01
4.887797040271914994e+01
4.917215555023671669e+01
4.936736613412591623e+01
4.953954331391204136e+01
4.980895437076996757e+01
4.997614337887586800e+01
5.016402269012910153e+01
5.044006114192851697e+01
5.067910863769056107e+01
5.086222888769975725e+01
5.107834955922162123e+01
5.126485081425168744e+01
5.151767093054722579e+01
5.173676072226713529e+01
5.194497273458158304e+01
5.212599193946007858e+01
5.233245718425547466e+01
5.243672519029846768e+01
5.268750199912273757e+01
5.285837113873296289e+01
5.304942093304887152e+01
5.314752178095031354e+01
5.333887316994280781e+01
5.343455406825622589e+01
5.358985853066439375e+01
5.384268420771567776e+01
5.407191531295679710e+01
5.425970964800745833e+01
5.431403296659880198e+01
5.451617312371693203e+01
5.465080876074160443e+01
5.478943623038489363e+01
5.486879235263921828e+01
5.501562840567283530e+01
5.511771879937249707e+01
5.518257581897547936e+01
5.522440322130317725e+01
5.531909572844440248e+01
5.538603349578376367e+01
5.539617063577061629e+01
5.549548068577306026e+01
5.561771878341986763e+01
5.559276381768738418e+01
5.567842109903507719e+01
5.581835910654390887e+01
5.580605900494577298e+01
5.583145946553174355e+01
5.592296671745361891e+01
5.587830018039802837e+01
5.608878452170974782e+01
5.613552362633635084e+01
5.625914925311277415e+01
5.629987888857230871e+01
5.647658724249725282e+01
5.652088656222552032e+01
5.674445628437576516e+01
5.682655830063373514e+01
5.684788052549289006e+01
5.698558167583911427e+01
5.700573417172218882e+01
5.710993398669130272e+01
5.719779259209630595e+01
5.727383450506326312e+01
5.735329103876809143e+01
5.734062686053661650e+01
5.751924032051949354e+01
5.765626165625909039e+01
5.768847541715130234e+01
5.780394498394346670e+01
5.790637138339932477e+01
5.805647591041089584e+01
5.821873782704879119e+01
5.828181912086351701e+01
5.833744443849524686e+01
5.842192303321722591e+01
5.855228824147631883e+01
5.871014596143320574e+01
5.875312700489258333e+01
5.893840651415541032e+01
5.901676967945503804e+01
5.906929343388089393e+01
5.923494592278504456e+01
5.935219592858278048e+01
5.939184479071298028e+01
5.953512506951972938e+01
5.973088510359939107e+01
5.971987268739938060e+01
5.980255039258845073e+01
5.984472603186659256e+01
5.997636855263365163e+01
6.001152704614339228e+01
6.013131143930280587e+01
6.012131562267197182e+01
6.022870558635501226e+01
6.029722317467830806e+01
6.044079240115450347e+01
6.052526393412472316e+01
6.061452387369956796e+01
6.060893421312882623e+01
6.064360094805358159e+01
6.073721054153989485e+01
6.090385910934480052e+01
6.089445253208172204e+01
6.092902273794844348e+01
6.108761801163824856e+01
6.112861126536509460e+01
6.116670746360598088e+01
6.125985180140846609e+01
6.129496462698713799e+01
6.136497594498867869e+01
6.151983731891792218e+01
6.159177318913981480e+01
6.164462923293821461e+01
6.171819020669712330e+01
6.175020925931446669e+01
6.185373434685792660e+01
6.194520448599173079e+01
6.203041443017357892e+01
6.208696777632389541e+01
6.227474648079771669e+01
6.241125001360491353e+01
6.236989354634061300e+01
6.252349102294813576e+01
6.261681526991877433e+01
6.271883878821088842e+01
6.279472956474607059e+01
6.289914588721938316e+01
6.309390036968576254e+01
6.322937073989078982e+01
6.335107483277158735e+01
6.344873237064588523e+01
6.361779972319902754e+01
6.371722791306140010e+01
6.385389751824846627e+01
6.388171155452040750e+01
6.403154873264315938e+01
6.413276404512873796e+01
6.427874967628450520e+01
6.441743315736769659e+01
6.452756157624322952e+01
6.458764824026529539e+01
6.471022988789903252e+01
6.477457956418710694e+01
6.487864977833478974e+01
6.496179723252569715e+01
6.504020434864153799e+01
6.504690047982050771e+01
6.510748987033001356e+01
6.512093599488598272e+01
6.514710925598710389e+01
6.529548370230718035e+01
6.530251493472717073e+01
6.540994795367603842e+01
6.543410064512130475e+01
6.548240498920853270e+01
6.554389276982008994e+01
6.567161864024991758e+01
6.575886246959498749e+01
6.576209566835798626e+01
6.591353304146099390e+01
6.590255878808098089e+01
6.599934052374906912e+01
6.606790582080839158e+01
6.609921539074818497e+01
6.619830223627299404e+01
6.621370045035141061e+01
6.628035023437702478e+01
6.630436566440664592e+01
6.643285416653841935e+01
6.655518798526847490e+01
6.657929356384757114e+01
6.653139886626212274e+01
6.661558462126538416e+01
6.666470386343527821e+01
6.663144797331626989e+01
6.678435704381071503e+01
6.679681749439914995e+01
6.677341979451601617e+01
6.687905614701848833e+01
6.692233613617767674e+01
6.704369335087486093e+01
6.709014492036835975e+01
6.710899533602082556e+01
6.717398908481106901e+01
6.727227224583789678e+01
6.742798182966389220e+01
6.746118264393585662e+01
6.761415675932460090e+01
6.768601246705433994e+01
6.772406085627986272e+01
6.789119828213330265e+01
6.794239532568539630e+01
6.800788222868763455e+01
6.812745427229496897e+01
6.817900343084738779e+01
6.827743624660379851e+01
6.841501123698780873e+01
6.846652526979349318e+01
6.856188029093114267e+01
6.863149847830649719e+01
6.870476585716586726e+01
6.877805078986799003e+01
6.885535199428882436e+01
6.890193972008184176e+01
6.900586562977333926e+01
6.915711893822988543e+01
6.915201392764781474e+01
6.926433197705128464e+01
6.933490200231170775e+01
6.935041284191665056e+01
6.935859764398003335e+01
6.944028964965124828e+01
6.943527479181628337e+01
6.948120477974067910e+01
6.953642075689587898e+01
6.955417606561177024e+01
6.961510697532681036e+01
6.964568698421061299e+01
6.968544734037587318e+01
6.979246228399945551e+01
6.984449442150996390e+01
6.985913259145563359e+01
6.992958569718602746e+01
6.999352654600475887e+01
7.013724120570891785e+01
7.012455726867015926e+01
7.014730750238395274e+01
7.007763665215361470e+01
7.006447666555774845e+01
7.022519884115769173e+01
7.019917606888918726e+01
7.016619590280214425e+01
7.016756075877523813e+01
7.022600176927909388e+01
7.023878776030527149e+01
7.028360251326267871e+01
7.032126189431832586e+01
7.032990213839173066e+01
7.039040164970549540e+01
7.044775998449385668e+01
7.047115397371354106e+01
7.050275295729323943e+01
7.046668905846283337e+01
7.053317170392924140e+01
7.053867404498532778e+01
7.054420912380363973e+01
7.056259485274074450e+01
7.056892954110784899e+01
7.056538273127883087e+01
7.060245788340004935e+01
7.060899206295685815e+01
7.062092727374765389e+01
7.069144957241176996e+01
7.069598390219140072e+01
7.070117548748990544e+01
7.072594381028460475e+01
7.066114148124025007e+01
7.074227020418766188e+01
7.080380024984471277e+01
7.082173150837878950e+01
7.084163104173025260e+01
7.091893190669063074e+01
7.097412554117300942e+01
7.103173439725141236e+01
7.107302424878866987e+01
7.108089956885187632e+01
7.111726971108839734e+01
7.115074146422435319e+01
7.120487051197919470e+01
7.122023708113324858e+01
7.125031182914992200e+01
7.134623560168013512e+01
7.141308292544105996e+01
7.147183786536861305e+01
7.159496567447928328e+01
7.162952148319408252e+01
7.159736724017459153e+01
7.165803154049737600e+01
7.165447884658509281e+01
7.171364916451526028e+01
7.170187421219713997e+01
7.173637637959710389e+01
7.182007080747955285e+01
7.176724062947567973e+01
7.187353571520166895e+01
7.189055431052513256e+01
7.192683434230922046e+01
7.192509745503785723e+01
7.200357275243544564e+01
7.212193089301291593e+01
7.212066863709719655e+01
7.213742180697003903e+01
7.219298641847318265e+01
7.219841720999239953e+01
7.224058561156894598e+01
7.222241611129382477e+01
7.222668434906168500e+01
7.234661854298752814e+01
7.220699862025271898e+01
7.226081360829746814e+01
7.235682516158259148e+01
7.238313151862608663e+01
7.244182085673023153e+01
7.253844530595181084e+01
7.257588027392682761e+01
7.257953786083400871e+01
7.285628631445611347e+01
7.293788952750499277e+01
7.297531665569327686e+01
7.304482179132212138e+01
7.314488978523330331e+01
7.317945386346947600e+01
7.337736482498621626e+01
7.344213195882389300e+01
7.354576919368109600e+01
7.362505963875469206e+01
7.365406515598839121e+01
7.365291053298355450e+01
7.369807017204585975e+01
7.375129302927761898e+01
7.379026856611598362e+01
7.384786900730404113e+01
7.387839612376153298e+01
7.396679928898008427e+01
7.397499801225421834e+01
7.408564078450662294e+01
7.415760027966531709e+01
7.414165459481689879e+01
7.419402503578793073e+01
7.426082620336551088e+01
7.431343382630517169e+01
7.440603587881471981e+01
7.442489432940233485e+01
7.449744408875204726e+01
7.450409851364652525e+01
7.447576445256660804e+01
7.455283263400694693e+01
7.467220559926049361e+01
7.455881130298315895e+01
7.467698158909313122e+01
7.469687276028273004e+01
7.473286303776167472e+01
7.480339836549885035e+01
7.490227926548710968e+01
7.487806060552681231e+01
7.496769397120021949e+01
7.505755406829348431e+01
7.504188121843628778e+01
7.515050981976713729e+01
7.516955718709195367e+01
7.519283423021717283e+01
7.530337173052666344e+01
7.538368929942323859e+01
7.542146137109845938e+01
7.545450618762643558e+01
7.555108539082027619e+01
7.563036427128382400e+01
7.574552022660678574e+01
7.574342795705973685e+01
7.577518320703893551e+01
7.593297160588490158e+01
7.597939642189251686e+01
7.602771670248836244e+01
7.602213384539474816e+01
7.603668604738479075e+01
7.606219279290010604e+01
7.609539469163911463e+01
7.614432010452232191e+01
7.616566234872381358e+01
7.621567340251709766e+01
7.625611329316230069e+01
7.623841752899015489e+01
7.629230060851941175e+01
7.632058576606193867e+01
7.638419190189441110e+01
7.641176002872335005e+01
7.638885482652615622e+01
7.642150091248907984e+01
7.645037705796443106e+01
7.649472713720392392e+01
7.655537379193306435e+01
7.651364616393060203e+01
7.655452715307421840e+01
7.658126292635560617e+01
7.652189280377557168e+01
7.662209749894375932e+01
7.665529044699111694e+01
7.668104536865392618e+01
7.669562479530704024e+01
7.666054381841455267e+01
7.672555587139783029e+01
7.673048791157852122e+01
7.675653026239270105e+01
7.670374563374150512e+01
7.665538831960998323e+01
7.664197179971424134e+01
7.660786575390180531e+01
7.657170974569709188e+01
7.654468782144289207e+01
7.647381700255840542e+01
7.645447463591793280e+01
7.646953328866320021e+01
7.641542460637383272e+01
7.646086245146840099e+01
7.645866480182515090e+01
7.640638352305154513e+01
7.645960650067407016e+01
7.648986728296040383e+01
7.655793067265378227e+01
7.658399561756995411e+01
7.655606539447202863e+01
7.658389731955277568e+01
7.661264886843737543e+01
7.659643673626818838e+01
7.664955564385496700e+01
7.662087174783073351e+01
7.664451776460009569e+01
7.663197856261434993e+01
7.666594500326434058e+01
7.668847672688602302e+01
7.674529553886898725e+01
7.671385294429245505e+01
7.669731215265650803e+01
7.677357695226504575e+01
7.677727389885237130e+01
7.679728966911146415e+01
7.684049884334109493e+01
7.678078887520298679e+01
7.681608275035762290e+01
7.686359614900659665e+01
7.684124914984946031e+01
7.684558422575737779e+01
7.685220829943403942e+01
7.685880931339994504e+01
7.682953729932232534e+01
7.684277538917915251e+01
7.675796898338700203e+01
7.676689399485168508e+01
7.673481978008607030e+01
7.667448027600846672e+01
7.668658927354026389e+01
7.664392204249064378e+01
7.663405805209312405e+01
7.659033891934230098e+01
7.662652197161915524e+01
7.662630117366428806e+01
7.660051013303467471e+01
7.654468634600512189e+01
7.651110467020549777e+01
7.644418431678614922e+01
7.640815749083670028e+01
7.640721620588266205e+01
7.643940611812718089e+01
7.638160413893453438e+01
7.635726430968657041e+01
7.635420178431310489e+01
7.630231696684191434e+01
7.632285205582670073e+01
7.631387271918129045e+01
7.630937252575998286e+01
7.632378925330640129e+01
7.625035556257113001e+01
7.632512304544239612e+01
7.635700850006139717e+01
7.634646704276630658e+01
7.642172660169102016e+01
7.642661078355206428e+01
7.648778312694628312e+01
7.653079260792272009e+01
7.654232009231988343e+01
7.656405519942293836e+01
7.660576030520911672e+01
7.664035594566701093e+01
7.661850731206801868e+01
7.668325947993461966e+01
7.671257987134259793e+01
7.673503168071235336e+01
7.675963305596089015e+01
7.684976158582355765e+01
7.681465597614237595e+01
7.680276278205936080e+01
7.682812572979005949e+01
7.686151428563611887e+01
7.687602862760503797e+01
7.687997669928506639e+01
7.691335004716502510e+01
7.691675917394177020e+01
7.702966182328400180e+01
7.704549361338393965e+01
7.707848015020567800e+01
7.713961019449392609e+01
7.716409767055232294e+01
7.721038055170019732e+01
7.724090797497652261e+01
7.731594126589122595e+01
7.728783085812173681e+01
7.738713898506415489e+01
7.742528549568145024e+01
7.745837402659624615e+01
7.756758867765567800e+01
7.759864317948984080e+01
7.762929083124227247e+01
7.769317184413583277e+01
7.770744467432346880e+01
7.770902510019568865e+01
7.776732048108263484e+01
7.775558668757193459e+01
7.776492830123505939e+01
7.775887519685798566e+01
7.776893990389156386e+01
7.773237408849492169e+01
7.776802228157059460e+01
7.774512022706960579e+01
7.773915105264185854e+01
7.777258016731749990e+01
7.776937687185304071e+01
7.776978265523386824e+01
7.781088453443632602e+01
7.784395634234155636e+01
7.787345690050257474e+01
7.787717755007051323e+01
7.789917229308029789e+01
7.791944271998225702e+01
7.795274558225329997e+01
7.801716523406251724e+01
7.804268346795556965e+01
7.811566821700618846e+01
7.817164052764330506e+01
7.827383251774985240e+01
7.827663704866368732e+01
7.828422932256016509e+01
7.830717913640658878e+01
7.836767731713486285e+01
7.836598967496126988e+01
7.837807553539589378e+01
7.838002502574555308e+01
7.838658072054758463e+01
7.839466668609466637e+01
7.845579728687192755e+01
7.846587139640031694e+01
7.851580849086177238e+01
7.853724222647377928e+01
7.849445379020809810e+01
7.857437530071761955e+01
7.863267470899846501e+01
7.856099600521949355e+01
7.855608596119560616e+01
7.855532139607785780e+01
7.856839617112058249e+01
7.848654752975485849e+01
7.855218854087679858e+01
7.842534747445002097e+01
7.841243931909269804e+01
7.841568470426062731e+01
7.841487956722743036e+01
7.840063917014767014e+01
7.839172647518813619e+01
7.835644702423731189e+01
7.836283676519188646e+01
7.836427927097116708e+01
7.834240990066557231e+01
7.832806165444499413e+01
7.829674035836360702e+01
7.826779969932636050e+01
7.824301335044064842e+01
7.823562165673729396e+01
7.821409825607598520e+01
7.821559788324432816e+01
7.822396664085461282e+01
7.824525682142342475e+01
7.827378857595553541e+01
7.827142453011536816e+01
7.829568123471592855e+01
7.829802895671910790e+01
7.833672905003473375e+01
7.832995218572625618e+01
7.833443958311222843e+01
7.829644322281123436e+01
7.827380480611090263e+01
7.827136351485816590e+01
7.826074289166886899e+01
7.824734483120521134e+01
7.831327509189301850e+01
7.829404396897339780e+01
7.829422968337389932e+01
7.834240289538460900e+01
7.843393459353370645e+01
7.845589698045336036e+01
7.857853745596956685e+01
7.859706708959872401e+01
7.867720056666254891e+01
7.866289776605408690e+01
7.864240778475580385e+01
7.865254963684962775e+01
7.866672424253992801e+01
7.864655462056894919e+01
7.861847406273699335e+01
7.858264739720840453e+01
7.856934376659548036e+01
7.855222885044526038e+01
7.847738048253393117e+01
7.847198226795872245e+01
7.843786656931200696e+01
7.838351420900670519e+01
7.831062972786548926e+01
7.829323566416559288e+01
7.830071937576559549e+01
7.826891591435665418e+01
7.825850698757824375e+01
7.821044951387835908e+01
7.821019771957674038e+01
7.814972142274424982e+01
7.815539110028500147e+01
7.815937812802927454e+01
7.811092570211134500e+01
7.809043155698384453e+01
7.814897307067458598e+01
7.815163025704302413e+01
7.816397266675392075e+01
7.822978152692230935e+01
7.823566472460257160e+01
7.820615599408110086e+01
7.823770912651890796e+01
7.820917294551016141e+01
7.818061003177736268e+01
7.815124956379926857e+01
7.814120123113164595e+01
7.810428559129709924e+01
7.809661740288031240e+01
7.807859440384297045e+01
7.812089440522012751e+01
7.809310589005868053e+01
7.807163818152446311e+01
7.811357423952132706e+01
7.813119880724859456e+01
7.812978020360510811e+01
7.817502623435979103e+01
7.820818370460068536e+01
7.824395971679983575e+01
7.826106732721994774e+01
7.829049891262046401e+01
7.830781606802533190e+01
7.836706073283306750e+01
7.837740332598643533e+01
7.843395309390504622e+01
7.845448478528084024e+01
7.844691367513075875e+01
7.847820350319993565e+01
7.848707340320842718e+01
7.847321591949773278e+01
7.851827735213456094e+01
7.856247313398556287e+01
7.861203328017695924e+01
7.866317455823808302e+01
7.865829322409626911e+01
7.867352740340287198e+01
7.868027160172401580e+01
7.873553740256831190e+01
7.878936526499090576e+01
7.874795340566168989e+01
7.874293347479392935e+01
7.876054493887602348e+01
7.879302613054258586e+01
7.873629584148231686e+01
7.876478678272890477e+01
7.879609018845741275e+01
7.877111965337883248e+01
7.877565019399425239e+01
7.877169769340446237e+01
7.876140053103137006e+01
7.880467850369912242e+01
7.878946403731457337e+01
7.878946711565355088e+01
7.884288260873162812e+01
7.885872780506387869e+01
7.880596481792039754e+01
7.886933438878038771e+01
7.889118062013494637e+01
7.891873137203147337e+01
7.893171386998241701e+01
7.893642421593052916e+01
7.894769580488093652e+01
7.893593979048372944e+01
7.893803458343319335e+01
7.898571205707530396e+01
7.902290591621039084e+01
7.898943235835371013e+01
7.901537001109507230e+01
7.901138434235026864e+01
7.905645126873955064e+01
7.902115105671653339e+01
7.899644474486572676e+01
7.900358826414333180e+01
7.901008500799161993e+01
7.904354650734924803e+01
7.907270462952651258e+01
7.910471764895714841e+01
7.908070675266472449e+01
7.907049599748332014e+01
7.911721606043799682e+01
7.918732435471575570e+01
7.916698773460679206e+01
7.923439931852416862e+01
7.930259864192866814e+01
7.923782069231928915e+01
7.929360262364602363e+01
7.938953229223922392e+01
7.941710801253185537e+01
7.941030114975316678e+01
7.942293850505103592e+01
7.942417450268732182e+01
7.944562474252191464e+01
7.944661149171624004e+01
7.944138763242727919e+01
7.941809435480341506e+01
7.937787037833071224e+01
7.941853610558042931e+01
7.943520925308875746e+01
7.944551981085348302e+01
7.942685648216352945e+01
7.946364923661577961e+01
7.951959975397610947e+01
7.947510901942978023e+01
7.950285782815589641e+01
7.956616234868197068e+01
7.962129494008731001e+01
7.968188314056730803e+01
7.973304759837404276e+01
7.977779638980052823e+01
7.980163851993673063e+01
7.985409007824091532e+01
7.986460112060598249e+01
7.988424589500699824e+01
7.991857546660710909e+01
7.994958896430158291e+01
8.000012593949711004e+01
8.003638820885061023e+01
8.000110027147302105e+01
8.003184680639549242e+01
8.010723575294055365e+01
8.012273601393727063e+01
8.019527065078007411e+01
8.020803544622195602e+01
8.027289678646992854e+01
8.029890003861707726e+01
8.033479519893491272e+01
8.043086166288999550e+01
8.051131474742530258e+01
8.052746948101074054e+01
8.053098491186187857e+01
8.058860468257033460e+01
8.058716873012785697e+01
8.064707079213184215e+01
8.066212196699910919e+01
8.061965647426042381e+01
8.066174538978022213e+01
8.066536958936293900e+01
8.072149221280615450e+01
8.071884930690383442e+01
8.077606504583967251e+01
8.077922300534987698e+01
8.076672435266770833e+01
8.068160577774393971e+01
8.069105052087257945e+01
8.071378096664170698e+01
8.069940334940359605e+01
8.067579260574252942e+01
8.060149694559395073e+01
8.062621808698413872e+01
8.059735997448494516e+01
8.060787820252565439e+01
8.066083426678383717e+01
8.062931939019726713e+01
8.066997304576231897e+01
8.066175713239941558e+01
8.070266089870266057e+01
8.073928562843916268e+01
8.082458676794813357e+01
8.082704666266675986e+01
8.088225554625309144e+01
8.090668518319021985e+01
8.096247375613917541e+01
8.100227969398079608e+01
8.103590935151704855e+01
8.111555121757811548e+01
8.117131553466516891e+01
8.122469421853953975e+01
8.127801993369911315e+01
8.134141482838381876e+01
8.136256857439070700e+01
8.138990057213440821e+01
8.142833625422943555e+01
8.148477369670189319e+01
8.151261326236232208e+01
8.151448850408763747e+01
8.155937115044073948e+01
8.156956016849615310e+01
8.158739818340116301e+01
8.162609640874441652e+01
8.159559827220964223e+01
8.160753746657626095e+01
8.161807122845527829e+01
8.156730239344595645e+01
8.161540943364053646e+01
8.157521078703798878e+01
8.155083329334190978e+01
8.160452175911301254e+01
8.158112665814721254e+01
8.156068358290355036e+01
8.150454782784306929e+01
8.147365278017531409e+01
8.143847499147699409e+01
8.145657786912636311e+01
8.141971426933554312e+01
8.139247146544505540e+01
8.137743215911636696e+01
8.131758996767943870e+01
8.125884949947285918e+01
8.123395621572255720e+01
8.129768461666591861e+01
8.129691879272738220e+01
8.128232767990269281e+01
8.140600253031368538e+01
8.133908638625754861e+01
8.133338930153495028e+01
8.137370536443394542e+01
8.131943238060893009e+01
8.125897726851430036e+01
8.126342269374573846e+01
8.128249167977554634e+01
8.126883270722876773e+01
8.125149828814645048e+01
8.128095560109153439e+01
8.120225977404155060e+01
8.120547999172724474e+01
8.121561561052959632e+01
8.120284094940154773e+01
8.114460158732863704e+01
8.114290837470858264e+01
8.115166735393199815e+01
8.109795826930078988e+01
8.109533388043649893e+01
8.108368545457041421e+01
8.109352923874914154e+01
8.105087473890243643e+01
8.100051943954422029e+01
8.097741227728482727e+01
8.099271511663947365e+01
8.097113102833284870e+01
8.099194535420159013e+01
8.097298182366483843e+01
8.100471145864558764e+01
8.092378415710305717e+01
8.095994484445949979e+01
8.096077806075842886e+01
8.089601413466836277e+01
8.085472750186347923e+01
8.089485292162650865e+01
8.088353224359794069e+01
8.092020229440863943e+01
8.091753375688595895e+01
8.091795213629316663e+01
8.086881481487911572e+01
8.086107398819596881e+01
8.086027617873027395e+01
8.085569954807165516e+01
8.085495441368313152e+01
8.084635314733486666e+01
8.078098127312911458e+01
8.078234577878573930e+01
8.084492498211672284e+01
8.084348451302375338e+01
8.081524072767284395e+01
8.084563739807032334e+01
8.090216399332855701e+01
8.087635156427396055e+01
8.092364629417663480e+01
8.088879755665391258e+01
8.090174538987028541e+01
8.090194768101355294e+01
8.093448131012704039e+01
8.096060116742506807e+01
8.100117959488147790e+01
8.099402134040116152e+01
8.101498076675839854e+01
8.102994804344092472e+01
8.105525319623598079e+01
8.108044490748682165e+01
8.114038276905174030e+01
8.113361461030171995e+01
8.117366133692921437e+01
8.119893894126751377e+01
8.120802287471255454e+01
8.130180964305773728e+01
8.134636774950556060e+01
8.135755310412987740e+01
8.143786092795674847e+01
8.142276990530184833e+01
8.143728127061064015e+01
8.143313127400354290e+01
8.147281184221812111e+01
8.151071003293448314e+01
8.151671463431078735e+01
8.152913474897405877e+01
8.157117761876935447e+01
8.163957820401732590e+01
8.163244359431547537e+01
8.167655295479590905e+01
8.167278385846618960e+01
8.169164925806512656e+01
8.169509683968630043e+01
8.170470992812413158e+01
8.171034762506900506e+01
8.180393656281313497e+01
8.183238714950682891e+01
8.181389557576318339e+01
8.190784456254287704e+01
8.197669418079408388e+01
8.190780399657782596e+01
8.195931494910800552e+01
8.194503619068667888e+01
8.194054401658961240e+01
8.195318260151604761e+01
8.198147529208567619e+01
8.192458323160013833e+01
8.190659807369704026e+01
8.192090600082300966e+01
8.192831890929979011e+01
8.198794339978459789e+01
8.200703965924381578e+01
8.202989155659443554e+01
8.200823081422386451e+01
8.202323161064452961e+01
8.212518076678902901e+01
8.211600680646297690e+01
8.216591096921602855e+01
8.220133251901900451e+01
8.224098271294701590e+01
8.226447592147218302e+01
8.229268935278879837e+01
8.233495447247524623e+01
8.234305764508719960e+01
8.236742658918798554e+01
8.236952001132152645e+01
8.238988132300781331e+01
8.236437617243059606e+01
8.232942812455515025e+01
8.236683633400305382e+01
8.237781472770522839e+01
8.235030878518500685e+01
8.235145064022357531e+01
8.235311676709396522e+01
8.239769337808492367e+01
8.238496388710058227e+01
8.244168085199275708e+01
8.240985930361827627e+01
8.246165173585431774e+01
8.249940028275473480e+01
8.253819781185067939e+01
8.256490255603721096e+01
8.259923459935808410e+01
8.264967845570534166e+01
8.272623592738763421e+01
8.273362028976751503e+01
8.277246410789210529e+01
8.280992240854827457e+01
8.286249383682263669e+01
8.287667257601539461e+01
8.286608397712635110e+01
8.288161324811615316e+01
8.289197042966144124e+01
8.296645075153317350e+01
8.294980019273251060e+01
8.292826202676388903e+01
8.293261350055446712e+01
8.288229900577690046e+01
8.288739083323901014e+01
8.288196052055805296e+01
8.287406966469245617e+01
8.283040634671222335e+01
8.276002334263029070e+01
8.272351415302114219e+01
8.262980180475655345e+01
8.266473335823258139e+01
8.263903532959898257e+01
8.261273497656492282e+01
8.262426346387118770e+01
8.256547914420738721e+01
8.259351773166287103e+01
8.260821831614335053e+01
8.260727048423453311e+01
8.259897454187026256e+01
8.261009900254592253e+01
8.254439884427611673e+01
8.255703153241552172e+01
8.259367539601846886e+01
8.255206855154447965e+01
8.250767309087542856e+01
8.251656607897305662e+01
8.250556470592623270e+01
8.245783187312287055e+01
8.243136406290231832e+01
8.237467527279733304e+01
8.233130001893523797e+01
8.221523445599942193e+01
8.214928624261690970e+01
8.211355118495897898e+01
8.206471945446529048e+01
8.205143250295917312e+01
8.203929091221877457e+01
8.200549292771590615e+01
8.200334826884433426e+01
8.200228446686453765e+01
8.196895569149964444e+01
8.200094947983838267e+01
8.200048894761276586e+01
8.195190106753858572e+01
8.194752194974932991e+01
8.188523671395417125e+01
8.189395622004531106e+01
8.187039264578042719e+01
8.187220868905818350e+01
8.187772560944145539e+01
8.192131573805696121e+01
8.188322123278628339e+01
8.194183808464548235e+01
8.200144067836295392e+01
8.202243307097154457e+01
8.208457053975341466e+01
8.214097325570567421e+01
8.218442866035634609e+01
8.216755561139495967e+01
8.215014021270363287e+01
8.218435460248645086e+01
8.226361058514888214e+01
