1.744340708804253381e+02
1.696044501868068721e+02
1.737878715711116229e+02
1.773048784542328917e+02
1.763619774953401702e+02
1.738953691276999507e+02
1.743085886299786296e+02
1.725809033627752740e+02
1.652509477974535059e+02
1.683220093852604577e+02
1.747210237252962202e+02
1.744541275722575904e+02
1.702706544045614407e+02
1.708252044295965106e+02
1.705643153957280163e+02
1.583713779716605359e+02
1.420911680587889805e+02
1.657621585372089896e+02
1.659157889358410216e+02
1.685979214972187776e+02
1.619943707732956000e+02
1.633532035729211032e+02
1.602486462876744611e+02
1.552083686379515939e+02
1.465825868730583181e+02
1.449700758766176421e+02
1.475630862201608124e+02
1.459941754805819016e+02
1.302478178312078967e+02
1.292762481951340874e+02
1.343270056187653836e+02
1.347958688850107194e+02
1.362873047440579626e+02
1.376344399456035603e+02
1.382751970656143783e+02
1.378061544571629042e+02
1.422928756403197497e+02
1.380529084168494762e+02
1.326219142094575716e+02
1.184884647302888538e+02
1.153075694863724152e+02
1.199426113663936775e+02
1.246119282781733659e+02
1.314779005259068185e+02
1.348432234542258357e+02
1.369250852987532312e+02
1.362818480706667401e+02
1.324119621101202426e+02
1.312824236137374214e+02
1.324609607137754210e+02
1.311062343064460833e+02
1.344378202458444207e+02
1.345836993136892659e+02
1.319019098296259642e+02
1.261931323209265798e+02
1.158900743011191992e+02
1.168591817778685567e+02
1.133349797420370919e+02
1.131264503213257484e+02
1.165752846052954368e+02
1.127149233755141324e+02
1.147521826202328015e+02
1.174980499888688570e+02
1.149982749313105046e+02
1.214157264897195745e+02
1.237474262637161928e+02
1.209120246553952001e+02
1.255031341033960075e+02
1.281079589510411836e+02
1.287430151528403144e+02
1.277263532306511138e+02
1.255545725658124496e+02
1.224380109146639626e+02
1.194377499087531191e+02
1.214800460784704796e+02
1.092532814441142222e+02
1.012164673652440570e+02
9.967163993221853957e+01
9.892323096787693260e+01
1.004847883472199044e+02
1.094080759457520600e+02
1.124576373424421263e+02
1.123978820162639209e+02
1.104753604110669869e+02
1.173383029337049095e+02
1.122795878843814563e+02
1.099752992086871473e+02
1.057003178704311779e+02
1.154953381110478290e+02
1.151153426428638653e+02
1.158642902104914043e+02
1.186494269714181087e+02
1.197432459590185232e+02
1.195999826736531588e+02
1.125117945501357326e+02
1.089254539776620305e+02
1.146843566211857848e+02
1.164986649337508879e+02
1.166416319033689888e+02
1.175923938779466198e+02
1.157674650591099521e+02
1.158377236857282782e+02
1.125887768995510072e+02
1.071895453897011947e+02
1.050434927635606783e+02
1.033426122897264037e+02
1.084890746561915051e+02
1.055309400389093781e+02
1.084993965317658677e+02
1.113743919709417440e+02
1.132625667433835304e+02
1.077088834211731552e+02
1.035409231627452016e+02
1.040959944370171542e+02
1.046904982856022031e+02
1.068131625831368865e+02
1.062417993387378488e+02
1.064712985592906165e+02
1.039508209924522362e+02
1.032851295914334173e+02
1.055393246086574521e+02
1.111818087464829574e+02
1.134087115702001682e+02
1.178678053170657165e+02
1.159667304529976377e+02
1.155964576823457577e+02
1.146087497170942839e+02
1.140919121484546395e+02
1.108715884213123672e+02
1.104862654989311892e+02
1.073374626961022642e+02
1.089803230923692894e+02
1.049612516276895775e+02
1.013801506346629964e+02
9.885859555214213401e+01
9.441937381654000205e+01
9.687737854177436247e+01
9.684866039030197271e+01
9.208034731451810728e+01
8.961512197536214330e+01
8.940570353756122302e+01
8.905982312527549993e+01
8.491067097709569111e+01
8.639881715167342691e+01
8.688386159690863053e+01
8.718265718271098308e+01
8.814036167145053469e+01
8.728290347991566023e+01
8.923951764085468596e+01
9.715175780966350771e+01
9.571040243133209913e+01
9.806296364850373948e+01
9.724035774314363323e+01
9.558114547177302711e+01
9.696393270589513236e+01
9.385126002173890924e+01
9.889307094353068806e+01
9.997897709052615767e+01
9.244572646398644622e+01
9.439705801858792711e+01
9.400556076642347136e+01
1.003636960589276157e+02
1.001855199589242744e+02
1.024001879458662216e+02
1.048154022182282006e+02
9.830696900786877279e+01
9.206432341160979149e+01
9.358559974881843857e+01
9.815456400196086406e+01
1.010061596129323362e+02
1.036723146916613985e+02
9.956933860699112415e+01
9.398286227679402316e+01
9.375857622131074720e+01
9.632127265456192333e+01
9.540715105510045646e+01
1.022693647106588344e+02
1.007726856231526114e+02
1.041431649490826459e+02
1.064173025389041101e+02
1.085079488109925165e+02
1.074383342764884475e+02
1.008785748854117230e+02
9.314970123851468031e+01
8.951388494666750262e+01
9.015157564525830480e+01
9.279634751833812345e+01
9.462856400839915239e+01
9.121167400979243212e+01
8.541322196385269194e+01
8.308847928448287234e+01
8.459430818304561228e+01
8.151306187324274788e+01
8.144259446741489228e+01
8.467024239886511339e+01
8.894584058180073782e+01
8.523437878809187396e+01
8.707221032310066278e+01
9.182821837486736172e+01
9.226938299111331787e+01
9.622094804073591945e+01
9.186622832601048572e+01
9.274575530762035669e+01
9.542698454286689014e+01
9.597010722483420864e+01
9.585266478086337827e+01
9.387485490206763927e+01
9.508349925450619367e+01
9.850389656725438670e+01
9.911703212820002307e+01
1.004510573672236262e+02
9.955062454393302573e+01
1.001555152073128596e+02
1.017196762174456381e+02
1.017131610922606200e+02
9.621393383007608691e+01
9.062274251410097747e+01
9.221205972488489522e+01
9.666174538264614569e+01
9.620459517276077577e+01
1.001824445192074222e+02
9.665677819085446743e+01
9.660840112189377749e+01
9.458322880001971100e+01
9.134824881441544164e+01
9.071082072693002374e+01
8.926528357958825666e+01
9.046091996934339363e+01
8.976134814485334346e+01
8.882788530132717142e+01
9.161276820431803003e+01
9.114583023168850673e+01
9.102426325825004483e+01
8.999448623907731815e+01
8.920997394166150229e+01
9.354754761179113132e+01
9.372240640141998824e+01
9.060148604757011981e+01
9.304139298422329318e+01
9.424078674337984296e+01
9.151942945651919104e+01
9.170774175404079642e+01
8.912189899022776274e+01
8.923568609458668277e+01
8.969687503584076183e+01
9.152841696762739332e+01
8.616236661978474842e+01
8.161662904316493439e+01
8.314723158332485298e+01
7.183845734369589309e+01
7.075255302874964514e+01
7.269722701989692837e+01
7.631453681103828046e+01
7.181097341423317459e+01
7.423526728320119616e+01
6.930034476404533450e+01
6.793486664536955288e+01
6.027523166659190679e+01
6.129539343594188949e+01
6.928791375168346178e+01
6.251965316855724097e+01
6.744425123107512832e+01
6.806578989287299919e+01
6.322501196347057828e+01
6.107010941933747006e+01
6.569863911143164614e+01
6.084727130264154482e+01
6.162234092675572583e+01
6.564802569161045653e+01
6.813693163048237977e+01
7.174645105159721936e+01
7.460652887557075985e+01
7.650800658690154421e+01
7.413980812845318269e+01
7.297442162585943493e+01
7.822652059705164618e+01
7.426066185307740852e+01
7.597262298245678380e+01
7.651892825856069180e+01
8.262857687098485826e+01
8.443412600406206536e+01
8.311624471948270809e+01
8.799405770953167405e+01
8.493775615485286323e+01
8.492616762386415985e+01
8.677412537706123885e+01
9.596216614147101609e+01
9.626454011114870468e+01
9.815478340886747333e+01
9.496486970611948664e+01
9.450235686749296349e+01
9.214797056611871540e+01
9.054964698171687587e+01
9.249930319413495283e+01
9.027220725122325007e+01
9.140418310164800175e+01
9.383950912792593613e+01
9.146159263656129212e+01
9.509466071715785063e+01
9.632573291692631301e+01
9.341325683061128871e+01
9.302747825509439394e+01
9.583817527626860056e+01
9.645568941667941942e+01
9.401345066252552840e+01
9.550957611108276524e+01
9.473325306791527112e+01
9.087052733081961264e+01
8.986101896083384588e+01
8.805101982079678180e+01
8.958147787191525424e+01
9.641170544497775552e+01
9.138185211854428758e+01
8.711380128891414643e+01
8.277076633741911849e+01
8.642249641358398549e+01
8.708323510984187976e+01
9.053585910259677405e+01
8.999137188041434854e+01
8.520694166810841352e+01
8.531276632367709567e+01
8.705119976994414799e+01
8.594823643874748598e+01
8.577382128344726198e+01
8.759019921844557643e+01
8.614848664552543767e+01
8.277133983059357547e+01
8.344400428917211343e+01
8.871469674380645642e+01
8.772522822498621053e+01
9.235411424162754201e+01
9.158870584069126153e+01
8.642444731777028721e+01
8.672212753490087778e+01
8.233831873823275771e+01
8.365740825226693289e+01
8.318237389183993002e+01
7.941991768659458728e+01
7.908900405394498989e+01
7.642981691978518199e+01
8.099086789094074845e+01
8.465959979472620489e+01
8.868283177237788095e+01
8.427535781070405108e+01
7.919337896914797170e+01
7.793625091815208350e+01
7.757259916252125720e+01
8.130650373308371570e+01
8.150220657168276261e+01
8.055185815516487935e+01
8.150955265061863031e+01
8.221106503790822728e+01
9.250684399316155293e+01
9.112857747296305888e+01
8.624792661412418227e+01
8.591996063214372725e+01
8.420081936336733008e+01
8.338744628102490708e+01
8.696156911243402021e+01
8.562349275039223073e+01
8.632675074554644823e+01
8.193186392666788720e+01
7.855470100994911320e+01
7.900562002463816214e+01
7.375498113525407007e+01
7.370813866493263333e+01
7.252900007650686121e+01
7.458714828610835923e+01
6.947647994504997371e+01
6.802007301996806632e+01
6.313691345714659064e+01
6.297224859064570524e+01
6.338462777218671818e+01
5.908040645717827033e+01
5.088410742946308574e+01
5.308550994354946795e+01
5.368050463678412143e+01
4.949594265722245723e+01
5.377871175936637371e+01
5.042167761232107637e+01
4.931905797623483068e+01
5.001168090174513736e+01
5.244647004038147031e+01
4.905766852361762176e+01
4.997069786246095191e+01
5.307224967314530772e+01
5.276867992510571526e+01
5.233707600248057190e+01
5.266715700891197116e+01
5.427359954402508890e+01
5.379851310044114143e+01
5.187413765552028622e+01
5.459121378239790090e+01
5.641392324567399896e+01
5.439116043425123337e+01
5.767471995119188932e+01
5.546115095617399504e+01
6.533403478137272202e+01
6.783685919440148382e+01
7.263116926702309684e+01
6.655950583457695302e+01
5.800569280799156502e+01
5.831771337527105459e+01
6.502534443904242778e+01
6.555290536594080208e+01
6.792945725684639058e+01
6.949263586511067103e+01
6.843551517970720965e+01
6.806236109479269203e+01
7.642439933877015790e+01
7.623765835557777848e+01
8.012684362830800922e+01
7.296863439026968479e+01
7.466386315262347750e+01
7.274120140449726080e+01
7.258141269679364882e+01
7.243114090789536874e+01
6.738151352509648007e+01
6.879759349177147953e+01
6.962908520283029645e+01
7.093651271658852409e+01
7.276770430772675979e+01
7.130411997004891589e+01
6.918798809299590857e+01
6.795937286603145822e+01
7.118369092902020157e+01
7.168399690458817020e+01
7.427780157904960845e+01
7.247216344591856796e+01
7.462826623081697619e+01
7.255435710768591662e+01
7.006821081252263639e+01
7.201769189998130116e+01
7.101926795443915807e+01
7.722266753748961321e+01
7.585620810671129277e+01
7.804187511983701597e+01
7.779145371303685863e+01
7.837391811858744006e+01
6.976010669183381196e+01
7.635548069357136569e+01
7.703587202988718730e+01
8.085287971042532718e+01
8.308687402483552376e+01
8.343889719214993761e+01
7.606249249886607799e+01
8.513032001115784908e+01
8.719429287641676751e+01
8.201252532049261390e+01
7.907723959231668687e+01
7.938423597790601605e+01
7.935418252575060194e+01
7.904386304346894576e+01
8.155127910261832369e+01
8.542507424249036774e+01
7.830065022521687013e+01
7.789977614234460646e+01
7.874193401486425614e+01
7.447288660078233136e+01
7.332675591437602236e+01
8.056673872032394002e+01
8.142495581696688589e+01
7.952495374871037370e+01
6.946916633680190500e+01
6.578558049653490514e+01
6.972670221521552492e+01
6.975928814552695201e+01
8.080423600299835130e+01
8.132268247540370965e+01
7.507056822378071104e+01
7.365331406720129337e+01
7.316145147649341141e+01
7.889691589488697332e+01
7.398792472724008462e+01
7.381352622170462041e+01
7.796192510520495489e+01
7.420959583837314710e+01
7.611079192476510968e+01
7.514221500593363601e+01
7.575502423170898680e+01
7.531164536639619200e+01
6.900438642654866328e+01
6.810175433463875549e+01
7.281018879093751650e+01
7.575017702308831247e+01
7.745926702690557875e+01
7.156054105169189938e+01
6.848015072540748349e+01
6.374825849235601538e+01
6.389204105802285483e+01
6.490755543373180103e+01
6.515086159285489487e+01
6.281239573184481628e+01
5.431670182616316822e+01
5.324693994824704646e+01
5.371852578170269510e+01
5.089505076912701043e+01
4.812960000760125467e+01
4.574246677494926416e+01
4.581361271229027921e+01
4.392426672832115742e+01
4.718452072775212969e+01
5.411600311309410927e+01
5.416300021315440461e+01
5.628592199067944080e+01
5.345418209887372996e+01
4.577347511576485317e+01
4.550698819323145017e+01
4.709923395221122178e+01
4.786021479568063342e+01
4.727799196044583141e+01
4.838957412758739451e+01
5.143915579556465900e+01
5.283607217602180128e+01
5.736706121620072452e+01
6.016129175737297885e+01
5.842170356787804053e+01
6.203653257519543729e+01
6.372847274363942915e+01
6.464065635974365875e+01
6.270533886649353406e+01
6.893902398370133255e+01
7.055731841819788031e+01
6.805380392091315400e+01
6.791444422842951667e+01
6.356003571186025169e+01
6.485348143696519685e+01
6.395811001515389194e+01
6.205880487117610755e+01
6.333567467852508059e+01
6.615158903741742336e+01
6.494451634987295563e+01
6.428163215483162674e+01
6.572516004830136183e+01
6.501173600143191322e+01
6.258184917002469660e+01
6.459813966706080635e+01
6.149172236134221237e+01
6.244360906042260240e+01
5.824152444552939301e+01
6.244954789263304917e+01
6.621390831990677839e+01
6.797789963001534375e+01
7.597813397951190950e+01
6.773567499964012484e+01
6.912073323736588293e+01
7.247539405862126216e+01
6.721072912799080257e+01
6.241647371277119305e+01
5.729535746852424438e+01
5.763041853561685457e+01
5.994282717660276205e+01
5.887161975074812403e+01
5.776319380493113442e+01
5.521076303170895017e+01
5.089246249526857468e+01
4.985215356109966933e+01
5.129683717535812093e+01
5.312911736903932081e+01
5.523349430007601768e+01
5.523443800095257927e+01
5.899007522558871131e+01
5.966170604777211395e+01
5.819269412253663631e+01
5.509334902006199286e+01
5.923148873472648290e+01
6.443465375971466358e+01
6.823571876209030052e+01
6.724423926524163164e+01
6.970061602526999422e+01
6.455447843578892275e+01
5.912136225389747324e+01
6.207591723213288049e+01
6.226155892353931165e+01
6.615838691625954482e+01
7.174268609936687824e+01
7.077625902469172559e+01
7.617669276839004056e+01
7.754058571857392224e+01
7.249492026569480174e+01
6.249730221021123100e+01
6.472612963481938664e+01
6.494244285021149210e+01
6.540985592935483339e+01
7.345109560589570208e+01
6.715987685494289394e+01
6.749114831237504575e+01
6.589055798029157529e+01
6.475578782962286084e+01
6.078940925287822949e+01
6.424809665293487626e+01
6.255856842215052893e+01
6.479078590671745985e+01
7.441874861191519130e+01
7.225118025943717726e+01
6.939214593091040229e+01
7.001417049501448275e+01
8.006541498129188028e+01
8.052089488475505163e+01
8.222399540421852748e+01
7.679712436249121765e+01
7.936091341758692863e+01
8.345894210567249161e+01
7.740903473518724809e+01
7.030395632572225395e+01
7.168466310077189974e+01
7.276246911416211560e+01
7.459000395587050036e+01
7.031409822036305002e+01
7.227330485514124803e+01
7.365403733732912883e+01
7.005833791595365767e+01
6.371135203325528096e+01
6.222058368037508558e+01
6.356494048606367642e+01
7.221424350146493509e+01
7.685461629554801277e+01
7.595653980389020887e+01
7.042915380938364933e+01
7.152804803975574544e+01
7.324773963539408328e+01
8.059780206631425870e+01
7.890462155918422127e+01
7.591839684794506127e+01
7.202238856174054149e+01
7.332147598120604925e+01
7.236044355217457280e+01
6.991662392096799294e+01
7.198269842476642566e+01
7.486981726989731101e+01
7.390760446592371125e+01
7.191495520429792521e+01
7.309137924896808158e+01
7.052529488776426092e+01
7.106893891340723712e+01
7.457828073019349802e+01
7.407467547492306892e+01
7.556352017861279080e+01
7.820238341796195414e+01
8.220404231465909106e+01
8.595513450399845112e+01
8.264567757783284208e+01
8.562537224604176345e+01
8.481397355882673139e+01
8.091674718023892865e+01
8.452379077596847878e+01
8.355811751074865867e+01
8.169409258187114631e+01
7.835761732962384940e+01
7.897464617334640025e+01
8.017727173281900832e+01
7.935931422092353671e+01
8.119211293700377041e+01
8.477365002395146121e+01
7.807700345520504470e+01
7.518287912944580853e+01
7.738158867800775909e+01
7.657723231755063864e+01
7.481189947455843026e+01
7.536218396851083412e+01
7.033487769938851386e+01
7.136012666749370226e+01
7.004291904190672824e+01
7.474211994509906276e+01
7.654192598049006335e+01
7.781594792218548662e+01
7.924029352566390116e+01
7.648725698219914193e+01
7.859613694831668340e+01
7.589618738977405599e+01
7.270828194516946041e+01
6.696657515553781082e+01
6.782155093733051388e+01
6.744025157534018433e+01
7.440652115297585567e+01
8.037953430841521651e+01
8.568723000286277625e+01
8.107177826945905963e+01
8.719699572105206187e+01
8.726388831628575815e+01
8.448123098703445066e+01
8.331380030718479190e+01
8.152918846032898159e+01
8.122060754934523175e+01
8.408754105716079152e+01
7.744691877355883491e+01
7.595537171834230605e+01
7.277510749938679169e+01
7.265808957896099685e+01
7.203817657040374911e+01
7.619473796711478997e+01
7.576411523796654990e+01
8.032096734270270133e+01
7.820189596403265853e+01
7.392839264406289601e+01
7.431931642593080767e+01
7.735610356342212413e+01
7.973360263062573949e+01
7.326927461701298228e+01
7.084095447551155189e+01
7.083993134098368216e+01
6.840796341795302737e+01
6.854856372712518464e+01
