1.747561872569765455e+02
1.736368051815803994e+02
1.739289060339136199e+02
1.628146362985037854e+02
1.731761274517878064e+02
1.736247717852244534e+02
1.705258718327303313e+02
1.633264639886804162e+02
1.741476270080952418e+02
1.747040025707573818e+02
1.746873564230287741e+02
1.755671676736057805e+02
1.751613759569466708e+02
1.677723051741801328e+02
1.703315372295408849e+02
1.518423283268973876e+02
1.482217484450470124e+02
1.629328252946175724e+02
1.618125226353261326e+02
1.596467360942724554e+02
1.470100864830535556e+02
1.249779318494690585e+02
1.334122773627397294e+02
1.351379591417624226e+02
1.454970973047657594e+02
1.493708283757722768e+02
1.448097462498382413e+02
1.390255556278568179e+02
1.341153168958886965e+02
1.353231515185199783e+02
1.267314692644631577e+02
1.376065420579189720e+02
1.358544732039048313e+02
1.419261872123477985e+02
1.385589028344841722e+02
1.425136346954077737e+02
1.444141638560365379e+02
1.465911156854697879e+02
1.419104199657288063e+02
1.376676189051706274e+02
1.260438818717286154e+02
1.180405445797502608e+02
1.221534881399509089e+02
1.256098720294303916e+02
1.269840610433639227e+02
1.260766906678472878e+02
1.282344592242937438e+02
1.291649384767231368e+02
1.316717608820666783e+02
1.317094247652668173e+02
1.325797760612908860e+02
1.289409804618005637e+02
1.298011662766353709e+02
1.254089618924597431e+02
1.214002131470005423e+02
1.220790252699325578e+02
1.165880696684654509e+02
1.190469383702955923e+02
1.223190100786519849e+02
1.180717727508563399e+02
1.217281498123135037e+02
1.268426378314965319e+02
1.215149078760086354e+02
1.244563204601713551e+02
1.239856409583147467e+02
1.248889479424797315e+02
1.218488658493297123e+02
1.202856215780567908e+02
1.208691022411550762e+02
1.305783000357089350e+02
1.307370549177450414e+02
1.286203634631263810e+02
1.228662425017519837e+02
1.211282590991033459e+02
1.173382741210437104e+02
1.152910102394857148e+02
1.110279988705370329e+02
1.137624210063794266e+02
1.126988334292940408e+02
1.184673513443974713e+02
1.219901935037468093e+02
1.209701003587711483e+02
1.248376379140091927e+02
1.293804416514293223e+02
1.287056971993009427e+02
1.287964590435612990e+02
1.313764235487738290e+02
1.292115999752027733e+02
1.253776200187843699e+02
1.250019120613281842e+02
1.196351020052360496e+02
1.216305571101851086e+02
1.165308540087386575e+02
1.133418503055931126e+02
1.213308584519381554e+02
1.154221704963866983e+02
1.109878697545708945e+02
1.077912778649284888e+02
1.085589307690158591e+02
1.155418573304321086e+02
1.164878912161346562e+02
1.159893764039741910e+02
1.115757806890230910e+02
1.139275236604720618e+02
1.122796575834871931e+02
1.167666386247550321e+02
1.150261196150710248e+02
1.196625586550379268e+02
1.205222482616940454e+02
1.189639332692428724e+02
1.198717053298333610e+02
1.170020055794398814e+02
1.178143813718952089e+02
1.167093607202993155e+02
1.120527135029993673e+02
1.129272324069472972e+02
1.163742904475816999e+02
1.154069904964806739e+02
1.106601978127971080e+02
1.070465652320093426e+02
1.129484390548352621e+02
1.113032516699255297e+02
1.099517799159664264e+02
1.092171843653628827e+02
1.092147857460189471e+02
1.065864622783462039e+02
1.005683865546231885e+02
9.669929236364257008e+01
9.791652184247091384e+01
1.006513042032874381e+02
9.464638854447936467e+01
9.674398670431581593e+01
1.006659097605100186e+02
9.612826968804107253e+01
9.895393821406337054e+01
9.987215362732466417e+01
9.854132678906080400e+01
9.764495561028824966e+01
9.848044189151089256e+01
1.026256649302726061e+02
1.017867441296256459e+02
9.831497716048227176e+01
9.956206027856444507e+01
9.987052547809973646e+01
9.763698025799297397e+01
1.070973898658201762e+02
1.039192023726985354e+02
1.032820590327426800e+02
1.090825645228337208e+02
1.105357197670775804e+02
1.082046594794184671e+02
1.030377004720300818e+02
1.018971304767252519e+02
1.038594589168389319e+02
9.977274092650583270e+01
1.003919182866878970e+02
1.025088907505212319e+02
1.047270876303723526e+02
1.114392495471201983e+02
1.111950025466389746e+02
1.127261603980482647e+02
1.145189836490903730e+02
1.062296500254230125e+02
9.746079146896208556e+01
9.085972125165289981e+01
8.952546801017976463e+01
8.606667550422250201e+01
8.630026753950426155e+01
8.412360050554833890e+01
8.696741289439168554e+01
8.636217790598448119e+01
8.863066135145525948e+01
8.249730991244598499e+01
8.145479173886229773e+01
8.584840151349401083e+01
9.198691163111931246e+01
8.713764610017560130e+01
8.650270589237658214e+01
8.635820968096085437e+01
8.406332336452618392e+01
8.691881268359604462e+01
8.727052027669843426e+01
8.664830411482611794e+01
8.763794406045562368e+01
8.293336814740104046e+01
8.407575385363996645e+01
8.591795122212727165e+01
8.548732770170465756e+01
8.727147198791516303e+01
9.223029878180692265e+01
9.366813310387695424e+01
9.339937250407238878e+01
9.515114425917315089e+01
9.975588342932786645e+01
9.617658221535212704e+01
9.074482621825220008e+01
9.543253436701664327e+01
9.863376809057980665e+01
9.504042129778078163e+01
9.951058991867026293e+01
9.722175826421259615e+01
9.678749824241700139e+01
9.990508288051034924e+01
9.690345637922419542e+01
9.797912697839049656e+01
9.769151929610157481e+01
9.320449294892040371e+01
9.084202157336650885e+01
9.317983785061507263e+01
9.234186655545296674e+01
9.215005577567794148e+01
9.709233605935895639e+01
9.578683197916839731e+01
9.844287178511541470e+01
9.390619295961552382e+01
9.409488019464353670e+01
9.845074121322370786e+01
9.732664525339043848e+01
1.007132064593127723e+02
1.017685315849918766e+02
1.039552593748032905e+02
1.008468378128524421e+02
9.336586383945297030e+01
8.917565993351146858e+01
8.588346062085653898e+01
8.921255678518282650e+01
8.727963783298089595e+01
8.233536023397876136e+01
8.288764116890988021e+01
7.332468609622037548e+01
7.566346327822925844e+01
7.497871511952443768e+01
6.985997444305689896e+01
7.142811886350186512e+01
7.580091070580111534e+01
7.166630866985386206e+01
6.892189714914499632e+01
7.070759924934085916e+01
7.319585929365607058e+01
7.128058565924663981e+01
7.581857040465422415e+01
7.613552954774426951e+01
7.428540157349146966e+01
7.671438495149315884e+01
7.401103684934724924e+01
7.478276430442538469e+01
7.646095043734337082e+01
7.896465771606790440e+01
8.150347134842886021e+01
8.194316932263086528e+01
8.189311138881429031e+01
8.287570461735325011e+01
8.177991330401289360e+01
8.661961749803215582e+01
8.396449297495252040e+01
8.541796788561980236e+01
8.476848917795531690e+01
8.336248309587701044e+01
8.178658097973897156e+01
7.983747939028877738e+01
8.320664791284133344e+01
8.351141022923306423e+01
8.586138683627319779e+01
8.507082104477943574e+01
8.642728336980488280e+01
8.812296903451266417e+01
8.931040472542954944e+01
8.953206080359728958e+01
8.887998769494956264e+01
8.791056155778869652e+01
8.682285522248639609e+01
8.570317543210033762e+01
8.633130323839932885e+01
8.823123659886850589e+01
8.649906256094675427e+01
9.222200273214097876e+01
9.164150368985605155e+01
9.104496093776266719e+01
8.944063814169264504e+01
9.648512680229384841e+01
9.306544831195351719e+01
9.284893177474531001e+01
8.659043085595058642e+01
9.545146589892263478e+01
9.365510947288771604e+01
9.663175523748219575e+01
9.872570812457588829e+01
9.557053327750429617e+01
9.676356988023573535e+01
9.525518203245556492e+01
8.934245485142562870e+01
9.247101578930983123e+01
8.973056364333996271e+01
9.070594752764920088e+01
9.304673844169965946e+01
8.802952676366888340e+01
8.570457453051994889e+01
8.980635324608833514e+01
9.044881571462394731e+01
9.255175473613782344e+01
9.630450678429151878e+01
1.014455917137644150e+02
9.675454058477589570e+01
9.455197681211242866e+01
9.732728713876369397e+01
9.884359353249914193e+01
1.004158171443541221e+02
9.367830764798775078e+01
9.627995705060462228e+01
9.134090889465471719e+01
8.773198425607203887e+01
9.020568941202581925e+01
8.496216484775034417e+01
8.475375076670312069e+01
7.743754546657673643e+01
7.936920855664295971e+01
7.431093806008816216e+01
7.392530229795522700e+01
7.102269827024508686e+01
7.463775982051612345e+01
7.046158963959648247e+01
7.220749666684798740e+01
7.133417236448616450e+01
7.136019728617819169e+01
7.387817556279296127e+01
7.571776431655094086e+01
7.423467759599319038e+01
6.636573489375496138e+01
7.227107168256868874e+01
7.260655933966462783e+01
7.473781457881750612e+01
7.614457823716155360e+01
8.196958346735765133e+01
7.891219224626887296e+01
7.755453431793607422e+01
7.635529627654356943e+01
8.098130164446625656e+01
8.039416245442157560e+01
8.529140566578006144e+01
8.535690989844354704e+01
8.173140585867810159e+01
8.478493389433722882e+01
7.987564205992498501e+01
8.192482567253620118e+01
8.301856463892754334e+01
8.564200161116360732e+01
8.586335518587701188e+01
8.489049866320375770e+01
8.283462336002199322e+01
8.143139133814075592e+01
8.132690823072712760e+01
8.709404544664947423e+01
8.836145417050485662e+01
8.860911127631092654e+01
8.146165225311195002e+01
8.171068909305373040e+01
8.259806231549654854e+01
8.317922591347510775e+01
8.230908804937286050e+01
8.140009144506682048e+01
8.219688696293418673e+01
8.805033672746829154e+01
8.746726618343816995e+01
9.368616465906590918e+01
8.922440740320963926e+01
8.738269826796310724e+01
8.834629703900746733e+01
8.544850070580558565e+01
8.426703940793420600e+01
8.330618438523021041e+01
8.452284437869606393e+01
8.560960342572089132e+01
8.740217072125028608e+01
8.949531748092464056e+01
8.950898445123129932e+01
8.755115297032178034e+01
8.797508909011533262e+01
8.289133661202401981e+01
8.355050657288531113e+01
8.267111409856762805e+01
8.713306315268910396e+01
8.303033662721081498e+01
8.096515871722654367e+01
7.952853388776610188e+01
7.973470127755264514e+01
8.437295697849209830e+01
8.003362523187320221e+01
7.861735135938198482e+01
7.966772980031406348e+01
8.092355088821847175e+01
8.270569473397306126e+01
7.612877110276048143e+01
7.873137809661747610e+01
7.741206562151573678e+01
8.266854486351392950e+01
8.417844156838329184e+01
8.422234760454905711e+01
8.045681509815214838e+01
8.151883238150443844e+01
7.937507035208159323e+01
8.131067933175829410e+01
8.683511280081425809e+01
9.451491076211333109e+01
9.546901474487623318e+01
9.189620741210602262e+01
8.605987722123171579e+01
8.456313543678592737e+01
8.513314995568276800e+01
8.578192454908459297e+01
7.995671522653529451e+01
7.962425027446282400e+01
8.183924976438873955e+01
8.272969029748516334e+01
7.593858807164761515e+01
7.513850185862764874e+01
7.546171856654569865e+01
7.834418740343909349e+01
7.475814956615816698e+01
7.089397564202957369e+01
7.113043626849707834e+01
6.677946069208213942e+01
6.757788889065456317e+01
6.662797421128676945e+01
6.274415002057840240e+01
6.034288919393697626e+01
6.008904523941252052e+01
5.677142581203040805e+01
6.131953089740744645e+01
6.337744560930771343e+01
5.930465430911979752e+01
5.998745222072793837e+01
5.744449015591295193e+01
6.048065079171767167e+01
5.876954876547112150e+01
6.145151552319516952e+01
6.290255275005493729e+01
6.458637586896730909e+01
6.798018466457477871e+01
6.562759951643026568e+01
6.382592416474685848e+01
6.023899972202251973e+01
6.114517672581582985e+01
6.119685109464000305e+01
5.910696655762076546e+01
6.090679406072892021e+01
6.222219530411801003e+01
6.643378002309873409e+01
7.247367962233148830e+01
7.072822330291434412e+01
7.149823076300798164e+01
7.097550474179502089e+01
7.842534865184137516e+01
8.186803963198738643e+01
7.658585569198324094e+01
7.518746204556805424e+01
7.452191122393038825e+01
7.503179740750456972e+01
7.509523039321663873e+01
7.265564620169740806e+01
7.359600471843302216e+01
7.341748385352299522e+01
7.202532967605782233e+01
6.833754274014479790e+01
7.126932297268133709e+01
7.233964345860890433e+01
7.298723862041536847e+01
7.458973958087973699e+01
7.402205722939918076e+01
7.488224137410510650e+01
7.300369972192279988e+01
6.925889584315433467e+01
6.671704170419779700e+01
6.956519484641823681e+01
7.566055615854750727e+01
7.652796810365191504e+01
7.347856426048068101e+01
6.843723198502847538e+01
6.949486591934171997e+01
7.049244704689132845e+01
6.913441141784745980e+01
7.148161448780732030e+01
7.517614531313618897e+01
6.975121761156262323e+01
7.124856878812317973e+01
7.394142289025748482e+01
7.789866321619273037e+01
7.980237804340156060e+01
7.815370749692287689e+01
7.635332452052277574e+01
7.386868604576187636e+01
7.393969398920334868e+01
7.610123457037195749e+01
7.777240328174214312e+01
7.389037795907853479e+01
7.641944504290223961e+01
7.755762073712797644e+01
7.335728489152981524e+01
7.549571581715285618e+01
7.419442859147962110e+01
7.293455174160125409e+01
7.514082762509137581e+01
7.497252483438587944e+01
7.890886711888015270e+01
8.334726780220921682e+01
8.497582403008310337e+01
8.622733232059103159e+01
8.537216247957488235e+01
8.422066061554231453e+01
7.877636889092909200e+01
7.753612009255711257e+01
7.286989064766899560e+01
7.292442778188140551e+01
6.839982242686006941e+01
7.195806296361367060e+01
7.041882339233065125e+01
7.286751617782879009e+01
7.353912782568293949e+01
7.463706535814213794e+01
7.629772443655103586e+01
7.874204959108708124e+01
7.536571632692107414e+01
7.785815229514967939e+01
7.522045388334639426e+01
7.305755751420709032e+01
7.306783397612684894e+01
7.705089791473596961e+01
7.324608290410890277e+01
7.798450234221353128e+01
7.448048944163467411e+01
7.408679341677863306e+01
7.184114635058980980e+01
7.295149177242858229e+01
7.651039327109170074e+01
8.132913114864889792e+01
8.162361420644856480e+01
7.921223060989086662e+01
8.019414631488407963e+01
8.072276277468698424e+01
7.631838856215139799e+01
7.488490499984045812e+01
7.489152137040446178e+01
8.282888381405312828e+01
7.698241349204481310e+01
7.477466469547584893e+01
7.497049262854038432e+01
7.846652046093380761e+01
7.553046712447682864e+01
7.426682452162124548e+01
7.318032242472432358e+01
7.753662260457763011e+01
7.207552123098385266e+01
7.396447291320824036e+01
7.704775522628715123e+01
7.885609821741093128e+01
7.381376460878409773e+01
7.253574165515038885e+01
7.729668692988465750e+01
7.203058011111184555e+01
7.145240302531398413e+01
6.922669121036130946e+01
7.226722448178441027e+01
7.268866289670705783e+01
7.494900491526486519e+01
7.662865836071355830e+01
7.296585353148059028e+01
7.421230616374040778e+01
7.555719611413510961e+01
7.734592341675107718e+01
8.221680926807013634e+01
7.935808298888237289e+01
8.233046677782434131e+01
8.173693660967501273e+01
7.802102568795294246e+01
7.237149367053480375e+01
7.225538106409796058e+01
7.376934254505037813e+01
6.938455796867542347e+01
7.160953690594810439e+01
7.374397073309197026e+01
7.635862979671783535e+01
7.543239300508210476e+01
6.904568395849578621e+01
6.611155875263322912e+01
6.552009350455831793e+01
6.665746072122699672e+01
6.363152041889298971e+01
6.322850619918909842e+01
6.804452582307931152e+01
6.930796427826841466e+01
6.516572822518517683e+01
6.857151191132774670e+01
7.229051969394217281e+01
7.070543823482779544e+01
6.868020473568486750e+01
6.483972310170601361e+01
6.056541250100624296e+01
6.041402675109569742e+01
6.100753078847051114e+01
5.585824818575839146e+01
5.618069602368625937e+01
5.960577427014083440e+01
5.516258503679716085e+01
5.073262415587627316e+01
4.949968800907008415e+01
5.355987975544595514e+01
5.358839730242279131e+01
5.391286086232686614e+01
5.662562586636946804e+01
5.395576821615242125e+01
4.971131478139540150e+01
5.381294062882097506e+01
5.198987270368959202e+01
4.600299409237815240e+01
4.633435452937489885e+01
5.092538514752037315e+01
4.587630242326350327e+01
4.386226854551077281e+01
4.820297350312923612e+01
4.447562779371404673e+01
4.217650461970215048e+01
3.855210985786354172e+01
3.652386446648414164e+01
3.562499703463387135e+01
3.652995165945944933e+01
3.736680637610967182e+01
3.938013720200676460e+01
4.157461520966356261e+01
4.190532326008290909e+01
4.301487893742486079e+01
4.252542465470080657e+01
4.617106243301119406e+01
4.781797971118418644e+01
4.944761327513927540e+01
4.970331389145563605e+01
4.689639907237084060e+01
5.183951837882689517e+01
5.196065446882445116e+01
5.102741513568163612e+01
5.168182977587439098e+01
4.994130036611411327e+01
4.954941154703199402e+01
5.242888975608151725e+01
5.542110086210661279e+01
5.856402743446490433e+01
6.196052235440606637e+01
6.331387824175251922e+01
6.136217928142556843e+01
6.251673425988118282e+01
6.315314047139261788e+01
6.511400722921257511e+01
6.511414236056718607e+01
7.374641937543553638e+01
7.010219144625420995e+01
6.824702448222845419e+01
7.116999385641976517e+01
6.672497871705691352e+01
6.620558680170722710e+01
6.473500208855634241e+01
6.689850483376102375e+01
6.736302292618779575e+01
6.529618616690497390e+01
6.496643369595730633e+01
6.856000407355712412e+01
7.257852703455151300e+01
7.174980613740312663e+01
6.692185874274882451e+01
6.864243692518260787e+01
7.203565477859423538e+01
7.528116016422201540e+01
7.291265152006039330e+01
7.631127946510051174e+01
7.569093283213915413e+01
7.295756555002657251e+01
7.334446716034740632e+01
7.239844785269571048e+01
7.188080523809824740e+01
6.751059494162264230e+01
6.071988982840721860e+01
6.429078997714741206e+01
6.573709491525275439e+01
6.286804644063463599e+01
6.411046598231135363e+01
6.342062622316517917e+01
6.204321938643938950e+01
6.390665499419019113e+01
6.972746243025791557e+01
7.465286377699659681e+01
7.817083470040894611e+01
7.853193222359755055e+01
7.557587469108941036e+01
7.237245670508110607e+01
7.141394373735610657e+01
7.113510369000262301e+01
7.895094336617664510e+01
7.732199892168969768e+01
7.575353345267068050e+01
7.072445442406001348e+01
7.503418914483215474e+01
8.181269607703475799e+01
7.644881317743991644e+01
7.905828107430204454e+01
7.754590941233112744e+01
7.299765490837937421e+01
