8.676259131313639728e+01 7.629749069804356409e+00
8.731412592511316006e+01 7.562092235646504790e+00
8.694694604172173058e+01 7.510727433979064394e+00
8.600126980495480211e+01 7.356525048514593657e+00
8.674607163648482810e+01 7.353831968155699172e+00
8.756888308990622249e+01 7.406448308141973413e+00
8.704277033141069353e+01 7.360480781631802749e+00
8.648199520000409279e+01 7.165879251057139854e+00
8.709338809157691230e+01 7.188632794004604420e+00
8.758274350240071726e+01 7.205942730295348042e+00
8.688775216103391585e+01 7.176495671993377456e+00
8.672268936690153396e+01 7.143289017488791082e+00
8.725668912673035038e+01 6.962177475011700700e+00
8.651522983747460671e+01 6.827726879054836218e+00
8.733606764531859312e+01 6.704964585584153092e+00
8.707175198072067701e+01 6.309103911379993157e+00
8.623852291031528239e+01 6.284437213283491808e+00
8.605054150374313338e+01 6.279594141808177099e+00
8.515386089816027493e+01 6.309793048556556982e+00
8.482325038705528186e+01 6.263880678403923596e+00
8.333448738423687985e+01 6.414195199999999986e+00
8.284986605914821212e+01 6.276837651887642089e+00
8.262997725840295971e+01 6.414195199999999986e+00
8.245172682988980739e+01 6.260802563299321832e+00
8.219860795639587536e+01 6.364987740640924763e+00
8.177794314210818527e+01 6.333060421910045257e+00
8.117587205658449534e+01 6.289759465376948633e+00
8.075641359941245412e+01 6.251727508648312615e+00
8.006091955427899620e+01 6.320251608636191065e+00
7.959324959762611229e+01 6.414195199999999986e+00
7.923055872854199322e+01 6.288911465571774606e+00
7.908906543738321204e+01 6.414195199999999986e+00
7.901541117957638960e+01 6.257428929714264676e+00
7.856758147916964674e+01 6.388525142852764738e+00
7.820612534089744372e+01 6.355077224723504337e+00
7.826266254828112778e+01 6.275102948308041384e+00
7.806522893486720704e+01 6.269620941211455190e+00
7.766352050151832032e+01 6.276461403140578099e+00
7.703046887476511984e+01 6.374663433298401571e+00
7.653559655735844558e+01 6.414195199999999986e+00
7.603177300879529810e+01 6.352170062939844541e+00
7.567496005235199164e+01 6.414195199999999986e+00
7.558959553801336995e+01 6.411920611350088173e+00
7.529780357093783039e+01 6.414195199999999986e+00
7.522460269822673240e+01 6.343616468256846552e+00
7.522625962007067812e+01 6.414195199999999986e+00
7.507225770036677659e+01 6.414195199999999986e+00
7.490321787786542984e+01 6.414195199999999986e+00
7.473991751220307833e+01 6.414195199999999986e+00
7.453992087361753249e+01 6.414195199999999986e+00
7.454727386252632471e+01 6.414195199999999986e+00
7.427888825831330166e+01 6.414195199999999986e+00
7.410655555926912541e+01 6.414195199999999986e+00
7.383620360757080903e+01 6.279742713078853455e+00
7.355848677959440352e+01 6.414195199999999986e+00
7.326940925174974950e+01 6.340863754691248744e+00
7.298584369273056893e+01 6.414195199999999986e+00
7.269331838928098932e+01 6.414195199999999986e+00
7.265191073002678479e+01 6.297650453847410290e+00
7.241232043005317109e+01 6.255342153343179668e+00
7.221595648061325790e+01 6.414195199999999986e+00
7.220651398133789201e+01 6.414195199999999986e+00
7.201842400035459946e+01 6.300567926156720233e+00
7.191890943363442545e+01 6.414195199999999986e+00
7.183764868686667171e+01 6.284083540069685725e+00
7.160015713158972517e+01 6.396734324575545472e+00
7.143466517461034471e+01 6.377304352096898832e+00
7.121724428650246352e+01 6.364098663580684878e+00
7.106627535983594157e+01 6.414195199999999986e+00
7.120960179952422209e+01 6.414195199999999986e+00
7.102622907022811205e+01 6.361081276543851359e+00
7.081042709709406324e+01 6.322238973628179437e+00
7.047677268669589523e+01 6.347855686089959981e+00
7.023776847476453611e+01 6.414195199999999986e+00
6.981927892299798089e+01 6.414195199999999986e+00
6.959275435825897205e+01 6.414195199999999986e+00
6.928664035748941785e+01 6.414195199999999986e+00
6.920932185488008770e+01 6.414195199999999986e+00
6.901457532515036064e+01 6.341743259926899690e+00
6.879576207641363794e+01 6.414195199999999986e+00
6.861361466214835048e+01 6.414195199999999986e+00
6.846004739445615428e+01 6.414195199999999986e+00
6.846328142627370994e+01 6.414195199999999986e+00
6.843549601021952355e+01 6.372511503312770387e+00
6.822745617037934096e+01 6.331476765026835096e+00
6.803370271683307635e+01 6.414195199999999986e+00
6.799240354006676057e+01 6.303031811144913732e+00
6.779587797059203069e+01 6.386720053826017818e+00
6.780966380497785906e+01 6.289006013515565208e+00
6.769304042170742264e+01 6.414195199999999986e+00
6.742478843476071404e+01 6.414195199999999986e+00
6.742369451712710315e+01 6.407949123723600593e+00
6.727441899811746850e+01 6.387316814624570682e+00
6.706751692944301624e+01 6.328253693462150942e+00
6.704061381603433745e+01 6.414195199999999986e+00
6.667074098909722579e+01 6.414195199999999986e+00
6.631673146742390657e+01 6.414195199999999986e+00
6.604482453304170519e+01 6.414195199999999986e+00
6.582675917182714898e+01 6.414195199999999986e+00
6.573608119214416945e+01 6.414195199999999986e+00
6.563876454621865264e+01 6.414195199999999986e+00
6.547198977321799873e+01 6.414195199999999986e+00
6.531704430924600047e+01 6.414195199999999986e+00
6.520357174312768223e+01 6.414195199999999986e+00
6.508504146867916518e+01 6.414195199999999986e+00
6.504149043745245251e+01 6.289759383887219890e+00
6.489507741078379865e+01 6.414195199999999986e+00
6.480094573451764006e+01 6.414195199999999986e+00
6.467714879165455955e+01 6.414195199999999986e+00
6.457697933963706305e+01 6.384773599985893000e+00
6.458950638240078490e+01 6.269482031777499742e+00
6.445441851668412880e+01 6.383370955230809329e+00
6.443799080551387704e+01 6.414195199999999986e+00
6.427610077426589896e+01 6.414195199999999986e+00
6.420762475480273679e+01 6.359771819973866869e+00
6.427953140493769979e+01 6.414195199999999986e+00
6.423766573901350796e+01 6.414195199999999986e+00
6.415581558961338260e+01 6.414195199999999986e+00
6.409307131159074800e+01 6.414195199999999986e+00
6.401876169258359539e+01 6.297815718799095741e+00
6.399918369960600728e+01 6.364760578270958646e+00
6.387435339865817951e+01 6.414195199999999986e+00
6.380410962438413236e+01 6.414195199999999986e+00
6.375733535092289372e+01 6.414195199999999986e+00
6.356715856573836021e+01 6.414195199999999986e+00
6.337052515542927722e+01 6.414195199999999986e+00
6.299573972477369210e+01 6.414195199999999986e+00
6.280229488700341989e+01 6.414195199999999986e+00
6.263315919239703788e+01 6.414195199999999986e+00
6.254898672629960288e+01 6.414195199999999986e+00
6.243292991424539906e+01 6.414195199999999986e+00
6.236193355476470401e+01 6.414195199999999986e+00
6.224928857906781587e+01 6.414195199999999986e+00
6.214006371839608533e+01 6.414195199999999986e+00
6.208951784711906186e+01 6.414195199999999986e+00
6.207588746592055884e+01 6.414195199999999986e+00
6.200888443367222180e+01 6.414195199999999986e+00
6.188854180033254693e+01 6.414195199999999986e+00
6.174033376055196953e+01 6.414195199999999986e+00
6.167890241365814319e+01 6.414195199999999986e+00
6.160371758666281750e+01 6.414195199999999986e+00
6.148923544124570384e+01 6.414195199999999986e+00
6.140886670508337630e+01 6.318837335131139099e+00
6.138860233443645598e+01 6.284264589193989003e+00
6.129530178686775344e+01 6.414195199999999986e+00
6.140397122196583268e+01 6.263262122538381327e+00
6.130123563477821591e+01 6.414195199999999986e+00
6.131555643873053896e+01 6.414195199999999986e+00
6.145381728940786559e+01 6.254423988481252472e+00
6.139824886173410334e+01 6.414195199999999986e+00
6.128767556383102999e+01 6.414195199999999986e+00
6.125146455557945302e+01 6.253099775535573279e+00
6.120433168452248651e+01 6.414195199999999986e+00
6.119182011041905156e+01 6.256908412992979507e+00
6.102959882048022422e+01 6.356046093669868391e+00
6.091097010822524283e+01 6.414195199999999986e+00
6.090800799786661912e+01 6.414195199999999986e+00
6.089822352282918416e+01 6.414195199999999986e+00
6.089966909797543337e+01 6.414195199999999986e+00
6.086898893602347727e+01 6.300724276624312559e+00
6.081257360771199671e+01 6.414195199999999986e+00
6.067372378902991414e+01 6.414195199999999986e+00
6.033894720488249419e+01 6.414195199999999986e+00
6.006124193086313312e+01 6.414195199999999986e+00
5.987396546048084645e+01 6.414195199999999986e+00
5.965332472871027392e+01 6.313769257431783188e+00
5.936625253519882506e+01 6.414195199999999986e+00
5.927839186885653788e+01 6.366022011165896721e+00
5.913193623746639105e+01 6.414195199999999986e+00
5.903790437719330697e+01 6.364944894606500370e+00
5.901414121379830391e+01 6.414195199999999986e+00
5.895225973697403532e+01 6.414195199999999986e+00
5.882303874721748116e+01 6.278655157840844936e+00
5.883851244184258888e+01 6.414195199999999986e+00
5.886596410614615138e+01 6.414195199999999986e+00
5.881931928937384413e+01 6.414195199999999986e+00
5.866556376610093793e+01 6.309042971266282329e+00
5.866984171658850755e+01 6.414195199999999986e+00
5.865098347785263400e+01 6.414195199999999986e+00
5.852891031615455120e+01 6.414195199999999986e+00
5.842025261861254393e+01 6.414195199999999986e+00
5.838228905218570475e+01 6.414195199999999986e+00
5.831788241875058532e+01 6.414195199999999986e+00
5.837481031747435622e+01 6.343416431871991890e+00
5.820112925721735309e+01 6.365843423909963050e+00
5.823452771472312151e+01 6.414195199999999986e+00
5.819037818297523756e+01 6.360979057547175408e+00
5.809669971936421717e+01 6.414195199999999986e+00
5.810135587569368454e+01 6.414195199999999986e+00
5.821808044617360878e+01 6.250023430513501843e+00
5.821280426010304154e+01 6.414195199999999986e+00
5.815129289293432180e+01 6.414195199999999986e+00
5.811633197419052266e+01 6.414195199999999986e+00
5.814606322175358599e+01 6.414195199999999986e+00
5.804160179823214349e+01 6.414195199999999986e+00
5.791209527808566548e+01 6.414195199999999986e+00
5.789657969709126917e+01 6.414195199999999986e+00
5.792417684691991298e+01 6.414195199999999986e+00
5.775932804778783236e+01 6.414195199999999986e+00
5.775329814299279718e+01 6.414195199999999986e+00
5.776234401610341251e+01 6.414195199999999986e+00
5.771283862388312258e+01 6.414195199999999986e+00
5.779157164138686653e+01 6.414195199999999986e+00
5.777626505759180731e+01 6.414195199999999986e+00
5.775314627501617792e+01 6.414195199999999986e+00
5.766942401820296737e+01 6.414195199999999986e+00
5.769407989427497796e+01 6.414195199999999986e+00
5.769773284955831372e+01 6.414195199999999986e+00
5.770648056361235945e+01 6.414195199999999986e+00
5.763185738309498163e+01 6.414195199999999986e+00
5.756963176207248267e+01 6.414195199999999986e+00
5.758993504132462959e+01 6.414195199999999986e+00
5.756277751448453017e+01 6.414195199999999986e+00
5.756795643503939885e+01 6.414195199999999986e+00
5.748766758625311013e+01 6.414195199999999986e+00
5.742131325822689547e+01 6.414195199999999986e+00
5.736193018499931640e+01 6.414195199999999986e+00
5.731511704910654714e+01 6.414195199999999986e+00
5.732676500470733316e+01 6.414195199999999986e+00
5.734677382203030760e+01 6.414195199999999986e+00
5.733485561617371928e+01 6.414195199999999986e+00
5.729598506994219065e+01 6.414195199999999986e+00
5.709513863816469126e+01 6.414195199999999986e+00
5.703611577759395601e+01 6.414195199999999986e+00
5.685052300581301665e+01 6.262180950984618910e+00
5.684466777034820240e+01 6.369559625928736146e+00
5.672930355378476008e+01 6.414195199999999986e+00
5.648739395613645797e+01 6.272564948959876929e+00
5.650508183617411362e+01 6.360240319588765345e+00
5.611882438475586810e+01 6.318573254022335384e+00
5.605592458304711556e+01 6.392269741427514695e+00
5.600598465840672446e+01 6.414195199999999986e+00
5.570423004221667895e+01 6.258378019478731957e+00
5.567530721542288319e+01 6.313033005948644139e+00
5.564895812783667850e+01 6.321525969984516991e+00
5.561191219407192676e+01 6.379470292996395564e+00
5.545789101721265979e+01 6.374592813184137619e+00
5.546075146871461925e+01 6.414195199999999986e+00
5.540606524084226692e+01 6.414195199999999986e+00
5.523995990462472605e+01 6.288268151584341048e+00
5.526928979825598987e+01 6.414195199999999986e+00
5.520733144447761731e+01 6.414195199999999986e+00
5.515629896554364109e+01 6.414195199999999986e+00
5.514567568035639056e+01 6.414195199999999986e+00
5.513248424909478018e+01 6.414195199999999986e+00
5.502334162484892488e+01 6.288214016547421181e+00
5.499913489393108534e+01 6.414195199999999986e+00
5.498235012418238910e+01 6.414195199999999986e+00
5.499091092925306157e+01 6.414195199999999986e+00
5.492982389383286801e+01 6.414195199999999986e+00
5.494271010748840922e+01 6.414195199999999986e+00
5.490360626928347898e+01 6.414195199999999986e+00
5.488959371459525016e+01 6.414195199999999986e+00
5.493273272968516352e+01 6.414195199999999986e+00
5.485205553308749415e+01 6.414195199999999986e+00
5.477733625344869495e+01 6.414195199999999986e+00
5.481585508398935502e+01 6.403212024024938387e+00
5.476360784498928780e+01 6.414195199999999986e+00
5.471320707675577921e+01 6.414195199999999986e+00
5.470822436163985003e+01 6.414195199999999986e+00
5.475227603125466658e+01 6.414195199999999986e+00
5.478170135507459548e+01 6.414195199999999986e+00
5.475812554563979972e+01 6.414195199999999986e+00
5.468972460671610492e+01 6.414195199999999986e+00
5.470532934205097320e+01 6.414195199999999986e+00
5.473191376536932040e+01 6.414195199999999986e+00
5.472951595640267186e+01 6.414195199999999986e+00
5.473203076818494850e+01 6.414195199999999986e+00
5.466463335383559752e+01 6.414195199999999986e+00
5.469045171218717627e+01 6.414195199999999986e+00
5.460364747493674287e+01 6.414195199999999986e+00
5.459963339955113781e+01 6.414195199999999986e+00
5.459400805791560884e+01 6.414195199999999986e+00
5.460980439246120710e+01 6.414195199999999986e+00
5.459044839791602755e+01 6.335182109299108077e+00
5.456159949163367884e+01 6.414195199999999986e+00
5.453939159866222752e+01 6.414195199999999986e+00
5.453494882421044565e+01 6.414195199999999986e+00
5.443663261995649094e+01 6.414195199999999986e+00
5.461093349057536273e+01 6.414195199999999986e+00
5.456455872619589087e+01 6.414195199999999986e+00
5.451997018014120755e+01 6.414195199999999986e+00
5.439749411146974012e+01 6.414195199999999986e+00
5.441528122636099596e+01 6.414195199999999986e+00
5.428866527277454423e+01 6.414195199999999986e+00
5.432377298115873998e+01 6.414195199999999986e+00
5.441777716908007534e+01 6.414195199999999986e+00
5.441491296824227675e+01 6.414195199999999986e+00
5.442796067118248260e+01 6.414195199999999986e+00
5.439856500636614101e+01 6.414195199999999986e+00
5.428895190905635815e+01 6.414195199999999986e+00
5.429905582761604421e+01 6.414195199999999986e+00
5.428310775212118955e+01 6.414195199999999986e+00
5.427334155467997334e+01 6.414195199999999986e+00
5.429282506158730826e+01 6.414195199999999986e+00
5.407104839869558788e+01 6.414195199999999986e+00
5.400804129576744828e+01 6.414195199999999986e+00
5.408919009465448369e+01 6.414195199999999986e+00
5.407376488533628844e+01 6.414195199999999986e+00
5.400752775534918015e+01 6.409637122296056866e+00
5.402301757024685713e+01 6.275155066308328422e+00
5.405326219178709835e+01 6.414195199999999986e+00
5.399190912470983506e+01 6.414195199999999986e+00
5.404030828890407889e+01 6.392579526021552994e+00
5.405698206685416807e+01 6.414195199999999986e+00
5.398053372381963300e+01 6.414195199999999986e+00
5.401242255342317122e+01 6.414195199999999986e+00
5.386854527552208793e+01 6.414195199999999986e+00
5.391890675185332782e+01 6.414195199999999986e+00
5.382988391567106135e+01 6.390748966563289279e+00
5.372661041234746904e+01 6.414195199999999986e+00
5.368884709687304024e+01 6.414195199999999986e+00
5.354794690161051562e+01 6.414195199999999986e+00
5.351102449576479358e+01 6.414195199999999986e+00
5.321358497101309126e+01 6.369258822422757760e+00
5.310730657747382111e+01 6.414195199999999986e+00
5.297649216223476998e+01 6.414195199999999986e+00
5.281214802932424845e+01 6.414195199999999986e+00
5.263475017812712053e+01 6.308565730729163157e+00
5.257407643189495161e+01 6.414195199999999986e+00
5.242238601656202235e+01 6.389320710470230757e+00
5.238329338069678442e+01 6.414195199999999986e+00
5.223386821992831131e+01 6.311652473988313083e+00
5.221899508779640797e+01 6.403762647773077354e+00
5.219287347031750102e+01 6.414195199999999986e+00
5.207902642461055365e+01 6.328578408108072928e+00
5.209363454777994207e+01 6.372097231696211672e+00
5.188589956955306803e+01 6.352113257512613131e+00
5.185572229906097164e+01 6.349005285589953473e+00
5.185414084792485312e+01 6.376794923572637330e+00
5.185152423207665606e+01 6.402405374077173583e+00
5.172973364782755112e+01 6.414195199999999986e+00
5.176514260657149435e+01 6.414195199999999986e+00
5.171012406626623203e+01 6.414195199999999986e+00
5.165717984837010590e+01 6.414195199999999986e+00
5.152681932667506715e+01 6.414195199999999986e+00
5.159245026937470868e+01 6.414195199999999986e+00
5.154374736276295721e+01 6.414195199999999986e+00
5.152655686919498379e+01 6.414195199999999986e+00
5.155535633366579162e+01 6.414195199999999986e+00
5.143043095863899339e+01 6.253095038545594342e+00
5.144860370412848738e+01 6.414195199999999986e+00
5.136056197008984725e+01 6.414195199999999986e+00
5.128370918379123111e+01 6.414195199999999986e+00
5.134828573855444489e+01 6.414195199999999986e+00
5.140096690841075855e+01 6.317430284797656448e+00
5.134759330107613096e+01 6.414195199999999986e+00
5.127269841570051057e+01 6.414195199999999986e+00
5.125765859822929116e+01 6.414195199999999986e+00
5.121065726789716166e+01 6.414195199999999986e+00
5.118064019456600278e+01 6.414195199999999986e+00
5.124414164570360697e+01 6.414195199999999986e+00
5.128157659851486727e+01 6.414195199999999986e+00
5.120415344961228499e+01 6.414195199999999986e+00
5.109492282429125964e+01 6.380380652767367877e+00
5.106573518823911684e+01 6.325329673963318911e+00
5.103833818510204168e+01 6.414195199999999986e+00
5.091517168180040187e+01 6.414195199999999986e+00
5.090613106299159085e+01 6.414195199999999986e+00
5.100211866228003288e+01 6.414195199999999986e+00
5.104475846258977612e+01 6.414195199999999986e+00
5.107892973367462730e+01 6.414195199999999986e+00
5.093735662349190818e+01 6.414195199999999986e+00
5.100572154896404697e+01 6.363184556590098850e+00
5.099374890951362005e+01 6.414195199999999986e+00
5.098853633825387988e+01 6.264720801615184520e+00
5.113493505894308555e+01 6.414195199999999986e+00
5.112405934016476294e+01 6.414195199999999986e+00
5.106407915707365675e+01 6.414195199999999986e+00
5.093405325087020685e+01 6.414195199999999986e+00
5.095991749737658694e+01 6.414195199999999986e+00
5.088570382906961953e+01 6.414195199999999986e+00
5.089345978598802844e+01 6.414195199999999986e+00
5.092525722026012858e+01 6.414195199999999986e+00
5.100885670738336586e+01 6.348403677343569029e+00
5.096481121576010054e+01 6.414195199999999986e+00
5.093716087318723140e+01 6.414195199999999986e+00
5.082842633566419011e+01 6.414195199999999986e+00
5.081751982099687126e+01 6.414195199999999986e+00
5.081544104692400765e+01 6.414195199999999986e+00
5.095023435197994388e+01 6.414195199999999986e+00
5.102112624432233901e+01 6.402294324321319507e+00
5.101111051658538997e+01 6.304259712317797693e+00
5.096403106186385656e+01 6.414195199999999986e+00
5.092406393832985145e+01 6.414195199999999986e+00
5.098908990361847771e+01 6.414195199999999986e+00
5.089914278172908269e+01 6.414195199999999986e+00
5.089265155278393848e+01 6.414195199999999986e+00
5.094281292651050563e+01 6.414195199999999986e+00
5.089972553916873466e+01 6.414195199999999986e+00
5.089083840991197150e+01 6.414195199999999986e+00
5.087466096675443339e+01 6.414195199999999986e+00
5.088745518188765971e+01 6.414195199999999986e+00
5.086772472342094886e+01 6.382140004577563808e+00
5.087495683760587895e+01 6.362338346767112185e+00
5.085255498039473565e+01 6.300623836224972685e+00
5.080497430357741706e+01 6.414195199999999986e+00
5.076505703272239600e+01 6.414195199999999986e+00
5.084003305719735266e+01 6.398195823234557267e+00
5.079489084090667461e+01 6.414195199999999986e+00
5.079504546897278772e+01 6.414195199999999986e+00
5.082680153338855433e+01 6.414195199999999986e+00
5.085570669698099522e+01 6.414195199999999986e+00
5.078474524593178785e+01 6.414195199999999986e+00
5.078522527351262994e+01 6.414195199999999986e+00
5.056365540055950447e+01 6.414195199999999986e+00
5.052255259033205448e+01 6.414195199999999986e+00
5.050922378050778860e+01 6.414195199999999986e+00
5.050738576730086038e+01 6.414195199999999986e+00
5.040183248479564782e+01 6.384614103175459299e+00
5.032854918121161347e+01 6.414195199999999986e+00
5.035291828093775734e+01 6.414195199999999986e+00
5.036098656706482757e+01 6.414195199999999986e+00
5.019478029553407339e+01 6.414195199999999986e+00
5.008769447310787370e+01 6.271244435194623712e+00
5.006295846484506740e+01 6.393889070398921071e+00
5.005102322209181409e+01 6.358580675638294544e+00
4.994651300093048008e+01 6.414195199999999986e+00
4.983235812807164677e+01 6.305049452319331671e+00
4.985825591185819405e+01 6.355917909689754453e+00
4.968388964590582901e+01 6.250945627681518069e+00
4.969032669348731446e+01 6.344247892414023759e+00
4.964341763636323890e+01 6.414195199999999986e+00
4.945996012146611776e+01 6.333612753429140874e+00
4.933941090759141446e+01 6.414195199999999986e+00
4.923446370410439954e+01 6.414195199999999986e+00
4.904690576357158704e+01 6.277961391976018213e+00
4.904077286173172467e+01 6.324262604475860527e+00
4.899301183615379784e+01 6.377337534725120882e+00
4.881529028572214912e+01 6.354088047385262783e+00
4.880291328664037565e+01 6.386312245907252105e+00
4.858178469845653780e+01 6.260482739001939301e+00
4.860110533502528085e+01 6.318068818449135371e+00
4.857760388779936989e+01 6.351652689956763354e+00
4.852788875442573158e+01 6.414195199999999986e+00
4.844970116250607362e+01 6.279619803023837932e+00
4.855970337675161375e+01 6.414195199999999986e+00
4.847347565566303018e+01 6.293753429241771613e+00
4.846555771451634342e+01 6.354828635752494570e+00
4.846278507183951945e+01 6.412418080162535006e+00
4.836017852141387152e+01 6.414195199999999986e+00
4.832578091002220333e+01 6.414195199999999986e+00
4.835353344996852343e+01 6.414195199999999986e+00
4.821480295106665181e+01 6.343280120129613842e+00
4.823300855837202761e+01 6.305293806717324756e+00
4.822100734885419371e+01 6.320808304415538537e+00
4.826493973072901866e+01 6.414195199999999986e+00
4.834017012310360428e+01 6.414195199999999986e+00
4.820071567715435634e+01 6.356112119972823216e+00
4.812524961358336384e+01 6.414195199999999986e+00
4.809314629884458725e+01 6.414195199999999986e+00
4.820126936076744073e+01 6.414195199999999986e+00
4.824424636945346379e+01 6.391350104114774666e+00
4.818931306365113443e+01 6.414195199999999986e+00
4.816326377676343640e+01 6.414195199999999986e+00
4.813562783555496338e+01 6.414195199999999986e+00
4.805263885111611444e+01 6.331627156842882798e+00
4.806316144786262612e+01 6.414195199999999986e+00
4.807020925668636835e+01 6.391391664248706306e+00
4.804110765494986879e+01 6.307956270112775599e+00
4.803331027702663647e+01 6.259367247399189260e+00
4.814634575857922272e+01 6.414195199999999986e+00
4.808502639565270442e+01 6.299485873020415738e+00
4.804588176524718790e+01 6.267697662417679005e+00
4.804450362614891645e+01 6.348515637128562261e+00
4.801805544362481726e+01 6.414195199999999986e+00
4.801673024205479834e+01 6.389899374384111930e+00
4.798835096153163704e+01 6.414195199999999986e+00
4.802755798104904272e+01 6.414195199999999986e+00
4.794160608377382005e+01 6.414195199999999986e+00
4.781554651105688691e+01 6.414195199999999986e+00
4.771659267663108039e+01 6.414195199999999986e+00
4.778020689035277968e+01 6.376661507810472251e+00
4.786377422861031050e+01 6.414195199999999986e+00
4.790753029764151449e+01 6.414195199999999986e+00
4.787223283164452425e+01 6.414195199999999986e+00
4.778974592397128163e+01 6.358353765364046950e+00
4.782642739608353111e+01 6.414195199999999986e+00
4.776201104729843649e+01 6.414195199999999986e+00
4.775166671862604062e+01 6.414195199999999986e+00
4.777827673499140815e+01 6.414195199999999986e+00
4.776438491580583445e+01 6.414195199999999986e+00
4.769128160487625223e+01 6.414195199999999986e+00
4.773802391316888105e+01 6.414195199999999986e+00
4.777170584777436346e+01 6.414195199999999986e+00
4.772957087951337485e+01 6.414195199999999986e+00
4.775077730782125940e+01 6.414195199999999986e+00
4.786601804234989999e+01 6.414195199999999986e+00
4.779864482444300222e+01 6.414195199999999986e+00
4.779995888036001617e+01 6.414195199999999986e+00
4.781674797892681283e+01 6.414195199999999986e+00
4.778262331494163817e+01 6.414195199999999986e+00
4.780405365785747307e+01 6.414195199999999986e+00
4.775221913870504409e+01 6.414195199999999986e+00
4.779400273264984378e+01 6.414195199999999986e+00
4.783040872445665315e+01 6.414195199999999986e+00
4.776864376518830824e+01 6.414195199999999986e+00
4.781441351911856685e+01 6.414195199999999986e+00
4.775287046940447055e+01 6.414195199999999986e+00
4.775755680285463711e+01 6.414195199999999986e+00
4.779614131601204008e+01 6.414195199999999986e+00
4.773165287908861387e+01 6.414195199999999986e+00
4.787139956258573648e+01 6.324932630799329658e+00
4.786404085970990252e+01 6.414195199999999986e+00
4.790555737189421848e+01 6.414195199999999986e+00
4.792879908536799860e+01 6.414195199999999986e+00
4.793702031071369873e+01 6.414195199999999986e+00
4.792864452929435259e+01 6.414195199999999986e+00
4.795074680880048135e+01 6.414195199999999986e+00
4.783169427366525639e+01 6.315128974264065498e+00
4.772996948285173602e+01 6.414195199999999986e+00
4.776139312488050592e+01 6.414195199999999986e+00
4.771869041382556276e+01 6.414195199999999986e+00
4.785813592130639904e+01 6.414195199999999986e+00
4.778712171605133818e+01 6.414195199999999986e+00
4.778938278952298191e+01 6.368422338736981381e+00
4.770866021121602074e+01 6.414195199999999986e+00
4.768416800323409177e+01 6.414195199999999986e+00
4.773002002363397622e+01 6.414195199999999986e+00
4.773941815009518308e+01 6.414195199999999986e+00
4.768912043248319321e+01 6.414195199999999986e+00
4.760623804011942184e+01 6.284941690160652072e+00
4.757424003055893991e+01 6.414195199999999986e+00
4.757386872460429572e+01 6.414195199999999986e+00
4.754118730648259827e+01 6.414195199999999986e+00
4.758557296311373364e+01 6.414195199999999986e+00
4.757212137964720000e+01 6.414195199999999986e+00
4.772844590147229127e+01 6.414195199999999986e+00
4.770976640742202335e+01 6.414195199999999986e+00
4.773416768541849109e+01 6.414195199999999986e+00
4.766265920958905866e+01 6.414195199999999986e+00
4.772661030220005074e+01 6.414195199999999986e+00
4.776772823636015630e+01 6.414195199999999986e+00
4.782847524246854221e+01 6.414195199999999986e+00
4.780607259527551633e+01 6.364488797767678285e+00
4.771070305591224781e+01 6.414195199999999986e+00
4.775208171201733620e+01 6.414195199999999986e+00
4.782453037150357744e+01 6.414195199999999986e+00
4.775086234254591488e+01 6.414195199999999986e+00
4.768270575833311398e+01 6.414195199999999986e+00
4.772262338558653028e+01 6.414195199999999986e+00
4.777709997451314194e+01 6.414195199999999986e+00
4.773149755156308061e+01 6.414195199999999986e+00
4.768015280537974832e+01 6.414195199999999986e+00
4.769255070078257575e+01 6.414195199999999986e+00
4.785014642236919258e+01 6.414195199999999986e+00
4.783291802992201269e+01 6.308971243745672197e+00
4.786836039615327110e+01 6.414195199999999986e+00
4.790349472941214515e+01 6.414195199999999986e+00
4.796336982877094357e+01 6.414195199999999986e+00
4.785621725873208732e+01 6.414195199999999986e+00
4.783995663655143460e+01 6.414195199999999986e+00
4.789175216430920301e+01 6.414195199999999986e+00
4.792698722973312186e+01 6.414195199999999986e+00
4.785275184090627221e+01 6.414195199999999986e+00
4.777370000683982454e+01 6.367164877325254935e+00
4.787574931381569598e+01 6.414195199999999986e+00
4.784048236330350079e+01 6.414195199999999986e+00
4.778322370013062681e+01 6.333724397868234490e+00
4.777776479202342585e+01 6.414195199999999986e+00
4.776802399765454510e+01 6.414195199999999986e+00
4.780254288531866536e+01 6.339995677768687443e+00
4.781580264511394063e+01 6.414195199999999986e+00
4.777606771526846785e+01 6.414195199999999986e+00
4.765007261318883991e+01 6.414195199999999986e+00
4.761392001077655323e+01 6.335133496835883449e+00
4.758318456243079453e+01 6.393946137173320388e+00
4.759835887690146450e+01 6.414195199999999986e+00
4.772508475885349810e+01 6.414195199999999986e+00
4.763939777662159258e+01 6.298443044779575395e+00
4.762726361039369039e+01 6.291737785407270245e+00
4.760179740370816859e+01 6.414195199999999986e+00
4.751173841741634618e+01 6.414195199999999986e+00
4.742752477071063311e+01 6.390942069139985193e+00
4.740929642790180765e+01 6.400071224915615531e+00
4.742608878410078432e+01 6.293820354539199080e+00
4.743340733319097069e+01 6.322078045252760958e+00
4.754076016517809222e+01 6.414195199999999986e+00
4.752544306847216404e+01 6.414195199999999986e+00
4.756703920849952993e+01 6.414195199999999986e+00
4.747012746395022020e+01 6.414195199999999986e+00
4.744622794826654655e+01 6.414195199999999986e+00
4.743226247637493742e+01 6.295573067834204117e+00
4.739414840888097302e+01 6.250910288354901034e+00
4.744151070268512171e+01 6.300454293868506639e+00
4.733843032051879618e+01 6.414195199999999986e+00
4.724153202305171106e+01 6.266409813196823997e+00
4.738190740941821844e+01 6.414195199999999986e+00
4.735400871498219288e+01 6.414195199999999986e+00
4.740223692951806100e+01 6.414195199999999986e+00
4.737810752048552843e+01 6.414195199999999986e+00
4.739978583499423337e+01 6.414195199999999986e+00
4.726041037344369045e+01 6.349802753593628779e+00
4.718145903303192767e+01 6.414195199999999986e+00
4.708076606320464919e+01 6.414195199999999986e+00
4.697653232780798049e+01 6.283876548727863387e+00
4.697850204761363813e+01 6.292938435796254559e+00
4.700017073709708626e+01 6.307998478609202486e+00
4.684225284939844158e+01 6.257866274156020481e+00
4.686878866563220214e+01 6.308570656676439015e+00
4.701520286877036625e+01 6.414195199999999986e+00
4.685527961524099538e+01 6.314299945052012752e+00
4.667038576138737938e+01 6.311577495910996483e+00
4.662732435052999591e+01 6.318854945019924507e+00
4.662096957327791813e+01 6.296842744992501295e+00
4.659974872478325381e+01 6.307558600491431022e+00
4.637703502993491611e+01 6.300243255517256280e+00
4.640087038163134991e+01 6.296722193042699978e+00
4.640706740555896204e+01 6.310918778365160797e+00
4.624595159628531604e+01 6.275240116546039637e+00
4.630635635927031757e+01 6.302513691186526046e+00
4.632797202445660645e+01 6.275629024712655379e+00
4.614221878394744181e+01 6.288894270429816302e+00
4.599501664557867286e+01 6.261056653798822147e+00
4.613043879410807335e+01 6.261405404891434046e+00
4.597125557258966211e+01 6.293822639524512041e+00
4.593788797270023849e+01 6.261259542459726823e+00
4.588175928331182263e+01 6.274277493171175557e+00
4.570707927630851231e+01 6.275189878555576861e+00
4.562887456954067744e+01 6.321155605625085272e+00
4.545878433276082120e+01 6.335998928465850000e+00
4.523882732359318481e+01 6.328324188960091412e+00
4.522101660751575736e+01 6.344231934005863494e+00
4.522683493203802385e+01 6.338103392408991787e+00
4.511918974607121413e+01 6.263913551888371067e+00
4.527263972867476838e+01 6.340399612383127881e+00
4.523759956155733875e+01 6.311768765539131465e+00
4.526049053936310429e+01 6.339044315704266630e+00
4.525403965056774780e+01 6.352810572391686783e+00
4.528431199373588356e+01 6.393638417251966466e+00
4.507570185847642108e+01 6.268538381539174864e+00
4.497582301493752510e+01 6.334303376757842052e+00
4.500188371876167537e+01 6.356015344498901598e+00
4.499023275414794654e+01 6.296281269688015492e+00
4.486479584813900345e+01 6.270137301457415546e+00
4.486460412624990823e+01 6.264039276689862490e+00
4.485217950350860860e+01 6.324240381130890931e+00
4.482952742963746573e+01 6.414195199999999986e+00
4.481925107443033340e+01 6.374810574931172980e+00
4.479521029304586932e+01 6.414195199999999986e+00
4.471549478871958172e+01 6.414195199999999986e+00
4.478166031259464575e+01 6.414195199999999986e+00
4.470395495505028549e+01 6.414195199999999986e+00
4.471787777000168518e+01 6.414195199999999986e+00
4.472035757075909146e+01 6.414195199999999986e+00
4.464387726673577106e+01 6.414195199999999986e+00
4.464639797964856172e+01 6.414195199999999986e+00
4.457452108159970550e+01 6.363143324950604196e+00
4.457783133679811272e+01 6.311563924621460764e+00
4.457092029458645044e+01 6.392278841592478500e+00
4.457956940488703879e+01 6.414195199999999986e+00
4.460049358762740468e+01 6.303230576077756275e+00
4.452724807500019466e+01 6.414195199999999986e+00
4.453566449965472884e+01 6.414195199999999986e+00
4.460565624260807027e+01 6.283341211907758961e+00
4.456643385646098210e+01 6.414195199999999986e+00
4.459452493947380702e+01 6.414195199999999986e+00
4.461133085879644966e+01 6.414195199999999986e+00
4.460789258354855491e+01 6.290502477563088668e+00
4.470476984470678161e+01 6.414195199999999986e+00
4.463730658875538637e+01 6.334657835125812042e+00
4.461767161497802192e+01 6.414195199999999986e+00
4.460741304295519427e+01 6.414195199999999986e+00
4.465338496673631852e+01 6.414195199999999986e+00
4.459410073119315143e+01 6.277897496266128918e+00
4.458953470640738459e+01 6.401200497338334294e+00
4.456894008879699953e+01 6.414195199999999986e+00
4.457206792938924167e+01 6.414195199999999986e+00
4.458587318430705437e+01 6.286827372316651896e+00
4.457072994077265093e+01 6.303333471216194361e+00
4.465138267442590347e+01 6.414195199999999986e+00
4.457110326594543892e+01 6.414195199999999986e+00
4.454096688544169069e+01 6.414195199999999986e+00
4.458739712647067677e+01 6.414195199999999986e+00
4.459346975855204676e+01 6.272725173342013072e+00
4.459198059895740585e+01 6.267498060911692370e+00
4.456968648794207866e+01 6.414195199999999986e+00
4.448192020103319777e+01 6.414195199999999986e+00
4.461143679060914735e+01 6.414195199999999986e+00
4.462892850388034560e+01 6.414195199999999986e+00
4.451879865241093626e+01 6.414195199999999986e+00
4.447219681478089370e+01 6.414195199999999986e+00
4.446465269325329217e+01 6.414195199999999986e+00
4.447212473160359281e+01 6.414195199999999986e+00
4.448414057707684321e+01 6.414195199999999986e+00
4.453842347366784793e+01 6.414195199999999986e+00
4.463843722667740366e+01 6.403246598215107888e+00
4.461817921464467673e+01 6.333304298470028293e+00
4.462189161834711371e+01 6.307951213233858212e+00
4.464100522440877938e+01 6.311451538317107257e+00
4.462262722261639425e+01 6.331261372167418244e+00
4.458712820906857388e+01 6.414195199999999986e+00
4.458515930334555577e+01 6.414195199999999986e+00
4.463711989685025117e+01 6.357448686484852729e+00
4.461831306616444692e+01 6.352711231681842818e+00
4.460505138206244879e+01 6.401831919540501126e+00
4.452452082518508547e+01 6.414195199999999986e+00
4.451745334638778218e+01 6.414195199999999986e+00
4.466753990421916143e+01 6.384179152064879403e+00
4.464440268003129830e+01 6.342919056574220171e+00
4.465535770257973525e+01 6.380865505162266693e+00
4.463981782180280788e+01 6.372907858591802643e+00
4.460873319959917183e+01 6.414195199999999986e+00
