8.931845003513126358e+01 7.588769727633325246e+00
8.951449656816100742e+01 7.482476375600440655e+00
8.890039709426045533e+01 7.375567668087290585e+00
8.780055578700375918e+01 7.347848309430472291e+00
8.793234864962630581e+01 7.312521284455868908e+00
8.863483664974407361e+01 7.322828965979046423e+00
8.815187470971375205e+01 7.307287237010351433e+00
8.817596275498935654e+01 7.177932729747090512e+00
8.851547769638735019e+01 7.145699543012227650e+00
8.829782800789240582e+01 7.123065994858739813e+00
8.823531189671030006e+01 7.143183844738621779e+00
8.809336475667609534e+01 7.083831499248494090e+00
8.804928114132405881e+01 6.873398396644105013e+00
8.784326069159590133e+01 6.735134558310950759e+00
8.802581505488691960e+01 6.684393095321938816e+00
8.761251134134739971e+01 6.400007686137085372e+00
8.779361064659860858e+01 6.257907800851349123e+00
8.846538261400769443e+01 6.267397104944590680e+00
8.918880297674893143e+01 6.310423716578653419e+00
8.998298625027496200e+01 6.327161235100959402e+00
9.181318087330743083e+01 6.310382059071478977e+00
9.276984147503443978e+01 6.340819702814661341e+00
9.415541542184367074e+01 6.414195199999999986e+00
9.460657147854665538e+01 6.265850682218422563e+00
9.528690969988892334e+01 6.254780198601883612e+00
9.604469782243515397e+01 6.342675987378407321e+00
9.643363825279936918e+01 6.302109285134210204e+00
9.685097783563989537e+01 6.312864271573003450e+00
9.782398744972590521e+01 6.377188851431538019e+00
9.822385054138175065e+01 6.409839742324384915e+00
9.840978779488277439e+01 6.411773118848865138e+00
9.875968058760014401e+01 6.414195199999999986e+00
9.880601766037634093e+01 6.313436002188653084e+00
9.901868489350727032e+01 6.298609585594241445e+00
9.927527158640704386e+01 6.259931412394127648e+00
9.941334492120121524e+01 6.316972594945998942e+00
9.955994181453421277e+01 6.414195199999999986e+00
9.987260072488669493e+01 6.317214674069933977e+00
1.004917529221817460e+02 6.412709222719024105e+00
1.011367771023515587e+02 6.414195199999999986e+00
1.015891528393770500e+02 6.368343551027247251e+00
1.018465912958663608e+02 6.387709192799346347e+00
1.020013369941088115e+02 6.290596689340618219e+00
1.021817780704798508e+02 6.390989690648403609e+00
1.023003153459159904e+02 6.414195199999999986e+00
1.023996636777351767e+02 6.278066281332338683e+00
1.027756642556540640e+02 6.414195199999999986e+00
1.028641450493005038e+02 6.378371256432231462e+00
1.030128051268907967e+02 6.304744685919735581e+00
1.031275160102046442e+02 6.414195199999999986e+00
1.032209240803814509e+02 6.414195199999999986e+00
1.032927118906966371e+02 6.359396365348134239e+00
1.033616582077964523e+02 6.414195199999999986e+00
1.036544630309693105e+02 6.315520046090631112e+00
1.040276696814000843e+02 6.263484033288425401e+00
1.045587750891478152e+02 6.414195199999999986e+00
1.048701396416642240e+02 6.414195199999999986e+00
1.050816318911898719e+02 6.365544981505603772e+00
1.052277666817332857e+02 6.414195199999999986e+00
1.051950476952953295e+02 6.335020410827577386e+00
1.054123617232793606e+02 6.409714871962107985e+00
1.056144061919124368e+02 6.383947580390789689e+00
1.056362259250199145e+02 6.296034866942088470e+00
1.058126724985551164e+02 6.414195199999999986e+00
1.059706963367082864e+02 6.414195199999999986e+00
1.060508025982973805e+02 6.364113565525002514e+00
1.062170698724068814e+02 6.414195199999999986e+00
1.063011616982709739e+02 6.414195199999999986e+00
1.061760188114409544e+02 6.304618348449979592e+00
1.063684233922487863e+02 6.304954389694533923e+00
1.065907650129981619e+02 6.321841336420055413e+00
1.069334027776011169e+02 6.414195199999999986e+00
1.070463781499873903e+02 6.327529464476772780e+00
1.072169395836312020e+02 6.414195199999999986e+00
1.072509327921285660e+02 6.318410857015555493e+00
1.077499203895037994e+02 6.414195199999999986e+00
1.081043569001410702e+02 6.414195199999999986e+00
1.083023702584696224e+02 6.414195199999999986e+00
1.084635445203407897e+02 6.414195199999999986e+00
1.087040960555357714e+02 6.414195199999999986e+00
1.088198358256766909e+02 6.270181452939952216e+00
1.090234088920399529e+02 6.357761198044899587e+00
1.092281095826054980e+02 6.388036311473916484e+00
1.092211443005733571e+02 6.323598257659412525e+00
1.092018410910534811e+02 6.414195199999999986e+00
1.093394099124360110e+02 6.414195199999999986e+00
1.094417237604599080e+02 6.297339382816323550e+00
1.096208447291859613e+02 6.376521320811454174e+00
1.094333831818464944e+02 6.319672839367385997e+00
1.095462383752242346e+02 6.414195199999999986e+00
1.095555772130374947e+02 6.414195199999999986e+00
1.095553096417282006e+02 6.414195199999999986e+00
1.096475532074784951e+02 6.414195199999999986e+00
1.096749737667069695e+02 6.414195199999999986e+00
1.098670511024465242e+02 6.414195199999999986e+00
1.099735884500534553e+02 6.414195199999999986e+00
1.099276523324062964e+02 6.414195199999999986e+00
1.099551866272919654e+02 6.309443448373950325e+00
1.101265376493182373e+02 6.414195199999999986e+00
1.101485908245369956e+02 6.414195199999999986e+00
1.102428729175851885e+02 6.308690752208859109e+00
1.103855430475363733e+02 6.414195199999999986e+00
1.106226488328218096e+02 6.414195199999999986e+00
1.108295830272246150e+02 6.311597058587326003e+00
1.111159234948283085e+02 6.414195199999999986e+00
1.113619218566867204e+02 6.414195199999999986e+00
1.115393475128303180e+02 6.414195199999999986e+00
1.117411661168292767e+02 6.414195199999999986e+00
1.119117100561444573e+02 6.414195199999999986e+00
1.120106492010781380e+02 6.414195199999999986e+00
1.120145410707137756e+02 6.276602182377291506e+00
1.122449740016586901e+02 6.303554765952227967e+00
1.125350644077930724e+02 6.414195199999999986e+00
1.125672891654104006e+02 6.414195199999999986e+00
1.125568910822840394e+02 6.414195199999999986e+00
1.125317314085987874e+02 6.414195199999999986e+00
1.126274313816086590e+02 6.407181304181642112e+00
1.127593876192564863e+02 6.414195199999999986e+00
1.127066831403042073e+02 6.414195199999999986e+00
1.127594341834844300e+02 6.414195199999999986e+00
1.128033924015978471e+02 6.406063702929465364e+00
1.129004298336428178e+02 6.414195199999999986e+00
1.130120754423738703e+02 6.355538308179550455e+00
1.130675593309230180e+02 6.414195199999999986e+00
1.131896004225761203e+02 6.414195199999999986e+00
1.132539627189315752e+02 6.408127908610105727e+00
1.133393149944760836e+02 6.414195199999999986e+00
1.133871514026583327e+02 6.414195199999999986e+00
1.134196681350444322e+02 6.414195199999999986e+00
1.134114172747429024e+02 6.414195199999999986e+00
1.134209169069916214e+02 6.287932707545538236e+00
1.134867618169071619e+02 6.414195199999999986e+00
1.137382563050002489e+02 6.414195199999999986e+00
1.138940650269485957e+02 6.414195199999999986e+00
1.140916458785558376e+02 6.414195199999999986e+00
1.142456620715220339e+02 6.414195199999999986e+00
1.144219506243915561e+02 6.414195199999999986e+00
1.145887664474798981e+02 6.302469219998633854e+00
1.148796595730383387e+02 6.414195199999999986e+00
1.150708411340862369e+02 6.414195199999999986e+00
1.152114046250021744e+02 6.414195199999999986e+00
1.152753074496397261e+02 6.414195199999999986e+00
1.153665513673523151e+02 6.414195199999999986e+00
1.153529832190688325e+02 6.414195199999999986e+00
1.154669961636775781e+02 6.414195199999999986e+00
1.155195176277282485e+02 6.414195199999999986e+00
1.155943147283474275e+02 6.414195199999999986e+00
1.157442612096640318e+02 6.414195199999999986e+00
1.158428047837952022e+02 6.304385860900453054e+00
1.157733691720686977e+02 6.414195199999999986e+00
1.158191204855538672e+02 6.414195199999999986e+00
1.158161862338873789e+02 6.317174568732832896e+00
1.159873005152662984e+02 6.414195199999999986e+00
1.159914559055503958e+02 6.414195199999999986e+00
1.161251307121919325e+02 6.414195199999999986e+00
1.162365274170158500e+02 6.332653897265982046e+00
1.161577211179519793e+02 6.414195199999999986e+00
1.161375957460609811e+02 6.414195199999999986e+00
1.163938809296447801e+02 6.414195199999999986e+00
1.164202163065698130e+02 6.414195199999999986e+00
1.164237919020643659e+02 6.414195199999999986e+00
1.163573292472082557e+02 6.414195199999999986e+00
1.164347987207820125e+02 6.414195199999999986e+00
1.164367510621585353e+02 6.414195199999999986e+00
1.164237963400770894e+02 6.414195199999999986e+00
1.165651284678465061e+02 6.414195199999999986e+00
1.166546956443056615e+02 6.414195199999999986e+00
1.166524172511705899e+02 6.414195199999999986e+00
1.166148452826910926e+02 6.392897841639280543e+00
1.164702098283825507e+02 6.414195199999999986e+00
1.165480662264367737e+02 6.414195199999999986e+00
1.165660252140342692e+02 6.414195199999999986e+00
1.167308094193466559e+02 6.414195199999999986e+00
1.167469221941601063e+02 6.414195199999999986e+00
1.167416546361682208e+02 6.414195199999999986e+00
1.167962216646101439e+02 6.404241267879765331e+00
1.168016156100119218e+02 6.414195199999999986e+00
1.168929574595494643e+02 6.414195199999999986e+00
1.168585803426106082e+02 6.414195199999999986e+00
1.169720955724924067e+02 6.414195199999999986e+00
1.170040208495704093e+02 6.414195199999999986e+00
1.170678879440183238e+02 6.277271773723888337e+00
1.173126226499920506e+02 6.414195199999999986e+00
1.174667102994142738e+02 6.414195199999999986e+00
1.176337712542037366e+02 6.264525618189713541e+00
1.177167246266567275e+02 6.414195199999999986e+00
1.177700092139227337e+02 6.414195199999999986e+00
1.179019989415266707e+02 6.414195199999999986e+00
1.180273230839588336e+02 6.288945960283061964e+00
1.182749173586040001e+02 6.414195199999999986e+00
1.184219326714013505e+02 6.321172934425497658e+00
1.185754269478032370e+02 6.284362912081505215e+00
1.186980621793783683e+02 6.414195199999999986e+00
1.187926886526969952e+02 6.400184588718988543e+00
1.188304170981523100e+02 6.414195199999999986e+00
1.188198005790192155e+02 6.414195199999999986e+00
1.189933799706430904e+02 6.318921768758983148e+00
1.190467574583447714e+02 6.414195199999999986e+00
1.191084836753719429e+02 6.414195199999999986e+00
1.192654886200054420e+02 6.414195199999999986e+00
1.192525734516867431e+02 6.414195199999999986e+00
1.194153667217366745e+02 6.414195199999999986e+00
1.194017184215558984e+02 6.414195199999999986e+00
1.194408594467460887e+02 6.268786093866215658e+00
1.194082349958377449e+02 6.414195199999999986e+00
1.194596545629026991e+02 6.281559263750125410e+00
1.194670296183874711e+02 6.414195199999999986e+00
1.195619527313471622e+02 6.414195199999999986e+00
1.195722067488202640e+02 6.414195199999999986e+00
1.195301526382410913e+02 6.414195199999999986e+00
1.195224409227003974e+02 6.414195199999999986e+00
1.194989827208132738e+02 6.414195199999999986e+00
1.195017254740080261e+02 6.414195199999999986e+00
1.195297682492539053e+02 6.414195199999999986e+00
1.195713897242110022e+02 6.414195199999999986e+00
1.196817297179705832e+02 6.353453167202393281e+00
1.197479127888339860e+02 6.414195199999999986e+00
1.197579990645083114e+02 6.414195199999999986e+00
1.197564840479109733e+02 6.414195199999999986e+00
1.197680531600289271e+02 6.414195199999999986e+00
1.196734755430436081e+02 6.414195199999999986e+00
1.197537518477752769e+02 6.414195199999999986e+00
1.198093200250605292e+02 6.274023625792758629e+00
1.198300976344985855e+02 6.349559520341620633e+00
1.199231283485669621e+02 6.414195199999999986e+00
1.199758298976607733e+02 6.414195199999999986e+00
1.200414197788248600e+02 6.278238198039557183e+00
1.199930366915425992e+02 6.414195199999999986e+00
1.199866396781932281e+02 6.414195199999999986e+00
1.200677837847576512e+02 6.367470371258226791e+00
1.200287589442056060e+02 6.414195199999999986e+00
1.200319600330471275e+02 6.414195199999999986e+00
1.201234591407904162e+02 6.414195199999999986e+00
1.202307661173172733e+02 6.317192779539957392e+00
1.202414661517951089e+02 6.293457128618126006e+00
1.201802856953763268e+02 6.414195199999999986e+00
1.201813144796734463e+02 6.414195199999999986e+00
1.202538742903146840e+02 6.414195199999999986e+00
1.201792000535121048e+02 6.414195199999999986e+00
1.201201519631724324e+02 6.414195199999999986e+00
1.201241039343569810e+02 6.414195199999999986e+00
1.202196041431078868e+02 6.281062645844526671e+00
1.202539880839753295e+02 6.362114995667945472e+00
1.203210181195603070e+02 6.414195199999999986e+00
1.203153595609031470e+02 6.414195199999999986e+00
1.203685086694621873e+02 6.414195199999999986e+00
1.205027805440467716e+02 6.414195199999999986e+00
1.205980390331228165e+02 6.414195199999999986e+00
1.206110679404054764e+02 6.414195199999999986e+00
1.208678664920104637e+02 6.414195199999999986e+00
1.209143594714918635e+02 6.341115523969040879e+00
1.210153181544044259e+02 6.414195199999999986e+00
1.211153673842566150e+02 6.341606250793753397e+00
1.213368095305475123e+02 6.302321699509263020e+00
1.213391059705342059e+02 6.414195199999999986e+00
1.214833177574964367e+02 6.324477936865338101e+00
1.215208890733506024e+02 6.311577527838229784e+00
1.219125105992348210e+02 6.261262338986719911e+00
1.219403759068811723e+02 6.316900695644551256e+00
1.219108431334355060e+02 6.376918437598980915e+00
1.221596554693979328e+02 6.317263378327452550e+00
1.221694264960757152e+02 6.323388681374910725e+00
1.221817570634410259e+02 6.353406768590582843e+00
1.222647780656953103e+02 6.414195199999999986e+00
1.224031486982482022e+02 6.337086657233262699e+00
1.223874358296796174e+02 6.335590181938607124e+00
1.224361947693955130e+02 6.373134859090280102e+00
1.224512824699938136e+02 6.342064863327088631e+00
1.223784162292941602e+02 6.378189181806418695e+00
1.223484298831043873e+02 6.352007764457215266e+00
1.223958260102787534e+02 6.330853323336698146e+00
1.223746350225410282e+02 6.385264724893831456e+00
1.223805519154762891e+02 6.364864571943796179e+00
1.223744131600382872e+02 6.414195199999999986e+00
1.224545697743577790e+02 6.414195199999999986e+00
1.224541261331202833e+02 6.414195199999999986e+00
1.225394822798809997e+02 6.414195199999999986e+00
1.226748658821953057e+02 6.344050928035795955e+00
1.227008802876627840e+02 6.414195199999999986e+00
1.226118209040611760e+02 6.366454638188603354e+00
1.226400873342020219e+02 6.414195199999999986e+00
1.227569762739175019e+02 6.414195199999999986e+00
1.226684423706630582e+02 6.414195199999999986e+00
1.228028746545277130e+02 6.414195199999999986e+00
1.229090275037832782e+02 6.414195199999999986e+00
1.229136126563603000e+02 6.414195199999999986e+00
1.228883351084949993e+02 6.414195199999999986e+00
1.229348598559443673e+02 6.414195199999999986e+00
1.229427403591914469e+02 6.414195199999999986e+00
1.229403184792048620e+02 6.414195199999999986e+00
1.228964510668750307e+02 6.414195199999999986e+00
1.229327443464861176e+02 6.414195199999999986e+00
1.230103748055555712e+02 6.357318506768236510e+00
1.230133670657283176e+02 6.414195199999999986e+00
1.230252579141381233e+02 6.383473288462790940e+00
1.230583660658310095e+02 6.414195199999999986e+00
1.230475775933963831e+02 6.414195199999999986e+00
1.231043201532314271e+02 6.414195199999999986e+00
1.230322545468497992e+02 6.414195199999999986e+00
1.230746388217258556e+02 6.414195199999999986e+00
1.230417785571346485e+02 6.353579094192906673e+00
1.230357956194960423e+02 6.414195199999999986e+00
1.229984016838591856e+02 6.414195199999999986e+00
1.230203117712199514e+02 6.414195199999999986e+00
1.231194073019910746e+02 6.414195199999999986e+00
1.231285579144145288e+02 6.414195199999999986e+00
1.231873655326813264e+02 6.414195199999999986e+00
1.232653587755723095e+02 6.414195199999999986e+00
1.233511008857511229e+02 6.414195199999999986e+00
1.234206400284861047e+02 6.414195199999999986e+00
1.234460845163189049e+02 6.334263769114656384e+00
1.232672389088102278e+02 6.414195199999999986e+00
1.233153749477956751e+02 6.414195199999999986e+00
1.233850884965854817e+02 6.414195199999999986e+00
1.234747434567579631e+02 6.414195199999999986e+00
1.234974933650379683e+02 6.414195199999999986e+00
1.234699032659208768e+02 6.414195199999999986e+00
1.234763756822727885e+02 6.414195199999999986e+00
1.234094275245900860e+02 6.414195199999999986e+00
1.234107747041510805e+02 6.414195199999999986e+00
1.233726617290537888e+02 6.414195199999999986e+00
1.233593847490341346e+02 6.414195199999999986e+00
1.233043204533568797e+02 6.414195199999999986e+00
1.233409743643000951e+02 6.414195199999999986e+00
1.232801996695243929e+02 6.414195199999999986e+00
1.233665463250844141e+02 6.414195199999999986e+00
1.234441909064440637e+02 6.337486148722208945e+00
1.234130885945586584e+02 6.364563038276650708e+00
1.233514290345218853e+02 6.414195199999999986e+00
1.233944040597560701e+02 6.414195199999999986e+00
1.233154746611986496e+02 6.414195199999999986e+00
1.233260832570140195e+02 6.414195199999999986e+00
1.234271528941908969e+02 6.414195199999999986e+00
1.234311432487112370e+02 6.372731609961037158e+00
1.234706542249957835e+02 6.414195199999999986e+00
1.233971071699050697e+02 6.414195199999999986e+00
1.233895863332882215e+02 6.414195199999999986e+00
1.234347204501903690e+02 6.414195199999999986e+00
1.235034430992967316e+02 6.256429116736995866e+00
1.233787128355617568e+02 6.414195199999999986e+00
1.233720060089218293e+02 6.414195199999999986e+00
1.233964444091402157e+02 6.414195199999999986e+00
1.233552657452304828e+02 6.414195199999999986e+00
1.234211150832717721e+02 6.414195199999999986e+00
1.235127139763082056e+02 6.414195199999999986e+00
1.234637249402993007e+02 6.414195199999999986e+00
1.234932363240050393e+02 6.414195199999999986e+00
1.234183182085700423e+02 6.414195199999999986e+00
1.233842960491770810e+02 6.414195199999999986e+00
1.234539787805066311e+02 6.414195199999999986e+00
1.235143892845481588e+02 6.414195199999999986e+00
1.235543900675010320e+02 6.414195199999999986e+00
1.233890771900890684e+02 6.414195199999999986e+00
1.234126531756460139e+02 6.414195199999999986e+00
1.234286603939801239e+02 6.414195199999999986e+00
1.234382782317157847e+02 6.414195199999999986e+00
1.235645142506623984e+02 6.414195199999999986e+00
1.236132670310272630e+02 6.257760429331824525e+00
1.236948680246884749e+02 6.414195199999999986e+00
1.238153715955567122e+02 6.254117005459620238e+00
1.237078395011315877e+02 6.414195199999999986e+00
1.238214408185728814e+02 6.377360514379363465e+00
1.238882628128040011e+02 6.414195199999999986e+00
1.238541210676389994e+02 6.414195199999999986e+00
1.239564542288138114e+02 6.414195199999999986e+00
1.240264851372867696e+02 6.414195199999999986e+00
1.239957400292280170e+02 6.414195199999999986e+00
1.241155419476379222e+02 6.414195199999999986e+00
1.243284733285100430e+02 6.414195199999999986e+00
1.244656468592072542e+02 6.281024803056567407e+00
1.245481192230469816e+02 6.414195199999999986e+00
1.246160059336360604e+02 6.414195199999999986e+00
1.248269463469991081e+02 6.356333664299955721e+00
1.249133646444622912e+02 6.414195199999999986e+00
1.253551062115524957e+02 6.293182142052435424e+00
1.253756666913433264e+02 6.250678962854598453e+00
1.253871026384697274e+02 6.335865322457847171e+00
1.255732938883549821e+02 6.266251751260628389e+00
1.254077655142465773e+02 6.380489528796002396e+00
1.256122054913527677e+02 6.291756109251919860e+00
1.256264036218734930e+02 6.356916328510187952e+00
1.256107310992036474e+02 6.377683086041163740e+00
1.256032807900148924e+02 6.333955899069970030e+00
1.258423523337174572e+02 6.257944807745559501e+00
1.258280477937916544e+02 6.363791340242405781e+00
1.258725645683449983e+02 6.388465340213551613e+00
1.258788917254792210e+02 6.414195199999999986e+00
1.258932368325376387e+02 6.414195199999999986e+00
1.258774912453582999e+02 6.408581914668739721e+00
1.258786631215978389e+02 6.414195199999999986e+00
1.260358544602971875e+02 6.333255979292150784e+00
1.260296584410291416e+02 6.414195199999999986e+00
1.260784102713630119e+02 6.414195199999999986e+00
1.260944770908050145e+02 6.414195199999999986e+00
1.261388424280982719e+02 6.414195199999999986e+00
1.262280089969221848e+02 6.258013484558261119e+00
1.262306492362517645e+02 6.258074811676578975e+00
1.261579533600351226e+02 6.414195199999999986e+00
1.262523991659006413e+02 6.267584418611093611e+00
1.262368226402047497e+02 6.297801194723315454e+00
1.262650065331958729e+02 6.315769851369683607e+00
1.263115212536204552e+02 6.414195199999999986e+00
1.262853269129615654e+02 6.414195199999999986e+00
1.261434571955173283e+02 6.414195199999999986e+00
1.262256718859207894e+02 6.323270040544690218e+00
1.261447250203095223e+02 6.414195199999999986e+00
1.262510491932780070e+02 6.399151973250403636e+00
1.263535963005694498e+02 6.414195199999999986e+00
1.263050738124437515e+02 6.414195199999999986e+00
1.263418192201507821e+02 6.414195199999999986e+00
1.263282056601765504e+02 6.414195199999999986e+00
1.262706497988722703e+02 6.414195199999999986e+00
1.264586518715018570e+02 6.327354774075138799e+00
1.264080171028973041e+02 6.414195199999999986e+00
1.264922377009412457e+02 6.414195199999999986e+00
1.265276741212260845e+02 6.414195199999999986e+00
1.264784500023831697e+02 6.414195199999999986e+00
1.264701424002176822e+02 6.414195199999999986e+00
1.263912663000047019e+02 6.414195199999999986e+00
1.264158098998885151e+02 6.414195199999999986e+00
1.263753541205362581e+02 6.414195199999999986e+00
1.262769652408012035e+02 6.337404878667943109e+00
1.262797851061518060e+02 6.340389733700595443e+00
1.262837159341750635e+02 6.414195199999999986e+00
1.263348249471391114e+02 6.414195199999999986e+00
1.263330710267947978e+02 6.414195199999999986e+00
1.264603086466964612e+02 6.271482327515314203e+00
1.264329661161018663e+02 6.414195199999999986e+00
1.263810496018136149e+02 6.414195199999999986e+00
1.263168643950806853e+02 6.414195199999999986e+00
1.263234594647096714e+02 6.414195199999999986e+00
1.263472578771025638e+02 6.414195199999999986e+00
1.263512451834846928e+02 6.414195199999999986e+00
1.263795117728150075e+02 6.313293084595023252e+00
1.262377146533937662e+02 6.414195199999999986e+00
1.262825866744061045e+02 6.414195199999999986e+00
1.262472453549605689e+02 6.414195199999999986e+00
1.262724366897237616e+02 6.414195199999999986e+00
1.261985343953879237e+02 6.373021010551492616e+00
1.263578611904574558e+02 6.269157040814787862e+00
1.262373202946229753e+02 6.414195199999999986e+00
1.262165656674003316e+02 6.414195199999999986e+00
1.262355619731946632e+02 6.414195199999999986e+00
1.262266970685234497e+02 6.354907424483001499e+00
1.263089797173125817e+02 6.414195199999999986e+00
1.264823885828488983e+02 6.414195199999999986e+00
1.264627059559387163e+02 6.262845996485579825e+00
1.264747808903511270e+02 6.414195199999999986e+00
1.266045596590446536e+02 6.414195199999999986e+00
1.266801338632474909e+02 6.414195199999999986e+00
1.266465989226531121e+02 6.414195199999999986e+00
1.267082330132494548e+02 6.414195199999999986e+00
1.268379641184776290e+02 6.287763332086511170e+00
1.266988226883166675e+02 6.414195199999999986e+00
1.266455438738362886e+02 6.385693142985858550e+00
1.267428752567113293e+02 6.414195199999999986e+00
1.266684994303470404e+02 6.397153503323501411e+00
1.267501181014264233e+02 6.414195199999999986e+00
1.268262965848346511e+02 6.357496076397199047e+00
1.268273971825397410e+02 6.269748180149910866e+00
1.266500998726330778e+02 6.393131470225057456e+00
1.266947925421188188e+02 6.414195199999999986e+00
1.266348794419220383e+02 6.400190103974652267e+00
1.269002861202320815e+02 6.414195199999999986e+00
1.269480438645342275e+02 6.414195199999999986e+00
1.269114836909751745e+02 6.414195199999999986e+00
1.270313946771013320e+02 6.298030756675544239e+00
1.268214898853401991e+02 6.270731959386688814e+00
1.267500332848380111e+02 6.414195199999999986e+00
1.269371296937546845e+02 6.414195199999999986e+00
1.269253222553998626e+02 6.414195199999999986e+00
1.269770155334548036e+02 6.414195199999999986e+00
1.269770587808576323e+02 6.414195199999999986e+00
1.271483981277791315e+02 6.414195199999999986e+00
1.271583455202201947e+02 6.414195199999999986e+00
1.270863034156730578e+02 6.414195199999999986e+00
1.271780063818368518e+02 6.414195199999999986e+00
1.270100733427072726e+02 6.312652405902573705e+00
1.269847274630861875e+02 6.342364405778025294e+00
1.269334114747504998e+02 6.414195199999999986e+00
1.270059011937938891e+02 6.328518748635125313e+00
1.271446875873612328e+02 6.414195199999999986e+00
1.272510803512254540e+02 6.414195199999999986e+00
1.271276380883532084e+02 6.414195199999999986e+00
1.271984693381133980e+02 6.414195199999999986e+00
1.271826291683994867e+02 6.414195199999999986e+00
1.273055063173952703e+02 6.414195199999999986e+00
1.273908853603825833e+02 6.414195199999999986e+00
1.274658361756212770e+02 6.414195199999999986e+00
1.276445840323735723e+02 6.292379670857153329e+00
1.276526693965288786e+02 6.414195199999999986e+00
1.276547323057508976e+02 6.414195199999999986e+00
1.277738622355930289e+02 6.414195199999999986e+00
1.279690356892136123e+02 6.314098777742358060e+00
1.279922370949950619e+02 6.364039299664465688e+00
1.280126970759545202e+02 6.350783987027051047e+00
1.282184017819103872e+02 6.286295853410976520e+00
1.283559920672312842e+02 6.293746927110237976e+00
1.285435328328224216e+02 6.250938258233185607e+00
1.286645406390226754e+02 6.285048674949419656e+00
1.289323280157564682e+02 6.291302605048361585e+00
1.289039355673553189e+02 6.261125852862571506e+00
1.286876828742265388e+02 6.331352866726830619e+00
1.287009937506072959e+02 6.334033913440640262e+00
1.287207861637095618e+02 6.364123560770577726e+00
1.288784145297397572e+02 6.344701043207226832e+00
1.291251643591778873e+02 6.261160102960944052e+00
1.291627167510673644e+02 6.354631301522172926e+00
1.291808928556718854e+02 6.315793254939339185e+00
1.292185365319057553e+02 6.348588842488709361e+00
1.294041368734715718e+02 6.323250542155467002e+00
1.294127463090008234e+02 6.328217656613039921e+00
1.293940488049901205e+02 6.344290765730729476e+00
1.294024233467434328e+02 6.393951813242710891e+00
1.294691144836671128e+02 6.414195199999999986e+00
1.294059331837937066e+02 6.414195199999999986e+00
1.294783266425039017e+02 6.414195199999999986e+00
1.294854925638673251e+02 6.414195199999999986e+00
1.294510044217073528e+02 6.414195199999999986e+00
1.296094815677802501e+02 6.345336183938013797e+00
1.296405746115206341e+02 6.414195199999999986e+00
1.296300337598289900e+02 6.326680158024387879e+00
1.296598956609969662e+02 6.279099897929713237e+00
1.296823169247181511e+02 6.414195199999999986e+00
1.296458815637963937e+02 6.289904413251146131e+00
1.296549923638924611e+02 6.414195199999999986e+00
1.296175830386920325e+02 6.414195199999999986e+00
1.296203948038506724e+02 6.414195199999999986e+00
1.296639770792157265e+02 6.414195199999999986e+00
1.295590255030424203e+02 6.414195199999999986e+00
1.295269292743531935e+02 6.414195199999999986e+00
1.295680788163032275e+02 6.414195199999999986e+00
1.295461294643253609e+02 6.414195199999999986e+00
1.294802332917953152e+02 6.414195199999999986e+00
1.294833377617796657e+02 6.414195199999999986e+00
1.296143968049192097e+02 6.275091268477017259e+00
1.296313621038223118e+02 6.257148771909952778e+00
1.296167817108372446e+02 6.414195199999999986e+00
1.295836312895512208e+02 6.414195199999999986e+00
1.296682233960667645e+02 6.414195199999999986e+00
1.295485505790686602e+02 6.414195199999999986e+00
1.296902176117989143e+02 6.414195199999999986e+00
1.297242038693267716e+02 6.414195199999999986e+00
1.296171163781721702e+02 6.362973573560440244e+00
1.298338020597847162e+02 6.331061703203154423e+00
1.296676560938977047e+02 6.403643361609854701e+00
1.296513872475140658e+02 6.393113750883714808e+00
1.296792958635976163e+02 6.327408840211170116e+00
1.297195660522304195e+02 6.414195199999999986e+00
1.297253210994709605e+02 6.414195199999999986e+00
1.296814364951297023e+02 6.414195199999999986e+00
1.296814916196907461e+02 6.392476880554021967e+00
1.296718639671015580e+02 6.381852109302401210e+00
1.296772475785433016e+02 6.414195199999999986e+00
1.297855731565000497e+02 6.259566285434365440e+00
1.297266161042406907e+02 6.414195199999999986e+00
1.296754452705332881e+02 6.414195199999999986e+00
1.297068679740444566e+02 6.414195199999999986e+00
1.297218987910446799e+02 6.414195199999999986e+00
1.296990599605051671e+02 6.414195199999999986e+00
1.297428276584258242e+02 6.414195199999999986e+00
1.296997239992839184e+02 6.414195199999999986e+00
1.297064788345893760e+02 6.414195199999999986e+00
1.297798227965959086e+02 6.414195199999999986e+00
1.297917158621631870e+02 6.414195199999999986e+00
1.297329207713686685e+02 6.414195199999999986e+00
1.297839134989618231e+02 6.414195199999999986e+00
1.298736743286111732e+02 6.303110183366277930e+00
1.298662226306153400e+02 6.281476644911825780e+00
1.298852782408173994e+02 6.340741229812913105e+00
1.298878346226205451e+02 6.414195199999999986e+00
1.299251379250267746e+02 6.414195199999999986e+00
1.299827719736892107e+02 6.414195199999999986e+00
1.299765282332545269e+02 6.414195199999999986e+00
1.299599340232751672e+02 6.414195199999999986e+00
1.299030334574701726e+02 6.414195199999999986e+00
1.299610960461365039e+02 6.414195199999999986e+00
1.298298073020898755e+02 6.402077609728016760e+00
1.298219987523524992e+02 6.354634562792376151e+00
1.297783310574052393e+02 6.414195199999999986e+00
1.298073252038486487e+02 6.414195199999999986e+00
1.297744157099296558e+02 6.414195199999999986e+00
1.296781431405358944e+02 6.414195199999999986e+00
1.296189925733677910e+02 6.414195199999999986e+00
1.296250664617724340e+02 6.356004466008866594e+00
1.298186078420768865e+02 6.350275783351767345e+00
1.297929528646057236e+02 6.374224785421936268e+00
1.298116238385411521e+02 6.370123723339186306e+00
1.298034947553046834e+02 6.271039117161824272e+00
1.299234442991664480e+02 6.414195199999999986e+00
1.299128453160458889e+02 6.414195199999999986e+00
1.299181994625738525e+02 6.414195199999999986e+00
1.298546517970609671e+02 6.283691934812289048e+00
1.296753531775044621e+02 6.369673051178684098e+00
1.297301619284769458e+02 6.414195199999999986e+00
1.297322684049471206e+02 6.414195199999999986e+00
1.297112588006106932e+02 6.414195199999999986e+00
1.295038564311946914e+02 6.414195199999999986e+00
1.296241868228425460e+02 6.372831534521525398e+00
1.296526573929765789e+02 6.414195199999999986e+00
1.297311956801856923e+02 6.414195199999999986e+00
1.296665234921856040e+02 6.414195199999999986e+00
1.296533561091567606e+02 6.414195199999999986e+00
1.297871849278502054e+02 6.414195199999999986e+00
1.298121473603408447e+02 6.414195199999999986e+00
1.297346049923264673e+02 6.414195199999999986e+00
1.295984910832050616e+02 6.414195199999999986e+00
1.296244635063190458e+02 6.384174663796586380e+00
1.297266424737534294e+02 6.414195199999999986e+00
1.297549540869822238e+02 6.414195199999999986e+00
1.297363494944561069e+02 6.414195199999999986e+00
1.296596934477674097e+02 6.414195199999999986e+00
1.297111313094847844e+02 6.414195199999999986e+00
1.297437621086399417e+02 6.414195199999999986e+00
1.298313866200448103e+02 6.302599868500749380e+00
1.297301145677827492e+02 6.414195199999999986e+00
1.296604066250604319e+02 6.414195199999999986e+00
1.296970859544639438e+02 6.414195199999999986e+00
1.298192029914220882e+02 6.395076214864279684e+00
1.298168681142578009e+02 6.414195199999999986e+00
1.297008942511942280e+02 6.414195199999999986e+00
1.296772768992874205e+02 6.414195199999999986e+00
1.298514270796980270e+02 6.345427923205930298e+00
1.298418981229711449e+02 6.348979473972018006e+00
1.298702537008145441e+02 6.414195199999999986e+00
1.299110954238492752e+02 6.414195199999999986e+00
1.299194990589651297e+02 6.414195199999999986e+00
1.299073997522054924e+02 6.414195199999999986e+00
1.299305490986742484e+02 6.414195199999999986e+00
1.298937319072117020e+02 6.414195199999999986e+00
1.299440002092833311e+02 6.414195199999999986e+00
1.300173846726283671e+02 6.274234524472389829e+00
1.300125493854051797e+02 6.258878555354606910e+00
1.300552341001003356e+02 6.414195199999999986e+00
1.300934653808894836e+02 6.414195199999999986e+00
1.301115608989395867e+02 6.414195199999999986e+00
1.301679191577728432e+02 6.414195199999999986e+00
1.302534092741381642e+02 6.414195199999999986e+00
1.301856185761917857e+02 6.414195199999999986e+00
1.301469171456552374e+02 6.414195199999999986e+00
1.301178830263244492e+02 6.414195199999999986e+00
1.302530020526873500e+02 6.414195199999999986e+00
1.301493898695463258e+02 6.414195199999999986e+00
1.301882882545219502e+02 6.414195199999999986e+00
1.302682479828858959e+02 6.330503377292896694e+00
1.301138981283583291e+02 6.414195199999999986e+00
1.300351612326630857e+02 6.409018097078769571e+00
1.300937696027513368e+02 6.414195199999999986e+00
1.300907459350833903e+02 6.414195199999999986e+00
1.301489830884092669e+02 6.414195199999999986e+00
1.300733441553158514e+02 6.414195199999999986e+00
1.301077178955127067e+02 6.414195199999999986e+00
1.300594706967276011e+02 6.414195199999999986e+00
1.300370562965316878e+02 6.331626418973031356e+00
1.301607020008827362e+02 6.414195199999999986e+00
1.301941437983414858e+02 6.414195199999999986e+00
1.300416101423408861e+02 6.343713302824670386e+00
1.300346576043272648e+02 6.395443085205423372e+00
1.300334059265652513e+02 6.376670975849146217e+00
1.300716987257061135e+02 6.414195199999999986e+00
1.302047020754944242e+02 6.414195199999999986e+00
1.301787186934699605e+02 6.414195199999999986e+00
1.302658164240031340e+02 6.414195199999999986e+00
1.302295715405564636e+02 6.268856017965886096e+00
1.301211059466259314e+02 6.414195199999999986e+00
1.300897913861683719e+02 6.414195199999999986e+00
1.301137244948986904e+02 6.414195199999999986e+00
1.301456002872812974e+02 6.414195199999999986e+00
1.301710592758205394e+02 6.254289196532170969e+00
1.301147222782112181e+02 6.414195199999999986e+00
1.301153744488909183e+02 6.414195199999999986e+00
1.301274060822587160e+02 6.414195199999999986e+00
1.301725259463295288e+02 6.414195199999999986e+00
1.301434340834849479e+02 6.414195199999999986e+00
1.301197925161631588e+02 6.414195199999999986e+00
1.300698432996460099e+02 6.414195199999999986e+00
1.299952078312657022e+02 6.414195199999999986e+00
1.300110831772997244e+02 6.414195199999999986e+00
1.300170153444722416e+02 6.342946819128908231e+00
1.299571486017085533e+02 6.414195199999999986e+00
1.300524280591384070e+02 6.377263369153050476e+00
1.301450240758265977e+02 6.414195199999999986e+00
1.301600639886897000e+02 6.414195199999999986e+00
1.301077015779220858e+02 6.414195199999999986e+00
1.300649233134325300e+02 6.414195199999999986e+00
1.300717188766101060e+02 6.414195199999999986e+00
1.300602702751615709e+02 6.414195199999999986e+00
1.301330154626664353e+02 6.414195199999999986e+00
1.301387343819158389e+02 6.414195199999999986e+00
1.301095167297416992e+02 6.414195199999999986e+00
1.300782891674446375e+02 6.414195199999999986e+00
1.300486886990659343e+02 6.414195199999999986e+00
1.300001807829582106e+02 6.414195199999999986e+00
1.300119770478051464e+02 6.291314401387208655e+00
1.300656027118559734e+02 6.414195199999999986e+00
1.300163361718993258e+02 6.410793260876076261e+00
1.299806304992129640e+02 6.414195199999999986e+00
1.301360286497014727e+02 6.259748905856204360e+00
1.302180907320687595e+02 6.318517588046329791e+00
1.300874031507401583e+02 6.414195199999999986e+00
1.300043892873517279e+02 6.404178057999684981e+00
1.300442603132405850e+02 6.414195199999999986e+00
1.300704220766486969e+02 6.414195199999999986e+00
