nan
nan
nan
nan
nan
nan
nan
nan
nan
nan
nan
nan
nan
nan
nan
nan
nan
nan
nan
nan
nan
nan
nan
nan
nan
nan
nan
nan
nan
nan
2.861353808159678547e+00
5.309080622860697041e+00
7.188422070032586930e+00
8.665803426843901036e+00
9.696596104753817613e+00
1.054570705205003911e+01
1.141248208560785571e+01
1.243550298319115122e+01
1.299153646445335042e+01
1.322986073761113879e+01
1.365982778298161193e+01
1.426486162141424074e+01
1.546720864115077809e+01
1.633614092188928169e+01
1.709813752456900104e+01
1.772660677574234356e+01
1.822512870130911367e+01
1.891638202955970272e+01
1.965583521390621513e+01
2.018675101859938792e+01
2.079793053337764164e+01
2.139863728712593627e+01
2.186532728952866123e+01
2.243227496056510972e+01
2.290639605897315434e+01
2.331041125875007580e+01
2.370956772775949872e+01
2.425822268613685750e+01
2.493106208178299354e+01
2.553303028177411349e+01
2.600050824296521768e+01
2.656140670645034163e+01
2.707634212913109906e+01
2.759378487339026620e+01
2.818623430819920017e+01
2.869271171543745780e+01
2.919538365168405392e+01
2.953653622333114726e+01
3.007385170035282229e+01
3.055469552444390402e+01
3.097659069777685303e+01
3.140836138993336135e+01
3.177646960967760492e+01
3.210496219081172597e+01
3.252023598924741776e+01
3.292323709165880530e+01
3.335443068257521304e+01
3.383954176261995173e+01
3.427381843851365062e+01
3.476876105508492998e+01
3.528189082062344539e+01
3.575815424383017671e+01
3.621780909818693317e+01
3.668788512547280334e+01
3.704916247872739632e+01
3.740521180755548869e+01
3.772727050049305575e+01
3.806105112302591209e+01
3.852107681446544518e+01
3.880704933630393327e+01
3.911237905686522254e+01
3.942709372491461295e+01
3.972399996871029515e+01
4.008045159717431716e+01
4.035187474881042391e+01
4.067648592124013618e+01
4.103713941428290468e+01
4.133038995336098509e+01
4.168500604788329866e+01
4.197636211849816590e+01
4.235276649168150698e+01
4.266563733003839332e+01
4.300974178127680148e+01
4.323481168605368907e+01
4.352218529397237035e+01
4.377671540246790727e+01
4.408990092355992374e+01
4.443600807617959703e+01
4.462598611996829590e+01
4.490673049012251283e+01
4.519345854763647452e+01
4.542940502673771874e+01
4.559696868724851981e+01
4.583318736242043201e+01
4.605124575660764208e+01
4.625349643235770714e+01
4.655597625066132395e+01
4.676533796756564243e+01
4.687646283570779104e+01
4.707882110576759516e+01
4.727219888151080340e+01
4.749636196650638453e+01
4.765491971669429461e+01
4.781764955714933762e+01
4.799627762483619620e+01
4.816323368215660850e+01
4.830433711788767681e+01
4.855933092928480477e+01
4.875289329618425427e+01
4.892040260081409997e+01
4.906904486629537843e+01
4.919452822317367691e+01
4.938176932445075806e+01
4.961706531975666223e+01
4.979243447207444007e+01
5.000628407783833751e+01
5.011627158951349514e+01
5.031290956760983590e+01
5.047500992047352497e+01
5.068921054987310271e+01
5.079683378696461915e+01
5.103373139507056777e+01
5.116359112013337551e+01
5.129773151914782403e+01
5.148954864928055741e+01
5.167079136726074751e+01
5.186151937044656535e+01
5.205910548229029189e+01
5.236658204611754996e+01
5.245718243371155154e+01
5.265772905828757899e+01
5.284247689630466027e+01
5.305253239782430086e+01
5.327860980956238990e+01
5.343298709531438107e+01
5.366833866319062452e+01
5.377923847774894028e+01
5.396829558394829718e+01
5.413610302888719161e+01
5.432983069296282963e+01
5.443637156556299317e+01
5.459814390628439185e+01
5.477440112317263043e+01
5.489679351314372013e+01
5.512216216517999356e+01
5.525108672527471754e+01
5.536634482698471516e+01
5.553060092297047134e+01
5.565564572837041624e+01
5.581285865420895931e+01
5.592484263189206217e+01
5.604582796537538769e+01
5.622734287715793045e+01
5.627200095241478550e+01
5.637902540934996409e+01
5.646815163833650786e+01
5.662678561225445151e+01
5.673863963330596505e+01
5.684127677797382461e+01
5.697914262331566704e+01
5.719723708517135208e+01
5.727652480169827953e+01
5.741022655037517097e+01
5.753462999235611619e+01
5.770896471947050799e+01
5.779941889961279600e+01
5.801337202093511536e+01
5.814140612388317209e+01
5.828951255496711070e+01
5.847347015484565702e+01
5.857930892302462667e+01
5.882103746822783563e+01
5.897147073024015640e+01
5.915832311782585151e+01
5.926794215799026944e+01
5.945013231491654437e+01
5.961911285288192630e+01
5.976304268294923361e+01
5.992172088309872180e+01
6.014001755374174252e+01
6.027259702556557386e+01
6.043696744788631747e+01
6.057386491972140874e+01
6.064679574566398657e+01
6.078140999864190519e+01
6.095875403123474712e+01
6.103610069821259287e+01
6.113823400551088838e+01
6.124640286453961835e+01
6.135106021889647820e+01
6.144399696021893220e+01
6.156058420638596829e+01
6.159745633741579240e+01
6.168793786068932405e+01
6.174319734866820397e+01
6.181035414094800728e+01
6.184957010343678974e+01
6.188278640283444076e+01
6.200563753554999380e+01
6.198131187415282284e+01
6.202567957835297818e+01
6.206359618375113030e+01
6.211941648278214245e+01
6.212391891743145322e+01
6.219774997212122969e+01
6.225353344084435747e+01
6.229832138987124068e+01
6.231737801109601094e+01
6.233680995916341772e+01
6.241297268042762880e+01
6.242299683005892774e+01
6.243465866588996960e+01
6.249638838983703693e+01
6.264155581553532670e+01
6.269611630059831242e+01
6.272940069429252219e+01
6.283128815756204233e+01
6.290230657461982844e+01
6.292382885737733744e+01
6.306837644126198938e+01
6.310890955376408584e+01
6.320534823148662440e+01
6.326249557539236434e+01
6.332424641111007446e+01
6.337262618218336030e+01
6.348905330639537681e+01
6.362329652098085830e+01
6.363907517347745824e+01
6.374936610331718612e+01
6.383854393007884909e+01
6.393230733589850701e+01
6.402571361665901861e+01
6.416023040277437417e+01
6.427772135581959390e+01
6.433964596873970265e+01
6.440228747557458178e+01
6.448884968367578097e+01
6.459783746762053624e+01
6.472943321837605879e+01
6.471496159473171872e+01
6.483281317191544701e+01
6.484835864055793309e+01
6.494036175121706833e+01
6.513225511453023842e+01
6.521674141605421937e+01
6.528437577796007929e+01
6.538042761545892745e+01
6.547391692795230256e+01
6.562187109208402092e+01
6.571294574090437379e+01
6.586674644914104704e+01
6.600611925732860641e+01
6.610905720609676450e+01
6.622743806737297234e+01
6.638970103784787113e+01
6.645140995900628411e+01
6.655521664347325839e+01
6.669253731820882081e+01
6.680712460759585269e+01
6.692083978074985851e+01
6.708638350118643245e+01
6.714816253603763130e+01
6.726469566241601683e+01
6.740759601621057584e+01
6.752674000202955540e+01
6.764225886687991363e+01
6.767913216142207489e+01
6.768453371097986349e+01
6.783863589426101726e+01
6.787664949079770338e+01
6.795934667795971507e+01
6.809390752678199021e+01
6.820095409344898485e+01
6.829374561111144715e+01
6.845713782788371304e+01
6.852896623281290545e+01
6.861496789431585341e+01
6.868780991257740709e+01
6.882282572812817989e+01
6.891451538338075977e+01
6.905286445703036691e+01
6.910435454592719395e+01
6.920873396069698913e+01
6.919768444431829835e+01
6.932019577759304241e+01
6.940835502617483144e+01
6.953420841878549652e+01
6.959895383436675331e+01
6.957422042860341094e+01
6.964281987740120883e+01
6.975386150880115110e+01
6.981806776611817611e+01
6.985493858221948926e+01
6.990902667124755965e+01
6.987631982429758182e+01
6.996004998564468735e+01
6.998264431819394815e+01
7.004113553592318908e+01
7.008763581799040310e+01
7.012506374287174538e+01
7.013573762645243903e+01
7.022854393762970915e+01
7.030875479154488517e+01
7.036979605865299447e+01
7.044068125930135693e+01
7.051556592151932534e+01
7.054106403573477735e+01
7.066197046289914852e+01
7.069645396310305330e+01
7.072508758359296621e+01
7.082684723991822295e+01
7.090365836728248894e+01
7.093615766474297857e+01
7.102023182436563786e+01
7.104145811326476689e+01
7.117063785724418778e+01
7.123469599383452078e+01
7.126847300815953190e+01
7.138949955980228879e+01
7.141916409046872616e+01
7.144090949312426631e+01
7.152596077189598134e+01
7.158229948063996062e+01
7.162127797327914891e+01
7.165281153527381264e+01
7.168935218180197921e+01
7.176579174777603498e+01
7.180257155272673231e+01
7.181545001875726086e+01
7.189341985067576957e+01
7.192389385179650674e+01
7.198112616459876278e+01
7.201197664576785940e+01
7.204920723959624240e+01
7.198577725690081763e+01
7.198910448379200488e+01
7.203051916942438027e+01
7.205876858723338785e+01
7.203730587553134512e+01
7.203453644132555667e+01
7.202162068209592860e+01
7.198786313973961626e+01
7.202824336329680932e+01
7.204228327361087736e+01
7.208313417969019099e+01
7.208134085704929817e+01
7.206217894062935159e+01
7.213865765924610685e+01
7.220633939307833771e+01
7.221284059689841683e+01
7.230447915090603317e+01
7.235149572851017297e+01
7.245290157458089197e+01
7.245244479383137559e+01
7.260820614751969515e+01
7.254858319957736512e+01
7.259489029810143279e+01
7.264958061666315814e+01
7.265140116054297437e+01
7.271945520140651809e+01
7.279402367562434506e+01
7.277828174595909161e+01
7.281591004035304593e+01
7.286269804516906845e+01
7.289213944650343535e+01
7.297759584462291116e+01
7.301949924483743359e+01
7.307730223216081811e+01
7.310667731367445299e+01
7.317245193461967290e+01
7.325311991686838553e+01
7.328251271512172593e+01
7.334579077124732294e+01
7.336532597246811349e+01
7.345744682306496998e+01
7.353180607950284298e+01
7.359543229202920145e+01
7.363219762534430402e+01
7.369048594041393585e+01
7.384191026439147265e+01
7.382667053714787642e+01
7.388653887475204840e+01
7.403607706235285946e+01
7.408998223212746836e+01
7.413417062363133425e+01
7.414158473068391686e+01
7.424627178503357072e+01
7.437041098712417408e+01
7.441361632281315508e+01
7.440596190581116787e+01
7.442237439763022167e+01
7.442872672226704367e+01
7.453901521902601246e+01
7.457539914431721684e+01
7.472725318587437471e+01
7.473520976122964043e+01
7.477404651762542187e+01
7.479829568754337288e+01
7.480708911927079896e+01
7.488041524240344415e+01
7.491913229320118717e+01
7.494937139013542549e+01
7.504025505956921904e+01
7.510332639053005721e+01
7.513779615790812727e+01
7.522251563104612160e+01
7.525377519500067081e+01
7.531326082332842020e+01
7.543441811591162605e+01
7.542662917201057837e+01
7.552223595718483296e+01
7.560569949408741763e+01
7.559536836439501428e+01
7.568044059056123274e+01
7.573024119261248188e+01
7.585798754562462420e+01
7.584231639038124229e+01
7.598980204340649891e+01
7.601526992016486872e+01
7.608924250867767114e+01
7.615118852978280017e+01
7.621048961519858267e+01
7.628917516250167807e+01
7.636140741261502285e+01
7.646701390445306856e+01
7.658062434267307594e+01
7.671503913987952217e+01
7.681967813612172336e+01
7.694411227395995923e+01
7.704663497940373418e+01
7.714032187609534219e+01
7.723697970412287361e+01
7.738969512058429245e+01
7.746147721620454263e+01
7.758564542262554653e+01
7.765709123182710982e+01
7.772826138732028767e+01
7.779905934103202014e+01
7.788709173727581003e+01
7.795769331750835818e+01
7.800987282018918734e+01
7.802559397630524529e+01
7.808045935451117714e+01
7.812730492163906604e+01
7.823033789747769617e+01
7.826162587822035732e+01
7.827649575964329642e+01
7.833869510711876671e+01
7.838368782177285254e+01
7.846431230200734319e+01
7.846217335544679372e+01
7.848818402395390592e+01
7.857186944194309319e+01
7.858800600790043234e+01
7.867354313393872189e+01
7.867571334677312223e+01
7.875028702811547987e+01
7.874010671139207318e+01
7.883169916804619959e+01
7.892292034738515838e+01
7.892894348088539402e+01
7.901871826338202709e+01
7.906106587549021469e+01
7.908876905686085479e+01
7.919081474847236279e+01
7.923322787312307014e+01
7.924451878891967738e+01
7.927281928550931411e+01
7.933409373726637170e+01
7.937092201591389085e+01
7.945808977500816184e+01
7.948354284795267688e+01
7.956669359866604907e+01
7.960995163834994059e+01
7.969308281601566080e+01
7.973105568905009477e+01
7.974148856794283802e+01
7.977134027909811209e+01
7.984564606382890872e+01
7.989336573544625253e+01
7.999504577408771411e+01
8.001633552464313937e+01
8.005504099685327901e+01
8.013876761112932456e+01
8.013862569613884546e+01
8.020506520655516169e+01
8.025777192501529100e+01
8.031960681051560869e+01
8.038157284487112975e+01
8.046206737070431814e+01
8.049952759491382892e+01
8.050183294532696721e+01
8.053330580588142595e+01
8.057165854146948902e+01
8.060168742756444260e+01
8.063077474563692704e+01
8.067649036640105464e+01
8.067875196321119802e+01
8.064715990077833396e+01
8.069040777594855740e+01
8.071143831574676142e+01
8.071127288104239028e+01
8.077707257276991015e+01
8.081345760992151384e+01
8.069653043707502604e+01
8.068793921484115117e+01
8.067944077391463509e+01
8.068230225959140967e+01
8.071734768529717030e+01
8.066774339085048950e+01
8.066975362351269041e+01
8.070168231420947791e+01
8.074984942510864983e+01
8.077334598566295654e+01
8.075272053703666586e+01
8.079212940469382431e+01
8.080445801501379322e+01
8.080517453694952223e+01
8.078862240092995251e+01
8.089098247696500721e+01
8.085011339883514836e+01
8.091551921078993814e+01
8.086484030276473334e+01
8.091770813670444795e+01
8.095447583432820693e+01
8.094713825347278657e+01
8.094190126812102903e+01
8.093196972143695689e+01
8.095662399367334672e+01
8.094603522196887013e+01
8.098256884822538382e+01
8.099893465047192365e+01
8.100557139625345826e+01
8.095757853997751852e+01
8.096255875458467699e+01
8.092048805651897680e+01
8.092538901144419583e+01
8.097013519097941980e+01
8.099602861979131774e+01
8.100775820260082583e+01
8.106469517657146184e+01
8.104280876728282124e+01
8.107963139656692420e+01
8.114029445791892670e+01
8.114052606824421332e+01
8.113894291258577596e+01
8.121704760116398347e+01
8.126091516964704908e+01
8.122991930038887176e+01
8.128039011354618992e+01
8.130497935484564209e+01
8.129471054314960554e+01
8.125832717350601797e+01
8.128023191506240153e+01
8.126568913536077332e+01
8.125732421045819365e+01
8.121950464178517848e+01
8.126565423916171937e+01
8.125076748013475481e+01
8.123478404957393195e+01
8.123201153578827416e+01
8.123875947374504847e+01
8.125789628088364225e+01
8.121145736261193804e+01
8.125324326076435000e+01
8.130922822169236497e+01
8.129953100536376098e+01
8.135431089385734538e+01
8.135901199412251117e+01
8.138682614841704321e+01
8.147696705168952747e+01
8.148908089229804830e+01
8.155751755651745327e+01
8.161076276898845094e+01
8.166227235326257983e+01
8.169897649373342574e+01
8.176404575233608796e+01
8.182399382313650449e+01
8.193765568201764893e+01
8.193124970401062512e+01
8.199080335743599335e+01
8.200190112534272657e+01
8.210354937338108527e+01
8.213431735106949816e+01
8.218715512725286487e+01
8.230439853321561827e+01
8.236103691046794495e+01
8.241147195137332915e+01
8.246274502707706233e+01
8.248687665413969228e+01
8.256742554870821493e+01
8.257751028848254293e+01
8.259591793934714588e+01
8.265774138888146183e+01
8.262860213710430912e+01
8.262706234234663327e+01
8.270915570448912035e+01
8.273461377592020938e+01
8.272757752528804076e+01
8.283804301943590076e+01
8.291652980262146855e+01
8.302389693973115925e+01
8.306159591214311888e+01
8.316676989554102306e+01
8.325781058273472013e+01
8.329952901420131184e+01
8.338860630349766723e+01
8.342473285806177330e+01
8.351750259649811881e+01
8.360789575215063962e+01
8.368984321508906987e+01
8.380218181559831692e+01
8.386237613053083351e+01
8.393025457943963374e+01
8.402998105490388525e+01
8.417364246883082046e+01
8.422444426469569123e+01
8.429244173206937774e+01
8.438539531021970674e+01
8.438496033708798905e+01
8.447184952048009166e+01
8.454914928467920276e+01
8.453573343150748087e+01
8.465686659133750425e+01
8.462444687083142014e+01
8.467906197911561605e+01
8.468681862667405369e+01
8.472983874599806597e+01
8.478807854290936064e+01
8.481462515343972086e+01
8.481250529377656733e+01
8.488884450582249031e+01
8.493931157697178946e+01
8.491141761863994475e+01
8.493998834528346720e+01
8.489435564520597666e+01
8.497478057407620611e+01
8.497005289923916393e+01
8.497171742621713975e+01
8.496709455702504954e+01
8.506021188505314967e+01
8.510848671129974718e+01
8.508244623650605831e+01
8.514145478226456021e+01
8.521288070576842699e+01
8.525688000297006397e+01
8.533923750068518643e+01
8.529979259841579164e+01
8.534514611569890974e+01
8.537110610793682497e+01
8.538863342283320890e+01
8.540887402912909465e+01
8.548168816715381979e+01
8.548794956044874027e+01
8.551321646481535765e+01
8.559474949860950233e+01
8.560069568099177673e+01
8.558254873093203230e+01
8.567792406506113423e+01
8.570671053552518970e+01
8.573315061426822581e+01
8.581968668860486105e+01
8.582036624356530297e+01
8.584640065964151745e+01
8.591484989460654731e+01
8.589020491054046147e+01
8.586430373104282410e+01
8.589591098604905994e+01
8.590575296402147387e+01
8.586579617261620001e+01
8.587858977938506655e+01
8.591056514999215210e+01
8.599270590714286300e+01
8.595403560768944828e+01
8.599899532457150997e+01
8.602364154731174040e+01
8.595016336822669700e+01
8.601390150376879262e+01
8.594920400954420359e+01
8.593607158194774343e+01
8.593532098895971671e+01
8.589681459271415065e+01
8.591651749212779521e+01
