nan
nan
nan
nan
1.773661791435090151e+02
1.745245833055944900e+02
1.733108006157174827e+02
1.718141846235906485e+02
1.703264862599917535e+02
1.685580182114497916e+02
1.676133355343956168e+02
1.666972970212045766e+02
1.657665729840499864e+02
1.645990279527551934e+02
1.634691581817611450e+02
1.625323385703168526e+02
1.617170014076071141e+02
1.606838805252600082e+02
1.596381406004579446e+02
1.588361607830544813e+02
1.579588342344666785e+02
1.572671233820678367e+02
1.566835468808775147e+02
1.558198878857186571e+02
1.549135414472976606e+02
1.540107580844486392e+02
1.533678851000769896e+02
1.526176127264035927e+02
1.519558810427729441e+02
1.513191353352897011e+02
1.504868388922705265e+02
1.498188210075374514e+02
1.490927838822134390e+02
1.484441652479596314e+02
1.477855937238597903e+02
1.469804559951203089e+02
1.464413073627761435e+02
1.457632753241733781e+02
1.449840165440919861e+02
1.439961092497507309e+02
1.436954514905153530e+02
1.429895629956357368e+02
1.422891188874673389e+02
1.416618373218315412e+02
1.410214567051281449e+02
1.406379469722481588e+02
1.398194706951492208e+02
1.392112403440957564e+02
1.385608499349659155e+02
1.381172798998174471e+02
1.373326937456544101e+02
1.368877419924755259e+02
1.361118850647557963e+02
1.356312125336833390e+02
1.351418234939747833e+02
1.346094707814929166e+02
1.341550409043904324e+02
1.334054553715933764e+02
1.327221608603715026e+02
1.322147046194150448e+02
1.317665238936117760e+02
1.311816149628314463e+02
1.305279458393735297e+02
1.299835119252674644e+02
1.295184982542894261e+02
1.289870429501783349e+02
1.283836997199167058e+02
1.275933931365961769e+02
1.274393782357495297e+02
1.270086404005542988e+02
1.264756225241584957e+02
1.258727055818907132e+02
1.254104035837943485e+02
1.249429805787849119e+02
1.245560102457898921e+02
1.239717522680329580e+02
1.235850364585470942e+02
1.231528826570244206e+02
1.228308636300175181e+02
1.220893070226688337e+02
1.216925413466398567e+02
1.212924147300833653e+02
1.207200630487675141e+02
1.204220812385915167e+02
1.199145279537012385e+02
1.195690526351939837e+02
1.192528928454303667e+02
1.187585645551497038e+02
1.183871587973140720e+02
1.179389661688089319e+02
1.174482863183100250e+02
1.172278025393894723e+02
1.169016103429481745e+02
1.165059823197114355e+02
1.160292151837403480e+02
1.157160986688250688e+02
1.153287370503615534e+02
1.150090232666806855e+02
1.145902748479831246e+02
1.141573411440276260e+02
1.139446182862997574e+02
1.135947078046778245e+02
1.132603603457248340e+02
1.128471675364502431e+02
1.125123205667388504e+02
1.121395289974767735e+02
1.118330513767840984e+02
1.114925863978717189e+02
1.112340384866771501e+02
1.106864412455289823e+02
1.103197249876741637e+02
1.099285902354703666e+02
1.096319907894224173e+02
1.092675849752774440e+02
1.090405200590817714e+02
1.087052729814706424e+02
1.083910494183540436e+02
1.082042896682397384e+02
1.078661053406607948e+02
1.076564360729014993e+02
1.074123760123249980e+02
1.071258010396194180e+02
1.068066927978914720e+02
1.066031841009375682e+02
1.063154431383585177e+02
1.060193936971219273e+02
1.057454412064313942e+02
1.054605326292089416e+02
1.051841087725837554e+02
1.049892296716183608e+02
1.047697733137157456e+02
1.045211988358382769e+02
1.042766203828329878e+02
1.040082683790185740e+02
1.037065838503229287e+02
1.035646967226929007e+02
1.033155877141935264e+02
1.028846435939940989e+02
1.026092430389134620e+02
1.023211603675016192e+02
1.020445681154069746e+02
1.019140801965342433e+02
1.015987245175413705e+02
1.012679822335118160e+02
1.010694038848300949e+02
1.008385440782538467e+02
1.005321702291299601e+02
1.001743099679696485e+02
9.997708268430581313e+01
9.974931316615463572e+01
9.955822914980335270e+01
9.918752429522660918e+01
9.898614857920217958e+01
9.866233883873643151e+01
9.845143176539465912e+01
9.823330484924579764e+01
9.805542225612107643e+01
9.790869475568261748e+01
9.772471980950209058e+01
9.752731953561023204e+01
9.734524106396675336e+01
9.708804757933836527e+01
9.691865655619979236e+01
9.673562387707622179e+01
9.655386727490686383e+01
9.636206786229115551e+01
9.621056160680500113e+01
9.602932154223474015e+01
9.591723399792893190e+01
9.571856684612632193e+01
9.559598041067778240e+01
9.545737882427076215e+01
9.532114835918704898e+01
9.504351125084886576e+01
9.492802442529333007e+01
9.474309366892846640e+01
9.457863812190693409e+01
9.439991774879173647e+01
9.419586179871198794e+01
9.407776595959926169e+01
9.383627889544649747e+01
9.371236263172497161e+01
9.346775580778218284e+01
9.330102010881708452e+01
9.316941633024590885e+01
9.300671639091542886e+01
9.285290357711583908e+01
9.279051523186608108e+01
9.257391301619637147e+01
9.241057163908452310e+01
9.238374959018476318e+01
9.213643681534972529e+01
9.206445414400846516e+01
9.194261311696769212e+01
9.187426588417515916e+01
9.168386214267542300e+01
9.163230863959989847e+01
9.146124007205071393e+01
9.129193880541821216e+01
9.107617659391021903e+01
9.091670657365666841e+01
9.072288893679977662e+01
9.051482318341486177e+01
9.030736891284134060e+01
9.016117094276901867e+01
9.004141501794339320e+01
8.979382106911040751e+01
8.967968372876384819e+01
8.948934340064681692e+01
8.932470587608011670e+01
8.916902881907718381e+01
8.892944115346817568e+01
8.879384422597513549e+01
8.862158140973699005e+01
8.848283841578698627e+01
8.831282415983375245e+01
8.813903956521997429e+01
8.802361346406706843e+01
8.789487064461079058e+01
8.771832334030118261e+01
8.762799937046750642e+01
8.748055920591556855e+01
8.725705098785670089e+01
8.713189027585917756e+01
8.703879709126674413e+01
8.681605589301337034e+01
8.670361125546816083e+01
8.656794293471263302e+01
8.639718223902218597e+01
8.627178373163887670e+01
8.614971305975863913e+01
8.594948776006512503e+01
8.592100407738621470e+01
8.581995078443011948e+01
8.568102661484375915e+01
8.556861613758289309e+01
8.541349618416157341e+01
8.530995805075745864e+01
8.514787914524166013e+01
8.496664082836750254e+01
8.486040402298749541e+01
8.471683196772356439e+01
8.459223813554699234e+01
8.447596892995940721e+01
8.428932869542778406e+01
8.413413846181332190e+01
8.398828102975674881e+01
8.379162626641291922e+01
8.362514971647190976e+01
8.347328671550491208e+01
8.334793954285532891e+01
8.315328618633382973e+01
8.304292044321114474e+01
8.289844211211182312e+01
8.277692133119211348e+01
8.270311859848833080e+01
8.249756756321518480e+01
8.237806497036748965e+01
8.227385840414071083e+01
8.210299470601582073e+01
8.195587295049055854e+01
8.177619648603209157e+01
8.174153091681741046e+01
8.162084500599800663e+01
8.148038608102073965e+01
8.134391169822117718e+01
8.122484007486349356e+01
8.115136582733781268e+01
8.106895044312921073e+01
8.095950249047190539e+01
8.087565716788040504e+01
8.086162501232466582e+01
8.082188736695940179e+01
8.071806099392482281e+01
8.067126166959970135e+01
8.065789323667955557e+01
8.055464996986806625e+01
8.052236647495260513e+01
8.043644770259804488e+01
8.039438046596703202e+01
8.029827196786682464e+01
8.027305754318996378e+01
8.024717733311204881e+01
8.013606165861237685e+01
8.013716914536909997e+01
8.013227738378851939e+01
8.008136828738278723e+01
8.004134982048014990e+01
7.998186289988096576e+01
7.995933862768202971e+01
7.995136614406726494e+01
7.982147101986156201e+01
7.978683496685242460e+01
7.976322312625518407e+01
7.968770122302726122e+01
7.955252228463588438e+01
7.948588503724417365e+01
7.934797378396270062e+01
7.923439387876095452e+01
7.910582286612397240e+01
7.894849542903179440e+01
7.882901809244185642e+01
7.873581854409491143e+01
7.857478895762605475e+01
7.849397831740716924e+01
7.841594697612678999e+01
7.827705217242373692e+01
7.808143048290332899e+01
7.810655570444212970e+01
7.806393985931077850e+01
7.793232133931469718e+01
7.791700852228447616e+01
7.780870643091230932e+01
7.776949187628598281e+01
7.770698558293138092e+01
7.764826564390524766e+01
7.761540494681977975e+01
7.756109759267120296e+01
7.745391474330179449e+01
7.741752782498323882e+01
7.737688106613290984e+01
7.727191161340300596e+01
7.719726500384909684e+01
7.719319660795065374e+01
7.717205041368931973e+01
7.709049931256363664e+01
7.710117401683375249e+01
7.697299444883637420e+01
7.688753845913898033e+01
7.682262583137516287e+01
7.669753743784444566e+01
7.664615950703344538e+01
7.654586484227787935e+01
7.638718663565487077e+01
7.622659383612230499e+01
7.614976116722446875e+01
7.607392278182472012e+01
7.600762769114179207e+01
7.595232651111683708e+01
7.578494498484894848e+01
7.574370489519645844e+01
7.567783279414341280e+01
7.552598606443434903e+01
7.550223720589286813e+01
7.537040876017391611e+01
7.529153952221997770e+01
7.523106861516239974e+01
7.519872759884475499e+01
7.506604293529072436e+01
7.500277458746559489e+01
7.502824799481571461e+01
7.490998839420242916e+01
7.481118311287121969e+01
7.466739262364230001e+01
7.464923293146964056e+01
7.450319646740524604e+01
7.437745061612280040e+01
7.435138081263596632e+01
7.419865911168288619e+01
7.411237487620833519e+01
7.399775589358375782e+01
7.387542122455531057e+01
7.383223219781031332e+01
7.379125419513718498e+01
7.372235664345431871e+01
7.368348913008517798e+01
7.362930569922734492e+01
7.347639313233321445e+01
7.350088211001585137e+01
7.350872032856632643e+01
7.346433605841285441e+01
7.344560052311297227e+01
7.339858684434405234e+01
7.335550732514889205e+01
7.328155786908934033e+01
7.322527338225459914e+01
7.317342676935882650e+01
7.306791866492925180e+01
7.298488678271213814e+01
7.292054677921211692e+01
7.288274921789049188e+01
7.283183705349280501e+01
7.274125682852351815e+01
7.272706675821811473e+01
7.257893777723079154e+01
7.254877955209991569e+01
7.246997399100411030e+01
7.238166185995027035e+01
7.227668503118225374e+01
7.225325011959068888e+01
7.214972944240972197e+01
7.204624618545993542e+01
7.195913364559750391e+01
7.184043429047463292e+01
7.175332829657796196e+01
7.167400420534555394e+01
7.154696905474655466e+01
7.143224003327875948e+01
7.126776191758912660e+01
7.114709033120135473e+01
7.108658235558011995e+01
7.099751128784988907e+01
7.082769761451903889e+01
7.074317558146914564e+01
7.063384937150365772e+01
7.053674112592115364e+01
7.045166175603891645e+01
7.032387700592212809e+01
7.024422175555065451e+01
7.009445683554686468e+01
6.998539089675331581e+01
6.993094030865944433e+01
6.980140208636765919e+01
6.975503796725378436e+01
6.958769956682873215e+01
6.951668861674912137e+01
6.938336597442534526e+01
6.931310483720359628e+01
6.926274016929903610e+01
6.921302903855965383e+01
6.914441135555564699e+01
6.903909936664007319e+01
6.897781629442806661e+01
6.896196398345571765e+01
6.886398657695103509e+01
6.882421147638038406e+01
6.875329276444249160e+01
6.867258419677439463e+01
6.862620720355674564e+01
6.861906619494243387e+01
6.853980183897112965e+01
6.849595646826317363e+01
6.842515119105101462e+01
6.834334675320164365e+01
6.832259175162707265e+01
6.827781090733908798e+01
6.823451641849288762e+01
6.817603622069589164e+01
6.813677898883268824e+01
6.809331322358201533e+01
6.798093163408665873e+01
6.793451367845183597e+01
6.783075620933502137e+01
6.773027364093769620e+01
6.763110793327516035e+01
6.751494050719274753e+01
6.745877723334670861e+01
6.738440442461241275e+01
6.729939094204632966e+01
6.722325385796936814e+01
6.710959680961234142e+01
6.704826021098773481e+01
6.701348685009011774e+01
6.697641969048470401e+01
6.692703949195258417e+01
6.691322344414665224e+01
6.681051877070294154e+01
6.674757613257854416e+01
6.669798765262029860e+01
6.667222880397653739e+01
6.666914984697781676e+01
6.653211962722382111e+01
6.650853499178597872e+01
6.646127021175973937e+01
6.639755433430109122e+01
6.637715831808220912e+01
6.637530451818852839e+01
6.636976320165722143e+01
6.628887119145562679e+01
6.628952776604347719e+01
6.627910537853138351e+01
6.625478158587793587e+01
6.627374269383443561e+01
6.620918936205401906e+01
6.606130119231772824e+01
6.599958391036697947e+01
6.600175312767275670e+01
6.598754898246346556e+01
6.602083144221130340e+01
6.603870848377285085e+01
6.595030086730946550e+01
6.593388527055604698e+01
6.589505337087909709e+01
6.593084408045625366e+01
6.587940301011180111e+01
6.582853129326332464e+01
6.579338487909025446e+01
6.575237833015465583e+01
6.563175801367145823e+01
6.558738667383173038e+01
6.556008040148202554e+01
6.548975895421183679e+01
6.542874192134225098e+01
6.532160348668251970e+01
6.528493010017501774e+01
6.519846687634347404e+01
6.515023043790138502e+01
6.507248979921564569e+01
6.502334902745776901e+01
6.498051555774098631e+01
6.492788944457876710e+01
6.482522860033152767e+01
6.476364715973973318e+01
6.470981566879046909e+01
6.470170129683071991e+01
6.467606110727717805e+01
6.460364095371436122e+01
6.451594521172046370e+01
6.446601059638979336e+01
6.450328197562004107e+01
6.444800127258916689e+01
6.434725461788758594e+01
6.429382089980978776e+01
6.424430718173911714e+01
6.414450901976759667e+01
6.407611647015920653e+01
6.402572075987801270e+01
6.398433052520795883e+01
6.392094994111402428e+01
6.386594797036899251e+01
6.377286043699201912e+01
6.369191379275695652e+01
6.364636869536454356e+01
6.360679957899996850e+01
6.350953547376403918e+01
6.339971057516157060e+01
6.330918565043961621e+01
6.322886009258157713e+01
6.312568343225249379e+01
6.308899823488831515e+01
6.304154516818660881e+01
6.295931112270896790e+01
6.292989206900896448e+01
6.285444641041519276e+01
6.281230414614420710e+01
6.271649081034289708e+01
6.261846420404189928e+01
6.253970756753043503e+01
6.246456177205143234e+01
6.240492133808642450e+01
6.236596918921591026e+01
6.230129540066952387e+01
6.224292636539964008e+01
6.221319791104826891e+01
6.215626181201315603e+01
6.209884326394357856e+01
6.211364271865046760e+01
6.209167999781411140e+01
6.204134702208224894e+01
6.202203334094347298e+01
6.202863158229835960e+01
6.198739412564970763e+01
6.197246610300910419e+01
6.187562924374543627e+01
6.182687203144352850e+01
6.175123434624815388e+01
6.170498030067064832e+01
6.164107785573420983e+01
6.163655281455869073e+01
6.162079348187555183e+01
6.156243265019385547e+01
6.149965512312980565e+01
6.144591954977548198e+01
6.143903130198583540e+01
6.145090993307463378e+01
6.141949213884548442e+01
6.136364250313536672e+01
6.130453234057078049e+01
6.124106294885112334e+01
6.116884673864900890e+01
6.115791566960076153e+01
6.116685384357939625e+01
6.110815022033967381e+01
6.111228845975900725e+01
6.106153935113118791e+01
6.112518396915019991e+01
6.111526131237395987e+01
6.112393078437888505e+01
6.108192890171364553e+01
6.107516668713457619e+01
6.112096628246663244e+01
6.106881614196652208e+01
6.106373022462418731e+01
6.111905589014552476e+01
6.117471591161640276e+01
6.115874954084775084e+01
6.113489419810288439e+01
6.111485611078717284e+01
6.113135049169330415e+01
6.111218433682844875e+01
6.113554581987020953e+01
6.118200434931659970e+01
6.115559214286933098e+01
6.117792037979312170e+01
6.117004170444005950e+01
6.116763802507812642e+01
6.116040519918851004e+01
6.116420985055280113e+01
6.113698387103207921e+01
6.114072375254348657e+01
6.111413553376583252e+01
6.113106440214770032e+01
6.101659487496003464e+01
6.107120414528933594e+01
6.107571694977945498e+01
6.107417360691690789e+01
6.110825914004274750e+01
6.104849477111572043e+01
6.098747948561482701e+01
6.087172190591483911e+01
6.081063571799368361e+01
6.076853165677696467e+01
6.070700908087010106e+01
6.064770313798202039e+01
6.056163431588306878e+01
6.046419379197477895e+01
6.044505678031011087e+01
6.037807396729010634e+01
6.032559938465713856e+01
6.028994039428090446e+01
6.026076652117013310e+01
6.021844782056930256e+01
6.017673763565779410e+01
6.013147540890481224e+01
6.008018979908330692e+01
6.000140758173336053e+01
5.994141421423408644e+01
5.988809859166404692e+01
5.982617358302167787e+01
5.972800403700679084e+01
5.969390612288805897e+01
5.953400210269323622e+01
5.947547182261204313e+01
5.946820299050074965e+01
5.940215571859874188e+01
5.937992744846453519e+01
5.932163732151085611e+01
5.924448158650119467e+01
5.922784340870455821e+01
5.913460086746782451e+01
5.906103040872309862e+01
5.903173529070690506e+01
5.896062484189297237e+01
5.891225151760784939e+01
5.882003856235502326e+01
5.875651910324744165e+01
5.865617258452800797e+01
5.860122195074584539e+01
5.864041672287928719e+01
5.854181320681448852e+01
5.855140539093375907e+01
5.852942776867715224e+01
5.844225373500634646e+01
5.845637456933453535e+01
5.839544820722202445e+01
5.842615674055032571e+01
5.836763305270218183e+01
5.834425053687782992e+01
5.827257560635640488e+01
5.822185517226832729e+01
5.818510687851023988e+01
5.819947840424421770e+01
5.817570353254021853e+01
5.808023743795681781e+01
5.803151707417887906e+01
5.795799259444144269e+01
5.792992496032950811e+01
5.794278322007431825e+01
5.796175302691238329e+01
5.792403800539491954e+01
5.783045008056718217e+01
5.777685659709945298e+01
5.773956539047543401e+01
5.770354459036997241e+01
5.766908317804836770e+01
5.755812598569610827e+01
5.748103638889674016e+01
5.743259429012540807e+01
5.734863067188101837e+01
5.733605657493467334e+01
5.730034395362370248e+01
5.724684153788302154e+01
5.721210721846150449e+01
5.714203253486501666e+01
5.711439636329100011e+01
5.709440212314524388e+01
5.708165251963401232e+01
5.703348058222992734e+01
5.694300728283941737e+01
5.691268282284714530e+01
5.687397213132126694e+01
5.687134486926015597e+01
5.687104559474287413e+01
5.683331878973270790e+01
5.677445872561663975e+01
5.669447372156395204e+01
5.664978994931124845e+01
5.660976576482433842e+01
5.660360479281806079e+01
5.657854426750296284e+01
5.651130160208200692e+01
5.649567156991064110e+01
5.643896077985677096e+01
5.640001431660535047e+01
5.639208553440224136e+01
5.630579719326241417e+01
5.629508321541365490e+01
5.622599781244284856e+01
5.621285037357293390e+01
5.619071272338948830e+01
5.621558188415511381e+01
5.618234217730395130e+01
5.614035990785556862e+01
5.614044438724288710e+01
5.609646763276276715e+01
5.606387836651397549e+01
5.600700363939286319e+01
5.601480807728118094e+01
5.601434600401260866e+01
5.605451857907809199e+01
5.602587138660449284e+01
5.598975330609741974e+01
5.591852699137624683e+01
5.593996567767477757e+01
5.593905488430124251e+01
5.596810057597998167e+01
5.595730269436707260e+01
5.596514663020238345e+01
5.590885076241910667e+01
5.592459718895744913e+01
5.597936737291480114e+01
5.603065034715783810e+01
5.600408502082738238e+01
5.600856592720761995e+01
5.600153550421703130e+01
5.602899986483772921e+01
5.607716767463666940e+01
5.605631738192004576e+01
5.603266593027347398e+01
5.597014381071248579e+01
5.596841487433148643e+01
5.591639171196863600e+01
5.594943341917351631e+01
5.590709601679208163e+01
5.588009682518681842e+01
5.580734884752633462e+01
5.575128969932687539e+01
5.573000642745078181e+01
5.573734669207154724e+01
5.571019384843130950e+01
5.571906529797576013e+01
5.567222688965438238e+01
5.567545615959978988e+01
5.563929005404304462e+01
5.564258652344776834e+01
5.562985061080059523e+01
5.563134699574855802e+01
5.560708243929752115e+01
5.556135634674886603e+01
5.556423279286567407e+01
5.553838150695532505e+01
5.551834495557579885e+01
5.550938882757576920e+01
5.547064265123136551e+01
5.552935192757133365e+01
5.550264938923278635e+01
5.547716619915935610e+01
5.547428553292834863e+01
5.539470500526893915e+01
5.538217058384514502e+01
5.540605972682458003e+01
5.540765717631113318e+01
5.542169712317831909e+01
5.538105307236440922e+01
5.540768818217722469e+01
5.539479264179755091e+01
5.543661673181004801e+01
5.543934075320788679e+01
5.541539969144518096e+01
5.539712635881272007e+01
5.543432133024334973e+01
5.548555987703446846e+01
5.546490538219445199e+01
5.547841579306420812e+01
5.545734856845435701e+01
5.544329402587887046e+01
5.546306513227011692e+01
5.552759394876779453e+01
5.549234271172115029e+01
5.547597827367051337e+01
5.543903950064071040e+01
5.536358329947465506e+01
5.529456009828570018e+01
5.531049082163912800e+01
5.530844246484197413e+01
5.527460749438927934e+01
5.526271363519261826e+01
5.521623071510440184e+01
5.519193071947034213e+01
5.520720144934937679e+01
5.524317097397813825e+01
5.520054881080373121e+01
5.520873873788212194e+01
5.513136478670189433e+01
5.508146180484979482e+01
5.514598711788898555e+01
5.516193150571501036e+01
5.517547140772003900e+01
5.506258998609042976e+01
5.498923811819143737e+01
5.490219676513080316e+01
5.484890685928294118e+01
5.484182013478560691e+01
5.480990589257293522e+01
5.471273108914214589e+01
5.466223588243369136e+01
5.457546502406579236e+01
5.451206578580439555e+01
5.438877343498991479e+01
5.435766584703814885e+01
5.432603305630436807e+01
5.425564562280545289e+01
5.420624565916935467e+01
5.413377026308251061e+01
5.407622122416995580e+01
5.399316686626375628e+01
5.387594274703359076e+01
5.382109687101903717e+01
5.370938793743826523e+01
5.366811255206916798e+01
5.361459918078553955e+01
5.349285143728011604e+01
5.340818403633848988e+01
5.333474289363747545e+01
5.331808106443958906e+01
5.325899608090391979e+01
5.319847972217830545e+01
5.312714314641409885e+01
5.304412328543809707e+01
5.296476120375977814e+01
5.295586328890794903e+01
5.286341229806512843e+01
5.283076549474291284e+01
5.278144187414891775e+01
5.276678206425864204e+01
5.277530523352122316e+01
5.277337400501991738e+01
5.272683283460982295e+01
5.267250068846417577e+01
5.265815586666295900e+01
5.264985239646657789e+01
5.263041044584449679e+01
5.265201219589076231e+01
5.259024817702179178e+01
5.251264609071041889e+01
5.249522475272714672e+01
5.249334160253333437e+01
5.249203867085513764e+01
5.247159317865171602e+01
5.243798732102040816e+01
5.237813159022771003e+01
5.237797858555451569e+01
5.238701948843085887e+01
5.236113557836585386e+01
5.231866880270298026e+01
5.223192048453592662e+01
5.221855836621480762e+01
5.216861869988716904e+01
5.219770685102108843e+01
5.219405300972032791e+01
5.218491661988205976e+01
5.214379133745065786e+01
5.204145223856887270e+01
5.202679748760925804e+01
5.198314650837990314e+01
5.197178546089487128e+01
5.196271303531955255e+01
5.186013094275799773e+01
5.178535024294900069e+01
5.171069689145484460e+01
5.170197095513274377e+01
5.165817336747011979e+01
5.164240630109680552e+01
5.158433836398963024e+01
5.150378771016086432e+01
5.148165102515751812e+01
5.142924940042252047e+01
5.146481935546023578e+01
5.144208955696569063e+01
5.138109495799781001e+01
5.131839525783711053e+01
5.129205488273714053e+01
5.128309355762459631e+01
5.131691629749902006e+01
5.132244380821725116e+01
5.132211826379663222e+01
5.130809383630474940e+01
5.131009837587508571e+01
5.133451136196811859e+01
5.130610354172524268e+01
5.127778021478057013e+01
5.122000196198609245e+01
5.117120378411009085e+01
5.121792143145885490e+01
5.118281667578154526e+01
5.118884270435068373e+01
5.114455755584312158e+01
5.112999471184247824e+01
5.106840965980858726e+01
5.104914598538077541e+01
5.102132783564258034e+01
5.094035631844166545e+01
5.092142199867659258e+01
5.085869187992506824e+01
5.083908445034461465e+01
5.078976420729466668e+01
5.078124559771716662e+01
5.076709224244408603e+01
5.077849347704021454e+01
5.074400032070872157e+01
5.068940572832077862e+01
5.069445160525339844e+01
5.070769266278099252e+01
5.064860909975340064e+01
5.066116463979179940e+01
5.065924650304499011e+01
5.063694739492014918e+01
5.066717771086215549e+01
5.065362119455712531e+01
5.068720530199043139e+01
5.071646109141206438e+01
5.072346616425209476e+01
5.071085541297883736e+01
5.065458478900211503e+01
5.060735557652135697e+01
5.056694160863983001e+01
5.056710082775298787e+01
5.061876241265565568e+01
5.056910381040705005e+01
5.056160696336455374e+01
5.055262448292275934e+01
5.055806773983119484e+01
5.051925779108600523e+01
5.052575335616626262e+01
5.053070577374248273e+01
5.050119203918710298e+01
5.044478142807271581e+01
5.042465691923294457e+01
5.034235652860966326e+01
5.035778735002794804e+01
5.035527286881997355e+01
5.036222617851935013e+01
5.035453834709384324e+01
5.031570035596053003e+01
5.025200877175362280e+01
5.027808441072357226e+01
5.031071481793289735e+01
5.028007592736839371e+01
5.025279230074367831e+01
5.020756478299612269e+01
5.014897053144326122e+01
5.015924685663465965e+01
5.014668100167943265e+01
5.017405673189254856e+01
5.011300472854171772e+01
5.007884755662107068e+01
5.003909607584672159e+01
5.004696892571742950e+01
5.002663972335879805e+01
4.998895889288972683e+01
4.991910590381520763e+01
4.984735232465469323e+01
4.978633603428680487e+01
4.982002317747387110e+01
4.977491674837073532e+01
4.974398060063498406e+01
4.971685804882580584e+01
4.964227835157988977e+01
4.963746178561495981e+01
4.962076706795975412e+01
4.966299917539009812e+01
4.965779230391407140e+01
4.960591369020695396e+01
4.955015971284454679e+01
4.954408501577824353e+01
4.953196827002687996e+01
4.954843521779293525e+01
4.955004761381503897e+01
4.949500600590404531e+01
4.947015507421261304e+01
4.946697792164184904e+01
4.950128492415448278e+01
4.944740601720732798e+01
4.941661915646372449e+01
4.938688900428302020e+01
4.935028116169458912e+01
4.933154928764329128e+01
4.931821480878208774e+01
4.927421034700867608e+01
4.920269534878697471e+01
4.918124355169750572e+01
4.914958668013284893e+01
4.912290535736634922e+01
4.907246228783709796e+01
4.905749839289774172e+01
4.899790665093752295e+01
4.897788478106252086e+01
4.894806380523866807e+01
4.895187724974449850e+01
4.893516633375436697e+01
4.889035864280665322e+01
4.885266730742224439e+01
4.888265478630927419e+01
4.890495787893715374e+01
4.890830223646104713e+01
4.885343905422027433e+01
4.879677875195586978e+01
4.878532670298951501e+01
4.878714510362342338e+01
4.875207050396878117e+01
4.874667058459715463e+01
4.868251123191063812e+01
4.863513562504564902e+01
4.861821280204311080e+01
4.855802274817542497e+01
4.855899988886091734e+01
4.852386076551911742e+01
4.848877443036395363e+01
4.840714607067998543e+01
4.840789933752312635e+01
4.836283025863488660e+01
4.831542327599094477e+01
4.829601665831471280e+01
4.825506527403071289e+01
4.828325622453167654e+01
4.823525957329108849e+01
4.827755477484116398e+01
4.825851847297614228e+01
4.825952945777456193e+01
4.828716114464023690e+01
4.830350840404813084e+01
4.828685132873164321e+01
4.828765241297283950e+01
4.823439451757979413e+01
4.819227629389061462e+01
4.819690473356027383e+01
4.820048853948458856e+01
4.814709519178660457e+01
4.810443803065315649e+01
4.806230480133710614e+01
4.800860923602455443e+01
4.799296428927433311e+01
4.795497897275706123e+01
4.790216486595672762e+01
4.784032767582895218e+01
4.776015469129977475e+01
4.773678952615401982e+01
4.772233637477945223e+01
4.773178334467840500e+01
4.767971025933338325e+01
4.762058446067509720e+01
4.757298861655478817e+01
4.752270119214151123e+01
4.752811570923590523e+01
4.749022040717724025e+01
4.742417664682460554e+01
4.736360349626038868e+01
4.729575086470491385e+01
4.730058862365152805e+01
4.729980061737931152e+01
4.726721426978278373e+01
4.726036503116367271e+01
4.720070992181040026e+01
4.714131828210058472e+01
4.716167256308325051e+01
4.714786679332755170e+01
4.717568492954663384e+01
4.716841416003123300e+01
4.715791417104150440e+01
4.713693453420791712e+01
4.713960106551611773e+01
4.720816954914715780e+01
4.719110839881308550e+01
4.715218725392370658e+01
4.708660559063445561e+01
4.705533122596684592e+01
4.704546735602806251e+01
4.706916458781407897e+01
4.701935149564523897e+01
4.696286951713551616e+01
4.700962575923738740e+01
4.697546322873822788e+01
4.696215185714233087e+01
4.698730793161783481e+01
4.693760844849823854e+01
4.696984063152099509e+01
4.696904789009322911e+01
4.697595224677773729e+01
4.697941104130708823e+01
4.699010540346363030e+01
4.700819610602506060e+01
4.704190779158459179e+01
4.705681971624674986e+01
4.701089759968115800e+01
4.699729590581471683e+01
4.699476829334743400e+01
4.702199006613378174e+01
4.708373829350212247e+01
4.700880859873066697e+01
4.696614056550642147e+01
4.688758618465148231e+01
4.693168103529630741e+01
4.694367262860409795e+01
4.699581221343701287e+01
4.695342163087840248e+01
4.690576990423652148e+01
4.688749015165625167e+01
4.697219737745261625e+01
4.701926423794353838e+01
4.703908528064494021e+01
4.699051975820290039e+01
4.695484285620560883e+01
4.697824416462776043e+01
4.703804272626204863e+01
4.702876203362431085e+01
4.705136838185504899e+01
4.700683561602964033e+01
4.699622955078521613e+01
4.696950720186495687e+01
4.700253442381299607e+01
4.694072804808949684e+01
4.694954064296256036e+01
4.687866433664677857e+01
4.686367502416471353e+01
4.686983912646959993e+01
4.684264175811338049e+01
4.679958136453692674e+01
4.677222299605274003e+01
4.673343928375047085e+01
4.667199184244284282e+01
4.668367131719629270e+01
4.671680064067819416e+01
4.670443373180838620e+01
4.670905743698183699e+01
4.673724656433731894e+01
4.674442601081729975e+01
4.676314344144131496e+01
4.677219347903292856e+01
4.675237922624561548e+01
4.672689610604270882e+01
4.672606743562280229e+01
4.671646040790813004e+01
4.671279783361671178e+01
4.671188654563312781e+01
4.668288612701516627e+01
4.675008569164456418e+01
4.679645099984956147e+01
4.681651182584793958e+01
4.684332698536150730e+01
4.681427084783339865e+01
4.684929668211260889e+01
4.681717874438977134e+01
4.682368203541375351e+01
4.676176735388188632e+01
4.674708352153215429e+01
4.674495853269629464e+01
4.672086377720532369e+01
4.671349955946629251e+01
4.669027812968314350e+01
4.662442032824793614e+01
4.662600706279144447e+01
4.663034643057910245e+01
4.664509163026016836e+01
4.662141841019980149e+01
4.658625716667224026e+01
4.652718581350363536e+01
4.651254528713703706e+01
4.648201174092939425e+01
4.647549054405313740e+01
4.648192102663517034e+01
4.640628144859186932e+01
4.635679983334796361e+01
4.636711125641608788e+01
4.632714709616026738e+01
4.629299969970870876e+01
4.626371667109546593e+01
4.621663439664285988e+01
4.616555683380356356e+01
4.615072250549513910e+01
4.618207540536803180e+01
4.618584632266031775e+01
4.622008155497789517e+01
4.621074301632354064e+01
4.620611341116207171e+01
4.620616792522884708e+01
4.622534032883549315e+01
4.620179189570528422e+01
4.621483667486543112e+01
4.626682585313002960e+01
4.623069019278069192e+01
4.623057671032878346e+01
4.621969436082161309e+01
4.624876881193752354e+01
4.626286918538669113e+01
4.628166542856244092e+01
4.626115823589933740e+01
4.623945840555289521e+01
4.624741079880541150e+01
4.628374185995215129e+01
4.628398716907501864e+01
4.632966463715091265e+01
4.628957120903673683e+01
4.627432843389727424e+01
4.625168302947113119e+01
4.621273555607653805e+01
4.617838103140641692e+01
4.613684079224069734e+01
4.615013445403498338e+01
4.611564836887061603e+01
4.609511958775394191e+01
4.609531286203360878e+01
4.608367614873100848e+01
4.602145931892005848e+01
4.600973607859649661e+01
4.595489514674843434e+01
4.592410526680060912e+01
4.595573887672065183e+01
4.593051372919228470e+01
4.590645310701076909e+01
4.590311237139849254e+01
4.585585616653630581e+01
4.586498712504639741e+01
4.582323774218865964e+01
4.580341619293454869e+01
4.577569463319508714e+01
4.574991451485747262e+01
4.569748083967629526e+01
4.563887615787419350e+01
4.562354199192805027e+01
4.557227267034103591e+01
4.554899654657940999e+01
4.547150181545768532e+01
4.543540488092937579e+01
4.539858896527898224e+01
4.540815683964583371e+01
4.537257461010113957e+01
