1.427337773214370600e+02
1.268313726879020180e+02
1.356331282282485517e+02
1.409596538679678588e+02
1.418222865582736461e+02
1.422289356675504450e+02
1.428219868701060875e+02
1.407098554731547324e+02
1.343634047425845779e+02
1.384325204136141565e+02
1.314365805516223702e+02
1.270731366293553037e+02
1.195018237113488908e+02
1.221501339414141682e+02
1.137503580863374282e+02
1.182759145121820978e+02
1.250027155152435370e+02
1.198082809921075125e+02
1.218809530260482319e+02
1.273916893881148980e+02
1.267345515225108272e+02
1.214158568642606042e+02
1.181124447441445398e+02
1.145762647026539867e+02
1.193784345306752641e+02
1.209115952085890484e+02
1.164673684350226353e+02
1.187628113484865224e+02
1.235454644758202249e+02
1.263434322851020397e+02
1.206218138318434825e+02
1.167280787995961333e+02
1.131935202513058414e+02
1.154410021078463160e+02
1.173975189191233426e+02
1.158261370779061252e+02
1.127865276746187249e+02
1.110153726694409073e+02
1.072571100095550634e+02
1.068073654299158193e+02
1.092398808774244401e+02
1.004295829108842497e+02
9.965491460038801108e+01
1.069256472635237998e+02
1.048914840269893318e+02
1.050730893292366801e+02
1.051291514270356089e+02
1.107268305489569968e+02
1.121325220321159861e+02
1.099680759135823678e+02
1.155133043030202771e+02
1.141281473058141955e+02
1.144017796350859726e+02
1.097261376370736627e+02
1.052582440249328073e+02
1.014316866590094008e+02
1.016733279638064715e+02
1.033221435435220172e+02
9.744983726867373264e+01
1.003461042756699442e+02
9.444252409285905969e+01
9.545500239370321083e+01
1.010486878845157435e+02
1.001060917332214331e+02
1.010350136940309085e+02
1.026239574378266752e+02
1.002525013298973136e+02
9.612536180608375957e+01
9.729286270985836893e+01
1.012270093508806923e+02
1.010802587844866594e+02
9.941289027535181333e+01
1.013414969912173547e+02
9.990696899250059460e+01
9.439547503678535634e+01
9.467607636307999996e+01
9.012799191365907348e+01
9.152753766242862810e+01
9.417473241274598195e+01
8.564379254731939284e+01
8.664749112961071376e+01
8.626185512665273336e+01
8.621730177558609398e+01
8.583602122965797321e+01
9.030508925487147565e+01
9.015340605928058437e+01
9.126184070077172805e+01
8.777959230060866958e+01
8.774417712826610227e+01
8.517352858132517213e+01
8.705409059060151833e+01
8.812087556148934198e+01
8.861511594993258711e+01
8.449046379332149570e+01
7.769388493312398225e+01
8.351397849537525531e+01
8.819625581396407199e+01
8.706359201832960082e+01
9.030998387004980543e+01
8.559435620944192635e+01
8.319720916180672532e+01
8.779414256085608770e+01
8.216566455960995086e+01
7.795540500289155261e+01
7.915049882245970991e+01
8.214691730075487897e+01
8.277818773979414857e+01
7.447914738121004063e+01
7.734844149272470304e+01
7.828846313312952532e+01
7.941632753520315191e+01
7.511721430898307972e+01
8.083397451469821249e+01
8.542891975425293083e+01
8.420830785896751536e+01
8.144494531651267266e+01
8.224715573375827660e+01
7.974968956611606075e+01
8.329526164067050331e+01
8.596499643815822367e+01
8.109540437187750683e+01
8.166817530199398334e+01
8.405330390386268391e+01
8.126455415904801782e+01
7.711454370258131519e+01
7.564347193493298960e+01
7.200252405664019761e+01
7.192230424050632109e+01
7.520628884030175243e+01
7.392387405666177358e+01
6.798960872777186637e+01
6.985190242647784942e+01
7.162483068733091329e+01
6.986327043515365176e+01
7.014023748680419601e+01
7.414457845560187366e+01
7.134058600013682394e+01
7.339582729483187507e+01
6.834613391623494749e+01
6.684766894505851553e+01
7.054527557434644791e+01
7.333050567314545276e+01
7.376876298688752343e+01
7.471648501649039531e+01
7.809714428685562382e+01
7.302441278658349688e+01
6.904253283051126289e+01
7.193377459897880044e+01
7.366686895644618005e+01
7.930049651710656633e+01
7.579838335497299795e+01
7.213067763203930838e+01
6.720274475839491402e+01
6.953054001245919835e+01
7.192027424214442988e+01
7.296234232833090516e+01
7.274494869967095667e+01
8.094166258559393157e+01
7.747481648200714233e+01
7.563740679775091280e+01
7.004883225242345191e+01
7.251511268619685779e+01
7.394113527960718102e+01
7.562397066945992208e+01
8.252976924539538572e+01
7.905842066149888581e+01
8.158574488684899961e+01
8.045103649555287006e+01
7.558103625445501450e+01
7.458975310224191446e+01
7.424450694961841180e+01
7.139861360851051586e+01
7.159536978819426167e+01
7.735836659458766462e+01
8.323496798050719292e+01
8.327096281658307930e+01
8.337769161310737331e+01
7.733471507359502084e+01
7.807619579420271805e+01
7.754396975647183865e+01
7.881026043273990922e+01
7.220304844111889508e+01
7.424259081672877869e+01
8.003510168470808139e+01
7.415280776343394109e+01
7.545342290533123730e+01
7.479353412329845696e+01
7.893241127834384940e+01
7.101048409135933071e+01
6.820856543173172781e+01
6.872375930438481362e+01
7.000751827635632196e+01
7.227773921762219800e+01
7.181033135413007074e+01
7.249844645759779382e+01
6.810578537316833092e+01
7.227571254297423309e+01
7.249038893361606029e+01
7.349654757550189288e+01
7.638589806556993267e+01
7.517438589756753231e+01
7.825750635039145209e+01
8.210778565858718991e+01
7.688523492680417348e+01
8.154429335040092042e+01
7.712545341110853769e+01
7.422570993636452386e+01
7.434071053393893180e+01
6.909665711827518919e+01
7.023093534394922699e+01
6.837573710174055464e+01
6.599815551961771121e+01
6.754795098299305778e+01
6.391984185073541624e+01
6.563044285579526615e+01
6.428745590763108453e+01
6.963262338099134752e+01
7.043989364613319992e+01
7.083969328643995311e+01
6.583096119659695944e+01
7.318562386441753631e+01
6.600440921307276199e+01
6.879008741796454274e+01
6.537323735638069877e+01
6.596810499982908027e+01
6.357299161208987215e+01
6.606389521235296058e+01
6.541774655374494785e+01
6.650708544546084511e+01
6.834628784472063501e+01
6.318460492494318714e+01
6.215114058208565950e+01
6.747626982981068977e+01
6.631140858763043866e+01
6.264197707338978915e+01
5.765642306157462826e+01
6.586009835899119480e+01
5.723769061108659884e+01
5.958378071072366566e+01
6.081449623434711071e+01
6.257493352997931879e+01
6.424904977992895283e+01
6.085250989144797984e+01
6.360670961709868720e+01
6.205611773156117295e+01
6.704327596139184209e+01
6.625490035598305383e+01
6.192978470180295147e+01
6.474274095168657084e+01
5.987001173464985015e+01
6.063438594424518158e+01
6.516383784326878015e+01
6.590544623922008327e+01
6.629775817800621951e+01
6.545815845622648510e+01
6.592753268007236045e+01
6.906821061782676452e+01
6.660366911056131300e+01
6.908709786596034519e+01
6.841955797812651952e+01
6.900305200709007636e+01
7.381619141546832452e+01
6.942994513117400857e+01
6.318395803845615433e+01
6.343876516973729451e+01
6.766141497312383990e+01
7.009445879797470980e+01
7.265246993025691324e+01
7.222552665077969891e+01
6.492005486224833533e+01
6.943637387358140245e+01
6.682171640455570127e+01
6.257849381211533313e+01
6.574123882436377642e+01
6.814731158427764512e+01
6.900832040563025771e+01
6.833628370718886913e+01
6.750120202280567128e+01
6.565983951157552667e+01
6.464412406824057200e+01
6.633749433797295580e+01
7.363415003155381555e+01
6.931441267453132582e+01
7.412803546115110009e+01
7.112055399818319756e+01
7.429538527597732411e+01
7.263643668385307706e+01
7.224435587444241946e+01
6.814589634880580604e+01
7.175969106869848702e+01
7.443931150226190141e+01
7.923206652179007392e+01
6.913770495011374351e+01
6.556180302744915878e+01
6.224951296160577385e+01
6.098436906669660829e+01
5.543184318767639951e+01
5.646621823262980655e+01
5.345544807716508018e+01
5.111511505466135219e+01
5.663969285017189037e+01
5.565717298253505163e+01
5.728580049627311155e+01
6.139572326860650264e+01
6.108218607165098746e+01
6.783273657894410746e+01
6.209768182358509847e+01
6.082428348303098886e+01
6.270291385677948170e+01
6.224174764161580953e+01
5.772443016739496358e+01
6.054657939972496195e+01
6.799552347024790322e+01
5.966452465468110233e+01
5.650261740130983412e+01
5.631045791181112747e+01
5.533012118659852518e+01
5.443493233024244660e+01
5.505451280752627241e+01
5.727197010540130151e+01
5.597230607131307067e+01
5.735679693147319824e+01
5.898746412472513612e+01
5.994162470028150125e+01
6.455507137969735254e+01
5.971045438263794125e+01
5.712445528243345905e+01
5.695231443016022155e+01
6.194665481157171882e+01
6.177786540758004463e+01
6.028971841058370273e+01
6.473704414020309628e+01
6.565943428717191921e+01
6.634976291528418813e+01
6.254940236250838126e+01
5.737259848978245458e+01
6.214991106889628014e+01
5.791281297733662825e+01
5.831385338715973887e+01
6.502949304040643597e+01
6.650108071823331102e+01
6.453652222512570802e+01
6.733301633847094081e+01
6.730273016157927657e+01
6.194972722932195097e+01
6.262728958345965680e+01
5.970867536593031133e+01
5.604101200747049916e+01
5.279540396122647650e+01
5.318849212810245319e+01
5.237800948020716874e+01
5.293838278807847786e+01
5.208975616488259419e+01
5.352016713400023917e+01
5.245192340403783504e+01
5.393439425395305875e+01
5.381469195452618948e+01
5.624900791530219379e+01
6.030467269770697669e+01
5.902957385301986193e+01
6.134550337010204402e+01
5.745348273753101864e+01
5.692292941363616876e+01
5.443192180476519582e+01
5.495509302121145367e+01
5.827891847860740882e+01
5.871612546400118049e+01
5.144404371790495389e+01
5.456525651829337420e+01
5.062367027675934850e+01
5.031619288577887517e+01
5.366092545640778866e+01
5.125412370223976666e+01
5.007013338600770425e+01
4.770360590692845904e+01
4.828701578827864438e+01
5.097087066516876064e+01
5.085461913593893257e+01
5.230117533507037564e+01
5.229066009164191797e+01
5.097128371797860069e+01
5.017316435144734754e+01
4.689628481081987843e+01
4.625536447372218163e+01
4.483685693253973170e+01
4.463784262969722505e+01
4.548243998826590229e+01
4.502541774556345189e+01
4.434057052280383004e+01
4.824205094658027804e+01
5.120840322992556537e+01
4.855276073097808620e+01
5.062938325575218101e+01
4.918797541535375473e+01
5.014303021632312607e+01
4.900152972907614668e+01
4.713316093771127413e+01
4.861701694163411247e+01
4.993714107188161933e+01
5.167532753643047272e+01
5.233174175130285022e+01
5.013193858942270964e+01
5.102020780160336244e+01
5.453184632243748808e+01
5.821518497857955055e+01
5.916837636265128708e+01
6.270499725871962227e+01
5.401244888720328419e+01
5.678436972117410164e+01
5.469061642635852394e+01
5.597483196849784548e+01
5.295133105647876448e+01
5.542421093329390658e+01
5.420496530267889312e+01
5.487420295939745074e+01
5.776339071102523093e+01
6.103967631727657306e+01
6.134991058825358579e+01
5.875148459094609166e+01
5.898476292610754967e+01
6.167459623127414403e+01
5.393628027232566780e+01
4.752654092024696553e+01
5.063446371617827424e+01
5.547122243334401048e+01
5.002386799099001280e+01
4.727992483659635781e+01
4.618457665264521239e+01
4.463639028662532837e+01
4.446111511705202446e+01
4.862372613432306423e+01
5.444541746011545769e+01
4.885867731397928537e+01
5.048903881634954161e+01
5.101185034170732280e+01
5.091006138670380210e+01
5.246111055575876492e+01
5.324820540715531791e+01
5.145285809713695357e+01
4.688537830720737531e+01
4.738972771926970751e+01
5.149129197305983752e+01
5.566589516886347155e+01
5.667566709588687957e+01
5.324181782130114016e+01
5.306203497444202810e+01
5.008856942753315877e+01
5.108515102246040840e+01
5.244473566774912854e+01
5.517191060395290947e+01
5.269661964841309754e+01
5.445136146260323784e+01
5.225295710373391245e+01
5.100933388194047780e+01
4.943506885042005905e+01
5.221071304463538354e+01
5.414043863844288040e+01
5.108883905705716444e+01
5.437193275646199453e+01
5.154074261252261380e+01
4.886894678636386402e+01
4.562836266347010650e+01
4.486104431497305001e+01
4.618231566189779613e+01
4.383080163676651608e+01
4.505573891737032000e+01
4.810774354175579504e+01
5.072617546419825629e+01
5.200594793682249417e+01
5.220055655663104233e+01
4.946282510795660414e+01
4.253283446106083687e+01
4.490178116920127138e+01
4.653250111392758015e+01
5.010926416145090201e+01
4.950696143883610034e+01
5.185770608760838485e+01
5.233012664440090589e+01
5.590163720050750840e+01
5.874670583339064933e+01
5.815194455181123345e+01
5.691632323032489893e+01
6.202778710953754171e+01
5.724143587448552495e+01
5.517657569519138860e+01
5.501990031658109359e+01
5.699366511191943374e+01
5.448498549023035054e+01
5.394709755714476529e+01
5.185102005577921602e+01
5.200589118895062057e+01
5.448975460221696920e+01
5.655160391839194034e+01
5.663654213672672455e+01
5.875415968141107470e+01
5.864980660275553248e+01
5.750884899902775516e+01
5.120970911415730598e+01
4.953422805999917955e+01
4.648391226365338724e+01
4.470552546995219956e+01
4.466652433924201659e+01
4.669086511836913900e+01
4.613012306693202191e+01
5.048110716258351971e+01
5.305127374538020746e+01
4.734397881740265746e+01
4.409803963990094644e+01
4.722873228899865694e+01
4.841053392543474132e+01
4.642800665563150631e+01
4.927834030036891022e+01
5.403020373845855318e+01
5.103244662165261758e+01
5.287599123566565140e+01
5.578247391817794920e+01
6.008884730269572572e+01
6.085444925096410174e+01
5.919150338789756916e+01
6.260566969148539584e+01
6.073793681708667691e+01
6.096065684450000077e+01
5.800773394457223020e+01
5.613753686149924960e+01
5.208600267253751781e+01
5.548431380806015767e+01
5.554721469779416054e+01
6.090764516736893341e+01
6.175274161590611754e+01
5.748125845059170302e+01
6.420100814280078794e+01
6.019506371213440588e+01
5.449622193299823181e+01
5.199611507817112255e+01
5.379086457875985872e+01
5.224769086702585952e+01
5.229381731643383091e+01
5.271335284428943169e+01
4.956231374351732910e+01
4.940016249308149554e+01
4.490592841282010284e+01
4.956328329186217019e+01
5.367444549192492076e+01
5.293871175549949015e+01
4.953589295736394149e+01
5.053529458199741242e+01
5.040777604034087744e+01
5.025761384118897723e+01
5.134865450454636715e+01
4.763010739698675167e+01
5.160400320684721009e+01
5.496672978287035960e+01
5.421133644650781491e+01
5.186020233215778319e+01
5.160289266513005657e+01
5.210604817674031608e+01
5.296009487549883232e+01
5.513028224809860944e+01
5.462969397521592185e+01
5.405124925457450757e+01
4.939808393453841973e+01
5.320652420990425924e+01
5.276440859576957365e+01
5.365080305382656434e+01
5.401746140533605711e+01
5.537147953060081562e+01
5.082341116072320375e+01
5.361315002900029469e+01
5.565856163464155060e+01
5.375215582056971897e+01
5.096483272359678551e+01
5.061227364727103861e+01
5.552090869217872893e+01
5.510740970691787766e+01
4.899307873242337763e+01
4.912559628864431005e+01
4.597740294757751656e+01
4.914168828917209453e+01
4.849533832092649988e+01
4.777117413230750032e+01
4.886928265670790950e+01
5.112999228581303157e+01
4.584204733570543766e+01
4.430352168646624023e+01
4.703103009309137406e+01
3.770916954384374264e+01
3.876191705865747394e+01
4.303892269210120958e+01
4.445480388716628539e+01
4.713441078851646893e+01
5.343108471260599401e+01
5.292181756752102473e+01
5.197144181961271414e+01
4.796789693614537242e+01
4.946010282518645340e+01
4.513428304249287493e+01
4.609378825132311164e+01
4.551930986952903169e+01
4.103071744967112977e+01
4.139831008574540050e+01
3.594392913221956576e+01
4.583381581210480959e+01
4.702759457056245651e+01
4.139047405388947709e+01
4.660446359913163406e+01
4.460563220613200741e+01
3.880507317914134546e+01
3.621324491770067766e+01
3.752973993925861862e+01
4.109296247913316336e+01
3.745271672691406195e+01
3.565413647089250304e+01
3.645711179491446785e+01
3.612246565553059696e+01
3.673378618112931093e+01
3.913497510317592543e+01
4.050232679811407621e+01
3.793142029982524832e+01
3.944871139960561379e+01
3.795396390016026089e+01
3.624676190691134536e+01
3.882598631195626382e+01
3.839497265376969892e+01
3.654982157653106611e+01
3.838218845674010282e+01
3.699330028345103472e+01
3.598087242446161582e+01
3.557871425313557978e+01
3.622440933221845683e+01
3.720133835211883166e+01
3.666546163758429344e+01
4.721293481706384654e+01
4.482363100770579223e+01
4.727102126154079542e+01
4.551389542513991415e+01
4.390750101071575529e+01
4.336897855343616470e+01
3.995077830883379022e+01
3.732465976767775828e+01
3.725334702635201722e+01
3.908174943325237649e+01
3.498615679169267878e+01
3.407605162740563287e+01
3.259769021991449023e+01
3.318442663696897199e+01
3.153316851120441555e+01
2.965797680592627117e+01
2.964717386691392065e+01
3.185414303142373882e+01
3.097566847849460814e+01
3.279234859835828786e+01
2.961656936828339681e+01
3.002100143023549350e+01
3.061788214091927074e+01
3.289371611801886530e+01
3.725430558264007175e+01
4.215770158951098523e+01
3.755789965072150949e+01
3.636276036490733077e+01
3.448804691058494853e+01
3.615051642839060975e+01
3.196940146403639460e+01
3.395893255326336657e+01
3.729961890277216696e+01
3.553015518534517980e+01
3.487281754483296936e+01
3.706922673361808052e+01
3.519985773683436037e+01
3.564597655543569488e+01
3.333084827672930572e+01
3.576515842061919415e+01
3.706242808055895210e+01
3.725130753633833791e+01
3.587122352026451466e+01
3.218877905205926027e+01
3.374365450512433995e+01
3.612639277347113875e+01
3.437120205899518055e+01
3.182735709129850932e+01
3.411167765600542623e+01
3.263494916802120827e+01
3.230614230083594407e+01
2.989718241109497399e+01
3.380844392787567187e+01
3.697275312873481568e+01
3.604434789995016075e+01
3.387397071728381803e+01
3.384217840794248389e+01
3.180090176911735256e+01
3.198480554382681262e+01
3.012782667388417224e+01
2.775450366808454206e+01
2.945704662606992486e+01
2.883862753668730861e+01
2.925647356356094164e+01
3.149953243002762804e+01
3.064418477520025164e+01
2.750976613880918720e+01
2.793759841849104930e+01
2.913136380331124897e+01
3.008283778035540834e+01
2.976137165669235074e+01
3.049450932926713165e+01
2.962227159373346908e+01
2.812015787060073180e+01
2.795717512072950939e+01
2.923659227908906644e+01
2.812675820828141937e+01
2.892242776330323650e+01
2.655041474029054882e+01
2.430886619874429755e+01
2.581082259968436432e+01
2.397549078091091701e+01
2.534306283804983195e+01
2.465669409247284705e+01
2.501257672878202598e+01
2.344224633137862668e+01
2.435141231909908299e+01
2.575617021826220210e+01
2.654460904741897664e+01
2.721783057892540825e+01
2.660333844758946498e+01
2.708361726931837410e+01
2.862409064562079664e+01
2.669443996576479350e+01
2.489301281588808124e+01
2.527417799811130905e+01
2.881644496908344522e+01
3.159362896066024717e+01
3.348169887603638983e+01
3.132311432845785149e+01
3.388853988898390668e+01
3.321906629886504447e+01
3.322025352951608568e+01
3.192242253278922703e+01
3.254419516666088441e+01
3.688846573071547397e+01
3.471509097351372475e+01
3.226333618727725394e+01
3.343660131449637873e+01
3.483861058723805826e+01
2.975910061736630752e+01
3.431963597811787992e+01
3.400958300170604787e+01
3.125499804851761354e+01
3.045642551881154603e+01
2.659027307019055186e+01
2.695089195496025880e+01
2.698667389173640530e+01
2.689789876598038987e+01
2.856053111662255972e+01
2.958253762773695428e+01
3.125746233906372495e+01
3.138880197255574700e+01
2.945269966218930691e+01
3.056600358281409413e+01
2.588385752846244614e+01
2.568908535015006578e+01
2.610245586125711625e+01
2.664218335193145748e+01
2.736250391980057728e+01
2.519833319370034275e+01
2.626034410010314346e+01
2.572690271505905102e+01
2.713553471806523376e+01
2.894678454836394721e+01
2.912775131131792961e+01
2.975900414294584451e+01
3.043753090377757076e+01
2.929146077934572290e+01
2.964850562372223663e+01
2.958052341960447151e+01
2.965406585580411658e+01
2.902058066320091001e+01
2.778445337583860564e+01
2.823131056306295861e+01
2.894767318069726159e+01
2.663266606697580841e+01
2.919373049339827020e+01
2.875979696547981490e+01
2.594210647785132906e+01
2.563078109081036260e+01
2.881709174424188191e+01
2.561057387945668751e+01
2.562077205253302736e+01
2.588282661987285493e+01
2.506293189518461517e+01
2.708297462938357825e+01
2.379759994238981946e+01
2.285491625299081164e+01
2.610582868808442925e+01
2.513798642283324725e+01
3.302800558781814999e+01
2.495037153958266885e+01
2.447437751035753806e+01
2.472103141063245246e+01
2.662090640546782794e+01
2.882326896017313445e+01
2.688557020811372666e+01
2.936675386473692129e+01
2.614762891191732663e+01
2.666401797358342662e+01
2.924257980984388183e+01
2.971132300323737141e+01
2.702323612380163453e+01
2.607000040382546757e+01
2.497773318656361852e+01
2.817225593603873435e+01
2.775133019553282665e+01
2.724257362585309394e+01
2.461810847967120353e+01
2.556659637147910402e+01
2.472429350080992805e+01
2.632925350517313845e+01
2.542453157977245937e+01
2.745993616930878645e+01
2.632842314889456503e+01
2.550971302794973639e+01
2.723738771139004200e+01
2.865298346515805505e+01
2.897018236685558179e+01
3.003971173146434026e+01
3.006000477619275912e+01
2.835834184395682200e+01
3.056560894361942360e+01
3.171312942567592685e+01
3.077519856477788807e+01
3.077307086458648655e+01
2.878081039377745398e+01
3.218136878360304820e+01
3.397801844938624072e+01
3.010868728874111966e+01
3.039151413652000500e+01
3.240649181049722216e+01
2.888935452843114504e+01
2.821828456976920663e+01
2.910490679949812431e+01
2.990542764222665184e+01
3.140965423597060635e+01
2.924405969869499700e+01
3.082736657073007436e+01
2.791841711146736671e+01
2.973674434814371281e+01
3.166096018269193380e+01
2.892727449937483541e+01
2.959792278782917663e+01
3.065180410122410137e+01
2.777563269367260901e+01
2.826958939551118632e+01
3.083028311653809794e+01
3.896663243810868238e+01
3.844312918717272254e+01
3.375945168563207233e+01
3.651787177640615312e+01
2.978027344510579510e+01
2.831019836696464154e+01
2.652941451073424872e+01
2.797317889998920393e+01
2.713842141716132872e+01
2.781064698318106210e+01
2.751170698839241169e+01
2.778835937913094867e+01
3.094029832293758631e+01
2.760628270370307291e+01
2.257683457084010925e+01
2.504689769488109974e+01
3.063156962510771564e+01
2.745121818988421936e+01
3.017886890250857945e+01
2.912013904255122654e+01
2.983290663050784630e+01
3.009372181378593680e+01
3.109636289551340482e+01
3.534303901856968366e+01
3.403478787785299176e+01
3.742312870995886698e+01
3.535241727541598067e+01
4.017381000068960617e+01
4.166558551419284129e+01
4.443285830597347541e+01
4.044880540298521510e+01
4.655274896954121289e+01
4.760148021688260656e+01
4.531334848811687976e+01
4.663948097292784922e+01
4.927854157748051733e+01
4.876024618011390999e+01
4.373780334545081416e+01
4.318041103269349179e+01
4.075227004042866952e+01
4.493756941644708292e+01
4.300570135873443434e+01
4.550935776686080914e+01
4.858664534448323735e+01
5.060191942812585353e+01
4.975895088687332191e+01
4.998534743426139926e+01
4.802110853004575830e+01
4.877504408490826648e+01
4.355953645474917835e+01
4.396563130170334688e+01
4.419249500532971098e+01
4.443735412948468877e+01
4.165955386410016104e+01
4.411850594954474758e+01
4.967603818058126564e+01
4.695725441880254891e+01
4.635384726535428968e+01
4.128247244086108481e+01
4.080675708610252883e+01
4.182342241548450090e+01
4.315935367370774856e+01
4.546839947524214409e+01
4.616281152807324872e+01
5.152403284529477645e+01
5.358393499586884445e+01
5.306602843212714049e+01
5.207232309248811930e+01
5.333537517963371499e+01
5.060882683440446073e+01
5.093742586175435605e+01
5.203243698387593241e+01
5.155200938903561791e+01
4.634709343211612520e+01
5.124022895056034343e+01
5.502961155759876988e+01
5.780774736914423784e+01
5.527549188834795046e+01
5.938528850363314859e+01
5.296891357163996616e+01
4.955543973557252713e+01
4.641788650902297775e+01
3.892279603261528820e+01
4.208536748835431496e+01
4.120192781441302543e+01
4.449280223977307713e+01
4.808475540482054811e+01
4.003335723345752228e+01
3.984156070119039583e+01
4.220318529818021602e+01
4.333881805245505348e+01
4.180437252980459562e+01
3.922398385643852237e+01
3.766587861622980427e+01
3.915025673916900928e+01
3.921905963067400336e+01
3.597147239991569734e+01
3.733547381355312922e+01
3.587505358707327474e+01
4.000212196018113531e+01
4.197061802351075954e+01
4.241576445432541220e+01
4.282702188659408193e+01
4.480610951014662646e+01
4.376241110598972739e+01
3.800223535600061098e+01
4.197016614242247101e+01
4.297766998662945070e+01
3.736753244740825153e+01
3.977932935977851514e+01
4.217567155383395772e+01
4.588453413897835986e+01
4.027604747354908454e+01
4.160324120507540613e+01
4.238740272121880537e+01
4.244008630986574104e+01
4.007256325475798064e+01
4.144886432809145305e+01
4.275118865239680588e+01
3.637138439692235181e+01
4.125002973380281190e+01
3.453735804855183034e+01
3.453594232385439966e+01
4.240431640776243682e+01
4.602862081397771732e+01
3.844084383649248338e+01
3.600181867824983328e+01
3.394658826857910583e+01
3.860619376255790769e+01
3.490563150829244421e+01
3.644577872515353079e+01
3.463687899577020346e+01
3.230307508526885840e+01
3.327043372111114650e+01
2.948388695920388969e+01
2.999531773194334860e+01
3.364602563609663832e+01
3.019663960618453302e+01
3.103694071304807167e+01
2.889661115246538969e+01
2.747626539541743185e+01
2.710849815124167961e+01
2.506035144852900487e+01
2.625052720995697086e+01
2.742315480691195262e+01
2.438619342357871034e+01
2.287312848341536053e+01
2.459188937844736955e+01
2.472848374381387515e+01
2.456222720668245785e+01
2.935569648690711730e+01
2.673313364231823286e+01
2.958851833538764353e+01
2.795243493101603605e+01
2.838973755789939801e+01
3.057269767099506552e+01
3.478034363227646253e+01
3.213300587864606683e+01
3.185203786983162288e+01
3.399722764844401723e+01
3.268081503576815550e+01
3.342019557587159539e+01
3.469064174903374465e+01
3.265232949779029781e+01
3.291167975468324158e+01
3.101866944075906218e+01
3.514252865789278246e+01
3.981103950538154379e+01
3.526086613673300718e+01
3.341687713000961679e+01
3.319240281078406696e+01
3.459533785520272886e+01
3.579825552798138943e+01
3.770077233382967563e+01
3.850801781344174657e+01
3.753534273555528955e+01
3.606259472606306105e+01
3.820022708615779550e+01
3.828248217725136726e+01
3.181569754083057688e+01
3.223779463561634628e+01
3.207604871588878837e+01
3.203746254059491605e+01
3.380362702804278285e+01
3.221946272138577427e+01
3.095310965616091181e+01
3.335491929813339596e+01
3.673388226424971492e+01
3.645837747498347170e+01
3.450431947673577326e+01
3.461582467580186062e+01
3.622604989352946347e+01
3.668186728493162008e+01
3.801803950820640665e+01
3.516175410981122695e+01
3.524053155609444588e+01
3.331555099122781627e+01
3.204425229627299387e+01
3.504645132915513983e+01
3.590349602723941302e+01
4.571411639202269583e+01
4.362536246464377854e+01
3.690253584598468706e+01
3.741126804404770922e+01
3.591096952856495506e+01
3.194919039582575593e+01
3.341499892636712588e+01
3.440025549872996891e+01
4.021793551729307836e+01
3.878667066817695996e+01
3.773629047867706987e+01
3.879331549879807284e+01
3.950732368900963110e+01
3.276569638038341026e+01
2.824024415953130074e+01
3.478753010107690358e+01
3.676722784462683791e+01
3.900520220685357486e+01
3.931905288082505479e+01
3.134408733872487574e+01
3.040683857031086390e+01
3.220451741328410833e+01
3.202690833729722897e+01
3.436590359369908754e+01
2.871499734723309771e+01
2.894139864589727296e+01
3.006286518646938788e+01
2.567096369657606303e+01
2.352909415782495373e+01
2.538276865773715940e+01
2.499490242677926233e+01
2.353277774145968593e+01
2.198410032974929607e+01
2.314636448345498110e+01
2.375510984847594642e+01
2.349677857858318575e+01
2.368748272886874062e+01
2.977213799951603335e+01
2.809904607813092525e+01
2.853797092298847815e+01
2.924082828564946368e+01
2.791233654896741001e+01
3.129374700188841629e+01
2.881695318818497498e+01
2.502356883532153731e+01
2.575009895232246748e+01
2.774620663530676623e+01
2.502273866386450152e+01
2.404742919938339085e+01
2.598975227488815065e+01
2.544198952975870753e+01
2.726404025461565794e+01
2.701627879256354348e+01
2.580606322959998167e+01
2.438325006704578612e+01
2.891082544023931433e+01
3.638677671721065110e+01
3.328810702852032932e+01
3.409315751861736743e+01
3.801892835949801963e+01
3.899843193520690932e+01
4.157703298912693413e+01
5.028595317142571730e+01
4.504985805872873073e+01
4.527590948879094412e+01
4.336666106075576010e+01
3.723075839237301210e+01
3.972264300050147767e+01
4.412238480441146748e+01
4.382187831915241816e+01
4.427728681077943662e+01
4.468940718475578677e+01
4.338995658850691228e+01
4.160392390630401849e+01
3.859393443876622598e+01
3.777702253550667422e+01
3.938408900231424781e+01
4.331056137243830051e+01
5.173007678544193055e+01
5.268572886095551411e+01
5.077307473039584096e+01
4.423460614073393771e+01
4.319349191828739265e+01
4.414447871962646275e+01
3.938773354795505099e+01
3.795509095337995120e+01
4.075348095969008000e+01
3.752211420088332261e+01
3.257497709919541506e+01
3.125174851091799866e+01
3.444860671593394130e+01
3.906780722196830169e+01
3.785571989831141337e+01
3.498623817829699334e+01
3.643175818489055473e+01
3.890732969069533453e+01
3.813243322624693832e+01
4.234263144621028374e+01
3.695415846072815924e+01
3.671352782291793915e+01
3.796533187699554190e+01
3.743697848913694060e+01
4.241703907828545539e+01
4.603388652185033436e+01
3.865473174776305143e+01
3.567814685903481831e+01
3.501951213870268020e+01
3.573032400393012153e+01
3.604201940635061874e+01
3.748413716845788457e+01
3.564532120042242269e+01
3.578206234426006205e+01
3.299917779262025164e+01
3.285110262413403603e+01
3.605058299683593503e+01
3.491851911527965768e+01
3.636139463079981482e+01
3.111094380571961082e+01
3.200923210765786564e+01
3.417169787579162943e+01
3.601206167593096552e+01
3.276869872844610398e+01
3.213133501876777842e+01
3.365910531011373052e+01
3.237420030009025851e+01
3.111284539197063026e+01
3.069225187881841066e+01
3.065608956240520300e+01
3.000808984869117424e+01
2.931475470141135276e+01
3.403348085412815038e+01
3.239059333676296859e+01
3.489990983150813975e+01
3.262899493328808376e+01
3.492775913674194044e+01
3.550516973304128499e+01
3.695226149853004216e+01
4.257620491063717338e+01
3.716179612225275974e+01
3.687319771369895705e+01
3.541265706044200812e+01
3.436848091620559131e+01
3.616920887357286318e+01
3.505869929518544126e+01
3.886279583574301455e+01
4.058593042823305552e+01
4.882344094617382524e+01
5.286150937448024223e+01
4.643674962188738675e+01
4.325338500794112662e+01
4.187908523593550569e+01
4.181784776388840186e+01
4.473763434279184992e+01
3.947843643765906307e+01
4.074727693171380594e+01
3.702691457078365289e+01
3.540886377316191158e+01
3.644667169119987449e+01
3.839308502532031753e+01
3.678464145688076314e+01
3.762068324709734668e+01
3.609225730500264007e+01
3.203803767551946180e+01
3.268299109104081879e+01
3.389811343469681049e+01
2.879500677200014991e+01
2.639104521132868442e+01
3.115164147586175147e+01
2.947854447673071121e+01
3.361480339599685863e+01
3.045502337068734278e+01
3.589433074430530723e+01
3.061207377242629946e+01
3.360471186525114007e+01
3.143437471459134969e+01
3.198315258026853058e+01
3.136529383365823875e+01
3.395702951526685354e+01
3.214264093535464895e+01
2.887120269605250300e+01
2.832616624965898566e+01
2.754027306125900054e+01
2.736240919346142419e+01
2.929265079121724114e+01
2.897472550717918693e+01
3.091185544262650353e+01
3.059442271391100476e+01
3.082829002856104950e+01
3.657696947959055933e+01
3.500540880515961817e+01
2.924391170066699175e+01
2.767910376125338345e+01
2.793678137124730654e+01
3.057206823997894674e+01
3.077771701315409913e+01
3.304742343490462986e+01
