1.521769334211653302e+02
1.525032578691009348e+02
1.497988496528440692e+02
1.419928496061688747e+02
1.364348376259181350e+02
1.247618355079961532e+02
1.197893328723471313e+02
1.245394131141052867e+02
1.304476866403628037e+02
1.274945607828506695e+02
1.248142059878359618e+02
1.195853012931434591e+02
1.123589309582551294e+02
1.092904379932031418e+02
1.163200330332255135e+02
1.172991829907045656e+02
1.157678946740041823e+02
1.167565562975112812e+02
1.158567670461086578e+02
1.213527289313090591e+02
1.224146684392783726e+02
1.209126688708391555e+02
1.160100039534611085e+02
1.189276928114559837e+02
1.105441119911175747e+02
1.084474078177818797e+02
1.112520047664421980e+02
1.058052875615850894e+02
1.108815583310331192e+02
1.067883682614072995e+02
1.087885939341850303e+02
1.115671359437161954e+02
1.146790038054146805e+02
1.160942508816537497e+02
1.089967940605201875e+02
1.072193032032819815e+02
1.155657980227676376e+02
1.149865936818154779e+02
1.143654339863442289e+02
1.148649039702487897e+02
1.143286122032082801e+02
1.081092516795596623e+02
1.051979753436266662e+02
1.096742782136765442e+02
1.054061948749321971e+02
1.017137567012802606e+02
1.047442154131985603e+02
1.052352878891553871e+02
1.097637066470740734e+02
1.112200783499904020e+02
1.142913414015016684e+02
1.128231141020015968e+02
1.058668319057588576e+02
1.057167868024265829e+02
1.047238182762798857e+02
1.020928540658956223e+02
1.035701432704835554e+02
1.047053916162814744e+02
1.017381658203120907e+02
9.836951586362820876e+01
1.014649616996540118e+02
1.045676155773205522e+02
1.030859765147409348e+02
1.011378672393943958e+02
9.767867239943504387e+01
9.731178094664396383e+01
9.824268797227752259e+01
1.021641433522765965e+02
1.044697707053388029e+02
1.018047101884950223e+02
9.876536203498399402e+01
1.009656412704893711e+02
1.054925097504716689e+02
1.052309759267607063e+02
9.934190226104098542e+01
9.815216859055364296e+01
9.964648481816550429e+01
1.011870537691623184e+02
9.953711237539971535e+01
9.571987873229554111e+01
9.721385807023639813e+01
9.287955287914114422e+01
9.475061857300697454e+01
9.176825569776876534e+01
9.240445119616072134e+01
9.437325474327708719e+01
8.860708023354030161e+01
8.872672173047166666e+01
8.983163933351070796e+01
8.608282179509916432e+01
8.154467636316014989e+01
8.629090842037238929e+01
8.905569169306495780e+01
8.959650267800239476e+01
9.728679808009826502e+01
9.402078853777909728e+01
9.645755475927316525e+01
9.398218421831987257e+01
9.539564835891897587e+01
9.833199005473058207e+01
9.265184865870655528e+01
9.751414960503306872e+01
9.588700936365752625e+01
9.928895476190088232e+01
9.447656060846396997e+01
9.431230129116440253e+01
9.416735354739493857e+01
9.148746867276966555e+01
9.238368785981474218e+01
9.301941122824786135e+01
9.590922602335930947e+01
9.145775743365625488e+01
8.925418416851934467e+01
8.842851290738815351e+01
8.247169741341026850e+01
8.099636015692281887e+01
8.142355638785252836e+01
8.565113158707627861e+01
9.145233702815237109e+01
8.616165735972826667e+01
8.594606684646694816e+01
8.943175467227888475e+01
8.423926517529099556e+01
8.352280935992061472e+01
8.264293718121614063e+01
8.702512689266180246e+01
8.843061662871767226e+01
8.808165487941700178e+01
8.730806167621881286e+01
8.870913283173619845e+01
9.336493361524510703e+01
8.979842857605980555e+01
8.478748409477105952e+01
8.596002221255322695e+01
8.993749242533232291e+01
8.761768824674639689e+01
8.960587728216559356e+01
8.348266312992181781e+01
8.283489227147312306e+01
7.868152633447583355e+01
8.178957052076171408e+01
8.297419934919994944e+01
7.891806533146382208e+01
7.985260245339898688e+01
8.259448916318568479e+01
8.015532076586315213e+01
7.882651693405942694e+01
8.111289723948496544e+01
7.602223938823506444e+01
7.888160660675396230e+01
7.547542186119711971e+01
7.537368819768703077e+01
7.718581077074247787e+01
7.838998281143416591e+01
8.021228256378078925e+01
8.367018657629054701e+01
8.351885887138480768e+01
8.035493445727219353e+01
7.894747430302797397e+01
7.627702568712797415e+01
7.464737062127066736e+01
7.863295643896266540e+01
7.944149279892955917e+01
7.600219986337144462e+01
8.262926760506984181e+01
8.202087351879691823e+01
8.131014361308069738e+01
7.952764976290787047e+01
7.547283192657110362e+01
7.269947064526890301e+01
6.862478460713253980e+01
6.886417104315565041e+01
7.207021815578684709e+01
7.141291474410162721e+01
6.987907890072273176e+01
7.113177961478224631e+01
6.671332634320188504e+01
6.461723469945484055e+01
6.183216047347076483e+01
6.487210557711493664e+01
6.687265617467645029e+01
6.639770157047286148e+01
6.853747233751268197e+01
6.765592012976918568e+01
6.487721333322639339e+01
7.158815307464493571e+01
7.320383787876947679e+01
7.020527305544882779e+01
7.142557700211088445e+01
6.937538877108730162e+01
6.760295223560558497e+01
6.853437401717739874e+01
6.979743940412265601e+01
6.752059120824671368e+01
6.469984154175584479e+01
5.876895101178058667e+01
6.207030619453811937e+01
6.648444995671626145e+01
6.305556515817006868e+01
6.601371648158638550e+01
6.602625945118707307e+01
6.641988356468385746e+01
6.719471897354223699e+01
5.809244976578936814e+01
5.683531360968140689e+01
6.009607504916959897e+01
5.615495987546651691e+01
6.144852023463865009e+01
6.151763159816181314e+01
5.978637847340340272e+01
6.301929357773262552e+01
6.518932853025167162e+01
6.821521796070030064e+01
6.684587344268680908e+01
6.880716947180083309e+01
6.998088158198203246e+01
7.002461679936142502e+01
7.058166910807969430e+01
6.664351286478144232e+01
6.342509167963240202e+01
6.009863586907387401e+01
6.188198949817004291e+01
5.838153825212224035e+01
5.868419912108565484e+01
5.816276843085391590e+01
5.489393647234652462e+01
5.614352860482442509e+01
5.409644003413103519e+01
6.026584111229206542e+01
6.273938847419209708e+01
5.868840827570855367e+01
6.312170406183786042e+01
6.223221374462632127e+01
6.638065078822866383e+01
6.675009115156440487e+01
6.657573331641371794e+01
6.468849732184084189e+01
6.466147397560430932e+01
6.601941606442350974e+01
6.945241649599685729e+01
7.092425385092060708e+01
7.021949084782298200e+01
6.637183965305857214e+01
6.919604221727765037e+01
7.271942030681381652e+01
6.985421109585574584e+01
7.023411338583687780e+01
6.325308752290018788e+01
6.284533004936629652e+01
6.168004578704716323e+01
5.910685663021403968e+01
6.083122576337950704e+01
6.062695413362229147e+01
6.012367098668224230e+01
6.225311173721247826e+01
6.063579427038206404e+01
5.972649351912896520e+01
6.383899203891900243e+01
6.486122230256727050e+01
6.329392930085400337e+01
6.282105612103096348e+01
6.558354017297649818e+01
7.113295735844836543e+01
6.593750811750018670e+01
6.736570337549139253e+01
6.886809576741519834e+01
6.470939314342621174e+01
6.662904605105954658e+01
6.631575392924769119e+01
6.666638221909769868e+01
6.316087397296270467e+01
6.443541465459190931e+01
7.022084722695377934e+01
6.251686017673910101e+01
5.982672004393847942e+01
5.833841052907671099e+01
5.233133750384084237e+01
5.651821187437514027e+01
6.144405803781846487e+01
7.119004481095483072e+01
6.727626005949981902e+01
6.705330948946472347e+01
6.451540463960641603e+01
5.986019174253391384e+01
6.282859651763996567e+01
6.004695074307490188e+01
6.030824078127544396e+01
6.148949981466043369e+01
6.618963911915024312e+01
6.246076743211986582e+01
6.388008906025005729e+01
6.693419518611999308e+01
6.007031663397555121e+01
6.057721994473035920e+01
6.733339463384770340e+01
6.900771266315229013e+01
6.724808281503855767e+01
6.444149821116296550e+01
5.984368406493133818e+01
6.206590629038490192e+01
5.862722372760595135e+01
5.575187103574880609e+01
5.214493170484253426e+01
5.411474506749181046e+01
5.463044906432499204e+01
5.287212906755428321e+01
5.433277203698759195e+01
5.104792686123093404e+01
5.571863145700545772e+01
5.515582242031365467e+01
5.655624597749979898e+01
5.130132982366006900e+01
4.711434329403388688e+01
4.965815794208481293e+01
5.343060908149543309e+01
5.760407411234315589e+01
5.644951617398363908e+01
5.475057038864565584e+01
5.822921861121341180e+01
6.366909363217237683e+01
5.791745605966310961e+01
5.149672887737219185e+01
4.989023076841334614e+01
5.221275991756471058e+01
5.512210607301109633e+01
5.328617977825939533e+01
5.431874798974153862e+01
5.096925605932651138e+01
5.110187548929653190e+01
4.994078105226938646e+01
4.575438729304860885e+01
4.985742182841332237e+01
4.881403038364550184e+01
4.404026583616646917e+01
4.375835238022952467e+01
4.344510076994887982e+01
4.323093162015780422e+01
4.605127369790830016e+01
4.827717843259725328e+01
4.752994109579239534e+01
5.617778563611051368e+01
5.989859487330080867e+01
5.997067131585869504e+01
6.033166777531128844e+01
5.539726502526313823e+01
5.133840293495305218e+01
5.357901224444930222e+01
5.975401000988172484e+01
6.268641276796790862e+01
5.703456573240754324e+01
6.058125557482395607e+01
5.635615681741342087e+01
5.172947322772336065e+01
5.085551815606729065e+01
5.613641593756072723e+01
5.364774216884384828e+01
5.603201643425147438e+01
5.958083114571790873e+01
6.050725580418942684e+01
5.772846205219798321e+01
5.740786326364313652e+01
5.718187823135519920e+01
6.075833289357272804e+01
5.877172033113748739e+01
6.049482935388503790e+01
5.760390105632333757e+01
5.507603619409867690e+01
5.305495756340859259e+01
5.195136662761177604e+01
5.312963553336786049e+01
5.110836808583226798e+01
5.317983678666512048e+01
5.336640241915688421e+01
5.164409387126357842e+01
5.106632906541807415e+01
5.164827332017733852e+01
5.358298018437803023e+01
5.477126953472341597e+01
5.448703277476387541e+01
5.457816067358348278e+01
5.421559781780686649e+01
5.389760289035960739e+01
5.102366089777351021e+01
5.429931721906898190e+01
5.745383718745894441e+01
6.222583240622900291e+01
5.844002769758097315e+01
5.996008760112992775e+01
5.800261090212642046e+01
5.730613087049688659e+01
5.362928365440443201e+01
5.078909208036932910e+01
5.246927867991347227e+01
5.472185483173383602e+01
5.884053285331235372e+01
6.124874221919807837e+01
6.207454221136066508e+01
5.939021862700515442e+01
5.780263328399081502e+01
6.170403885260813581e+01
6.368039652363371772e+01
5.960786242426050308e+01
5.592189371679444321e+01
5.766687786530999915e+01
6.057579325903674317e+01
6.453337508605257256e+01
6.767967053936371258e+01
6.409159492269216685e+01
6.115416658190852672e+01
5.811146103553762998e+01
6.043846541035472342e+01
5.992531823370175914e+01
6.120297760101995266e+01
6.454830030823359266e+01
6.433417588940814369e+01
6.238265105460082793e+01
5.963585767284526185e+01
5.259937427586859826e+01
5.665219017108098853e+01
5.786929262672694563e+01
6.112527270896934795e+01
5.981692797423339414e+01
6.258650549241693284e+01
6.265170918611133288e+01
6.270905050958877780e+01
6.208688972510803694e+01
6.132653606241532884e+01
5.899485428066817860e+01
6.285836981990513550e+01
5.713539997235987755e+01
5.897923250753692059e+01
5.917726523836357444e+01
5.539354180798754612e+01
5.723304011878164488e+01
6.177376081731638635e+01
5.907468778879588456e+01
5.998449436923145583e+01
5.997149492865483467e+01
5.975345866625428926e+01
5.832867533340176180e+01
5.714975525484230445e+01
5.802478502052338172e+01
5.142883942671861064e+01
5.025064888124268236e+01
4.967901358922117083e+01
5.001998878050258668e+01
4.605752857020894453e+01
4.995274505417810929e+01
5.047915672361060047e+01
5.171032095065078238e+01
5.244876829117470152e+01
5.175171504032755365e+01
5.118481762335605367e+01
4.996919309206413118e+01
4.760323074201068039e+01
5.068273257061497361e+01
5.148424023176949049e+01
5.468931780989802860e+01
5.702529832248045238e+01
5.819603419380243281e+01
5.291980204046522829e+01
5.330695353888410182e+01
5.380426876163622296e+01
5.139687595836841183e+01
5.305463826330898769e+01
5.385704920894205827e+01
5.539812049331486321e+01
5.584738023203902912e+01
5.941673449392480677e+01
5.745328015768048147e+01
5.835020211015537939e+01
5.431330397642788910e+01
5.268081363415383578e+01
5.466797525357929999e+01
5.622389718968031502e+01
5.633207660483851953e+01
4.972431176764328598e+01
5.141632581111252875e+01
5.336745462724032052e+01
5.505952825218096791e+01
5.503599189264059532e+01
5.309858981489433916e+01
5.317381710567701703e+01
5.424493577108236764e+01
5.266015639625807410e+01
4.991107473052682053e+01
4.710150956042016901e+01
4.202539713791210829e+01
3.942805413834173578e+01
3.888743684221566355e+01
4.304745378664688360e+01
4.045722631031617311e+01
4.092392480072544458e+01
4.735019205165414746e+01
4.555233048575729526e+01
4.572681854487638020e+01
4.536548555650361436e+01
4.287234196099663563e+01
4.570440348577878353e+01
4.861028285035752106e+01
5.274714258308981130e+01
4.867612686089441354e+01
4.514750149006599145e+01
4.801325504127652266e+01
5.007711607920361985e+01
4.845311501705884893e+01
4.750845995826267654e+01
4.847929064259687948e+01
4.899573359761404845e+01
4.859920784782642045e+01
4.628812536129046862e+01
4.761366683428641977e+01
4.580203712307326214e+01
4.358932393463589960e+01
4.166461473885706823e+01
4.310947126693523046e+01
4.278183448162840818e+01
4.165994566883466632e+01
4.461207468592758119e+01
4.581897352492566711e+01
4.355985989038759953e+01
4.491668116018323076e+01
4.898919176895876149e+01
5.119845743967280782e+01
5.020888045225120777e+01
5.398580452937737562e+01
5.348444110910240568e+01
5.187809250254917970e+01
5.204678942322259161e+01
5.299051233760043544e+01
5.433254455281604578e+01
5.269642682423322810e+01
5.442855949707222862e+01
5.179735510649601338e+01
4.828747493798343271e+01
5.173336874249247330e+01
5.225897787225549962e+01
5.117221737337865761e+01
5.179007954209910736e+01
5.318670531027643733e+01
4.950976352289924876e+01
4.937862324976083528e+01
5.293654619264252403e+01
5.241914080207477866e+01
5.361140086491516854e+01
5.026950288318073490e+01
4.938008658624534064e+01
4.950684808739649156e+01
4.851408677010920201e+01
4.789596319863471763e+01
4.679644375667348299e+01
4.718367563557418976e+01
4.708267381625165626e+01
4.872076117947045759e+01
5.288019890676049783e+01
5.501486008184087950e+01
5.079825830103010276e+01
5.425032060888119645e+01
5.726310853753633978e+01
5.236327065534841552e+01
5.925688696304639791e+01
5.614761918728275703e+01
5.753588492796534126e+01
5.158570217468593455e+01
4.978019360939572380e+01
4.730522167998842065e+01
4.693776335562998270e+01
4.934215499483767076e+01
5.005731386758486678e+01
5.090082654128781314e+01
4.754996218615440284e+01
4.770621146835748050e+01
4.931528354197990893e+01
4.718628380595652061e+01
4.917511102734465567e+01
4.626703025085501508e+01
4.796934319734623386e+01
5.111998270656332011e+01
5.078789564088145880e+01
4.843747832664575981e+01
4.874019638321388470e+01
4.475650279578408686e+01
4.248951827647326240e+01
4.783041655335685505e+01
5.124457702687459459e+01
4.242389626867824859e+01
3.831749243615490741e+01
3.990621902376847174e+01
3.760588809773466323e+01
4.071497605225488314e+01
4.681721354283342862e+01
4.886266222736884401e+01
4.438974130041506783e+01
4.069028570132152822e+01
3.937406124386367878e+01
4.363521240282699409e+01
4.266701861297104870e+01
4.679117826782194811e+01
4.866724255532980692e+01
4.883626969903448867e+01
4.317477771181222579e+01
4.294564093227921830e+01
4.010411828494764563e+01
3.910365914634763840e+01
3.739246280985250337e+01
3.878670652840477828e+01
3.869006846035748026e+01
3.876882701925322294e+01
4.030258432640249566e+01
3.982844446628070045e+01
3.879939466145549432e+01
4.183264673400779543e+01
4.370029921293090069e+01
4.355866845779934238e+01
4.441183084333252395e+01
4.514093082011677893e+01
4.434509357803923990e+01
4.757942452205719519e+01
4.750221080908789872e+01
4.612223008349627662e+01
3.950002033782232047e+01
4.285183794156787940e+01
3.854262032775821467e+01
3.988172113151310327e+01
4.002361849361818713e+01
3.605764899402583978e+01
3.730113368968875420e+01
3.923903915687535005e+01
4.325449834521560888e+01
4.032729092851917585e+01
4.474830441590106034e+01
4.400610586853309769e+01
4.394383726136683777e+01
4.219904948434012226e+01
4.478202897087521706e+01
4.410118136909733266e+01
4.752540192376426376e+01
4.362235729487440494e+01
4.314013111362518771e+01
4.024394772167417500e+01
4.229643452969708051e+01
4.297382763735240019e+01
4.310563794142302640e+01
4.245661032183193129e+01
4.516354221794387058e+01
4.375648375994757089e+01
4.618148473249968333e+01
4.697657119221139510e+01
4.569500134770331101e+01
4.354188461719110137e+01
4.501266666499714120e+01
4.630492742751636115e+01
4.453636202708344172e+01
4.179830496247510041e+01
4.294287618262566752e+01
4.508766593554216229e+01
4.720865590118739874e+01
4.298784596518063950e+01
4.472342140062195881e+01
4.288886880194456808e+01
4.360074406271590419e+01
4.564461847757220880e+01
4.647907378435894543e+01
4.693079672757320964e+01
4.309802670954942982e+01
4.668811229050083966e+01
4.709281918042736947e+01
4.409195855737894476e+01
4.752433123349987909e+01
5.026747683701918845e+01
5.340866749165623162e+01
5.451687844499755897e+01
5.414412843560086230e+01
5.116836945486301147e+01
5.220080352001059509e+01
5.091472232831392830e+01
4.933618641973401964e+01
5.305910194823384529e+01
5.632791625962502735e+01
5.319416523415462450e+01
5.161554430176283859e+01
5.119912762032359410e+01
4.849261237229038102e+01
5.383820850584666573e+01
4.943430564592617316e+01
4.691230553707245576e+01
5.132144556944501801e+01
4.648053819865046421e+01
4.838461894011584263e+01
4.975728492210552645e+01
5.017196099958795230e+01
5.171470755676526210e+01
4.894546606089969032e+01
4.998768418413115455e+01
5.323337161365751058e+01
5.662026112286174850e+01
4.967602051271674668e+01
5.077218924447674908e+01
5.209134326246666546e+01
4.922768315245735948e+01
5.090207598278158230e+01
4.810338815575408944e+01
4.850896038359962859e+01
4.858484511721584909e+01
4.561053947482611193e+01
4.439438568432052534e+01
4.350662493215949667e+01
4.242492010388357926e+01
4.625138875221895773e+01
4.393985757539672932e+01
4.241390752244890905e+01
4.270025767401375560e+01
4.208803734931916551e+01
4.213549987505106742e+01
3.673827773253003670e+01
4.496742608683260300e+01
4.736553983278668056e+01
4.512632225981010947e+01
4.152797825126032194e+01
4.748723560279785261e+01
4.643648091550554113e+01
4.747884718242852387e+01
4.727864233110730652e+01
4.075565506846524499e+01
4.095166003250247400e+01
3.933349878208412065e+01
4.529666139372665157e+01
4.170962850774307640e+01
3.990199714638649198e+01
4.056486839627083896e+01
3.697090683596215399e+01
3.578179887799109338e+01
3.474482585553815284e+01
3.766500950500474687e+01
3.659153677354748879e+01
3.761899572285133786e+01
3.784681440779306172e+01
4.092881466982410643e+01
3.845732077550309214e+01
4.444764169167154932e+01
4.299700229647723404e+01
3.795265704802295659e+01
4.503670072883164721e+01
4.752880517497138158e+01
5.021496984278019227e+01
4.921990946837436809e+01
4.768436866668542962e+01
4.694837825449178581e+01
4.411072641606369871e+01
4.268196319216983170e+01
4.211994113910068904e+01
4.484036557868560635e+01
4.209334725690899859e+01
4.948053282190915070e+01
4.876973070585256664e+01
4.392617767330673928e+01
4.241775562646711251e+01
3.859242637048737379e+01
4.003275581326209931e+01
3.844461234825362794e+01
3.901592437731218865e+01
4.327655011081191105e+01
4.489528947007599413e+01
3.827437064559185842e+01
3.980230248706496354e+01
3.993223337203909296e+01
3.984760874283611543e+01
4.084286602821302381e+01
4.156814707593997582e+01
4.535859663815651288e+01
4.130645230805896517e+01
4.416388812476418479e+01
4.078583164351468326e+01
4.111115128799846730e+01
4.783810263334333968e+01
4.567054552212866270e+01
4.440383590745256015e+01
4.762875476160184007e+01
4.638384225318847598e+01
4.058959266676598077e+01
4.384477460256491099e+01
4.825678596155881905e+01
4.378018379909258329e+01
4.604486688587761023e+01
4.443741215213955797e+01
4.464206419924292391e+01
4.715460522560019285e+01
4.438707407692183438e+01
4.392325892821565958e+01
4.152220221508147802e+01
4.429206082764420671e+01
4.445523096526579820e+01
4.291245353668378471e+01
4.502538939669301499e+01
4.525161128683609491e+01
4.489123053833435506e+01
4.421851729958686406e+01
4.343727526094298241e+01
4.332543727249296239e+01
4.023949753560418685e+01
4.062995136592738277e+01
3.926771405037240470e+01
4.161333098785485163e+01
4.417159898788651162e+01
4.941163941351476296e+01
4.833330390406234756e+01
3.963772292053096180e+01
3.736971580243096014e+01
4.113292633788373109e+01
4.591909142724108506e+01
4.974717631988258404e+01
4.667128687024907663e+01
4.317000610505104419e+01
3.711275519261280920e+01
3.822950471565303587e+01
4.102739157341301279e+01
4.228141352738356318e+01
3.962763695499887717e+01
3.923570868154212121e+01
3.879112431552505313e+01
4.364575110645489531e+01
3.901658080956036656e+01
4.199424571224039937e+01
4.282599918543036210e+01
4.076899679978276936e+01
3.980769199538821113e+01
3.908500205981187037e+01
4.183136637124397339e+01
4.184703003259980392e+01
4.153735084286478241e+01
3.875442991047287933e+01
3.757258498846505290e+01
3.596266026332651222e+01
3.606265022350785898e+01
3.439018837966685282e+01
3.316347161993579107e+01
3.179650637907334954e+01
3.333304064651602516e+01
3.409929933085174980e+01
3.152891491037448191e+01
3.080034762546696925e+01
3.209017890607182721e+01
3.276537610467764239e+01
3.296949942463723460e+01
3.813892737629464591e+01
3.892365061130587378e+01
3.909078609746126176e+01
3.965283635450848010e+01
3.765975673706205384e+01
3.287192539713603878e+01
3.447943146244975310e+01
3.436013515332390966e+01
3.899351116461465949e+01
4.361005989046867626e+01
4.409338456888923474e+01
4.944365838079363584e+01
4.470640082382638525e+01
4.332992791754003292e+01
4.377081534356409520e+01
4.183854169292931147e+01
4.018044117437642626e+01
4.511486454949354652e+01
4.565171898598725875e+01
3.939036538840625212e+01
3.669954657506096396e+01
3.866164947123681372e+01
4.175626261994187871e+01
3.827548939234108616e+01
4.078921886708434386e+01
4.201948768876795270e+01
4.594197145035528251e+01
4.424492518815699782e+01
4.508122174093622903e+01
4.690774417836666998e+01
4.634155747451626439e+01
4.284040006305832549e+01
3.972517876377028756e+01
4.193674291436281010e+01
3.923799777505740849e+01
3.996617506267833164e+01
4.183197017357804270e+01
4.480810954665793133e+01
4.464581892935365204e+01
5.556816142725254792e+01
4.420168907696768201e+01
4.577560769351705972e+01
4.359077110437567626e+01
4.418259309027391168e+01
4.384352633508694908e+01
3.917469754927708436e+01
3.711655530076927789e+01
4.087377530569850137e+01
3.786952397207426202e+01
3.666104253396272838e+01
3.585222807671874534e+01
3.286494394985655276e+01
3.175718941428661424e+01
3.384986156064681495e+01
4.005654361832347377e+01
3.967531758911451334e+01
3.659109133362096600e+01
3.744780233608204867e+01
3.878113385815294123e+01
3.833598708540216649e+01
3.909074267479851983e+01
4.088649589521824623e+01
4.168641383100927555e+01
4.056294649397730723e+01
3.624635433467432222e+01
3.603521561840256027e+01
3.990391527448792885e+01
4.416981083750820858e+01
5.035513213665032595e+01
5.341177690236469289e+01
4.942054585085193708e+01
4.794489207733604985e+01
5.376811658055669341e+01
4.608674773397561353e+01
4.942719216045034614e+01
4.507588847393100195e+01
5.038861869613978683e+01
5.218040810860316014e+01
5.291994496684944238e+01
4.676034507971968424e+01
4.492386502471046583e+01
4.842904374063070350e+01
4.816253076266872313e+01
4.655491893935365511e+01
4.526572829902369222e+01
4.001931140789432106e+01
4.399511217201052204e+01
4.455901891738076870e+01
4.166854834464797364e+01
3.905505455531300640e+01
4.138113511425621027e+01
4.480626621113054853e+01
4.636321086382784529e+01
4.318958137816619569e+01
4.701686221663004517e+01
4.600411656646133451e+01
4.734505195368714681e+01
4.637689999278532582e+01
4.785960991715367641e+01
4.637675799335778493e+01
4.861306485769193841e+01
4.675157441011933201e+01
4.630857165329135228e+01
4.675099556687459312e+01
4.966119281415726050e+01
4.503007524414366003e+01
4.737128630919298189e+01
5.069163233691568848e+01
5.211274547788745792e+01
5.018809775135929385e+01
4.084852637010763488e+01
4.055754227795566180e+01
4.276699231918587429e+01
4.534809665993722660e+01
4.288982157952275998e+01
4.047174659674107033e+01
4.014052944109806731e+01
4.001049884618029751e+01
4.139256465372898219e+01
3.836767193337271920e+01
4.272575066664444421e+01
3.881656769769932680e+01
3.931277991316056841e+01
3.575809003655373886e+01
3.862077145060658268e+01
4.185597498271724248e+01
3.804857747573254301e+01
3.964701287508859195e+01
4.215972711442628906e+01
4.166381347967188731e+01
4.101515095984538561e+01
3.496269809408548213e+01
3.717203798559367556e+01
3.592208403540504946e+01
3.561748575934819883e+01
3.397014682370237892e+01
3.100966612434316971e+01
3.096509517735105987e+01
3.315577223646451444e+01
3.140060834083189434e+01
3.148082760392327373e+01
3.326423529576732108e+01
3.627736724571033733e+01
3.571035529302335476e+01
3.628451408339364548e+01
3.568906517907399234e+01
3.295462283272954096e+01
3.553849714663209625e+01
3.405276105413517485e+01
3.380889689913033180e+01
3.212727938348714929e+01
3.404401411694726676e+01
3.250011738300173647e+01
3.329971994615482345e+01
3.515537638395480258e+01
3.893324058437647750e+01
3.767129400112921189e+01
3.704265304905766243e+01
3.533542795603923992e+01
4.142845495937891087e+01
4.133293535821044884e+01
3.683405361459296046e+01
3.676864758764600083e+01
3.829450857764427951e+01
3.577209214731300335e+01
3.487998089631912535e+01
3.641583104044596553e+01
3.473073446328442060e+01
3.504066755767965446e+01
3.619014881053936961e+01
3.501516063999099515e+01
3.643129818807705078e+01
3.624783370500887258e+01
3.250616653279152501e+01
3.270750312132855697e+01
3.508058102709600234e+01
3.766734028039630289e+01
3.530025406952253775e+01
3.668790849696904388e+01
4.338974149777317280e+01
3.914237383552551819e+01
4.049406237168432199e+01
4.869837437258306068e+01
4.913313654907079808e+01
4.601669030423042273e+01
4.426513865748529497e+01
4.677872343846334502e+01
5.044793333247704936e+01
4.656588982598645998e+01
4.122645732765880666e+01
4.753022281798629933e+01
4.430986623989852546e+01
4.813956645041616866e+01
5.044774029772025870e+01
4.150962427414893341e+01
3.872268232004850574e+01
3.503156941817326242e+01
3.862225109762420061e+01
3.618192418577490344e+01
3.426969994442868028e+01
3.312871317978925845e+01
3.367009664818883152e+01
3.699969045175694760e+01
3.531853532574746168e+01
3.683318127169522427e+01
4.037264547425959904e+01
3.690663804477603094e+01
3.832231775446265942e+01
3.402204562514251052e+01
3.566579477089396732e+01
3.610516359030845024e+01
3.823950849727637546e+01
3.769124736828723599e+01
3.636773040761045195e+01
3.710715910477165380e+01
3.406335587919210184e+01
3.568564122299324026e+01
3.563173279626028034e+01
3.561179304603555806e+01
4.343014432293389859e+01
4.228866333430212876e+01
4.220848695491289959e+01
4.017711785015777082e+01
4.140145204380800692e+01
3.925477055167402796e+01
3.457588639405216213e+01
3.308732320102211588e+01
3.106982658999163505e+01
2.939328404843726616e+01
3.083385814873099662e+01
3.176283283329382812e+01
3.250528105758678521e+01
3.220147932068204000e+01
3.027643661060378122e+01
3.060188442001771136e+01
3.369594204628975831e+01
3.154249650260476301e+01
3.058231649602555535e+01
3.002833399933956571e+01
3.190488882501080070e+01
3.210964537603541658e+01
3.259012100896961783e+01
3.069104951934826886e+01
3.158222746243657753e+01
3.105674364665577514e+01
3.295832918600675043e+01
3.055462962227190360e+01
3.371783663836816913e+01
3.215718474586540765e+01
3.235868978945163121e+01
3.002639238808262689e+01
2.951785816440911958e+01
2.991412789648620674e+01
2.909976473249452056e+01
3.124481408423295647e+01
3.020609760114220421e+01
2.821710662913505985e+01
3.159197698860549508e+01
2.848546047973479745e+01
2.678606571508467482e+01
2.824621335076361106e+01
2.850229554266510945e+01
2.962314856332830004e+01
2.895684713179261394e+01
2.627895313304605907e+01
2.337150875812585582e+01
2.440581143162788180e+01
2.791182892938365967e+01
2.782657716841697493e+01
2.531298004648718347e+01
2.728975824397068095e+01
2.822454227192562826e+01
2.620956676443341848e+01
2.549849435508960482e+01
2.554348655957630854e+01
2.767166965184273408e+01
2.875939175376086610e+01
2.747646026620583370e+01
2.711330153611331184e+01
2.699309257755234626e+01
2.532713512189204152e+01
2.554654431516530622e+01
2.635897002082998597e+01
2.375222546535212587e+01
2.562951795250057785e+01
2.532159786695848425e+01
2.493286649086732609e+01
2.691533651821850981e+01
2.859061037043778697e+01
3.102127191799868910e+01
2.814763774313030353e+01
3.265514729061010257e+01
3.397284728769730577e+01
3.886875693668255849e+01
3.768821391176226143e+01
3.625754221427263246e+01
3.664021223934446425e+01
3.652765401947019086e+01
3.571640936614295470e+01
3.525776028244288796e+01
3.592592877360868897e+01
3.218068353916132196e+01
2.966481784757169748e+01
2.890599304975853556e+01
2.856429274623474157e+01
2.769096140727924649e+01
2.806802058844075987e+01
3.021998179021542796e+01
2.965786967864281110e+01
3.224958036904249070e+01
3.322180793844370328e+01
3.342544079989642114e+01
3.250997521236584475e+01
3.323045121531259838e+01
3.489272573339709993e+01
3.360938126690095373e+01
3.273767418778126626e+01
3.343175964683993584e+01
2.936452584574561797e+01
2.968486755820441658e+01
2.879305902076760049e+01
3.138695079020715184e+01
3.218775489478016993e+01
2.970267549318916167e+01
2.941153099081438427e+01
2.901717529387559580e+01
2.914078519707544501e+01
2.925762580295537418e+01
3.136515643643519979e+01
2.820058729822176247e+01
3.195683110404993954e+01
3.096367378262829106e+01
3.514202717800941400e+01
2.793953671864701960e+01
2.640736199547117735e+01
2.840243635715620485e+01
2.775634771290151548e+01
2.835924437150760014e+01
2.495574187113012954e+01
2.461726131965573927e+01
2.696895753668198381e+01
2.681722424036874486e+01
2.699321478271701835e+01
2.657401708246973726e+01
2.698038638850798066e+01
2.762916252083559243e+01
2.746392218665926066e+01
2.612467633488748220e+01
2.519357854397506458e+01
2.624433870095302268e+01
2.667432397710896907e+01
2.512294372701640555e+01
2.664222341832498842e+01
2.623048267741432937e+01
2.796388713782249624e+01
2.748249684413409000e+01
3.069019663371130946e+01
3.262478520241626256e+01
3.624540173527321940e+01
3.627153529206702842e+01
3.394402851645799046e+01
3.691269925631911519e+01
3.608549150439893083e+01
3.302696202404055725e+01
3.773636055437850700e+01
3.473614428753367633e+01
3.783645846024907655e+01
4.135906594904744793e+01
3.862849184064322117e+01
3.533698859362976918e+01
3.199745055493482937e+01
3.308657677362251093e+01
3.320322714479070214e+01
2.923069455000631933e+01
2.732130229205071714e+01
2.963411917231212556e+01
2.929445038136495327e+01
3.048332023914502997e+01
3.248538648836492371e+01
3.668933093351637353e+01
3.181204427913576183e+01
3.085723715821839619e+01
3.039950299696832303e+01
2.706344586425885268e+01
2.683113500994443257e+01
2.720260152903327366e+01
2.660952855099912995e+01
2.552121077061389087e+01
2.652580554884934827e+01
2.587600162623436972e+01
2.607510922263972475e+01
2.554473602223052353e+01
2.684247606951015541e+01
2.531592354540615020e+01
2.664553804971751561e+01
2.717654293925332354e+01
2.652901165866722977e+01
2.454107221602757249e+01
2.587243258829198567e+01
2.530558710265071909e+01
2.612193442954270495e+01
2.643186082362552725e+01
