8.223444928970222634e+01
8.157098172928512270e+01
8.116914053641866644e+01
8.077537246566294016e+01
8.017137393230495945e+01
7.940169598331220868e+01
7.888828891107236529e+01
7.857647797616657215e+01
7.790794697695069715e+01
7.756719912157977603e+01
7.696082989736736124e+01
7.649141588989658658e+01
7.607133442190502137e+01
7.586378992383276909e+01
7.545567848623834095e+01
7.519977782801736055e+01
7.490388687409161150e+01
7.455266122452761124e+01
7.435214217702328199e+01
7.401803273086369472e+01
7.370469646520892582e+01
7.337585299997797961e+01
7.303544644988089374e+01
7.269459591067943904e+01
7.254907543385733959e+01
7.243717574722236918e+01
7.216523744860931799e+01
7.196217287422190623e+01
7.173122602234423084e+01
7.148211264944860943e+01
7.115331548543058204e+01
7.086630620503480316e+01
7.061602774499829138e+01
7.033180744745538959e+01
7.002783161576577697e+01
6.984582835505661080e+01
6.951233120875373572e+01
6.929591479747925575e+01
6.914964154727982759e+01
6.897445360321157182e+01
6.868740058682244864e+01
6.838180168077900589e+01
6.817163958136082158e+01
6.814946092264770527e+01
6.805324551937303568e+01
6.786368087139086924e+01
6.768357005250697966e+01
6.761093088646516946e+01
6.745187624896320244e+01
6.722405288531918188e+01
6.706326274499275542e+01
6.684947065727709514e+01
6.664972443634626131e+01
6.633362223410250635e+01
6.608833913729976928e+01
6.580976792280624466e+01
6.560042756053090329e+01
6.539429834827294030e+01
6.512165296885866894e+01
6.509308955706572419e+01
6.487799682580084948e+01
6.472162118083581106e+01
6.469392415869921820e+01
6.449945353117819025e+01
6.440256242008615573e+01
6.431874331397081335e+01
6.411548286681767195e+01
6.391042212470900807e+01
6.372609592134144663e+01
6.364600029275553794e+01
6.350901370090143416e+01
6.339457284588613106e+01
6.330024662294639626e+01
6.317109430268835979e+01
6.303633397816667383e+01
6.290149503003069498e+01
6.274933142732572833e+01
6.257306102277554771e+01
6.251914776037028787e+01
6.227993611252203721e+01
6.203608280101296657e+01
6.196138490216334560e+01
6.182758696606933313e+01
6.161019601297797266e+01
6.148616851465523325e+01
6.132847735513890797e+01
6.127199416204110349e+01
6.110083442590880765e+01
6.094895337133980462e+01
6.072979274020899254e+01
6.066377767303301738e+01
6.057991183299218108e+01
6.059164761531354770e+01
6.038969601766599027e+01
6.021913918259387088e+01
6.020800065001327539e+01
6.010459067157233193e+01
5.992225078035627206e+01
5.984378900619358888e+01
5.960143281652035796e+01
5.948761688670616365e+01
5.950215123024001684e+01
5.935505488979087119e+01
5.924659429119903820e+01
5.912430636823523855e+01
5.906861941721357567e+01
5.905436829393979536e+01
5.879350555973679349e+01
5.879226057641801617e+01
5.862272436160525757e+01
5.847781375887772981e+01
5.833674492575787696e+01
5.834133916157185240e+01
5.837367759341039886e+01
5.816486609714874589e+01
5.803563553728038471e+01
5.791385230117414551e+01
5.780562160806019989e+01
5.787145156838327154e+01
5.777720297976124897e+01
5.765640931237685862e+01
5.751681433727078741e+01
5.737731886257573422e+01
5.719474973499663406e+01
5.709967288682887698e+01
5.696007918703079298e+01
5.674806753855355623e+01
5.665673129988947210e+01
5.666652555249189760e+01
5.655660974035616562e+01
5.644222768575878035e+01
5.631954311555575998e+01
5.627902299143509879e+01
5.615842135803516300e+01
5.615908723572199079e+01
5.612516915636553705e+01
5.593297017230226231e+01
5.595305939702882370e+01
5.574859303755589224e+01
5.569758724621889456e+01
5.571565003394886162e+01
5.565491863716954413e+01
5.544640809024063088e+01
5.533754070780875622e+01
5.530471681507419390e+01
5.519064120510164173e+01
5.494607154737805388e+01
5.490712461646707254e+01
5.471679776104676307e+01
5.474598881672194750e+01
5.470842361553140165e+01
5.453897089104302154e+01
5.437009568209047927e+01
5.433968102168967818e+01
5.431885644965453253e+01
5.430348161637876814e+01
5.425436620499952056e+01
5.430250611849444198e+01
5.416527610960027062e+01
5.408668572848388578e+01
5.384001961503236089e+01
5.375555553431566125e+01
5.371786575343186598e+01
5.370819810635542524e+01
5.387034305249549249e+01
5.378868928094502877e+01
5.367739338519749026e+01
5.353392905200030327e+01
5.332067629118500207e+01
5.329663951352363682e+01
5.329778270743455693e+01
5.316842538071131230e+01
5.315171336853885009e+01
5.314183119644915365e+01
5.316753027809845378e+01
5.309527659250886700e+01
5.291128602616835508e+01
5.273649252085731121e+01
5.273344328470831499e+01
5.276524091822506080e+01
5.271049946590469659e+01
5.253754813631049103e+01
5.250412391371634868e+01
5.255705410805757083e+01
5.236977648864490931e+01
5.235408782116525828e+01
5.232741184875030171e+01
5.226651737740142067e+01
5.213241264387803398e+01
5.200043785820823672e+01
5.197680333326931645e+01
5.199628411974886433e+01
5.196840208940097483e+01
5.189743303001846186e+01
5.186560954875287877e+01
5.176497631614996919e+01
5.174371883611799916e+01
5.162302286174475796e+01
5.153602695291851887e+01
5.154022418598277966e+01
5.147143629534175346e+01
5.133704254731988215e+01
5.135349189235447653e+01
5.112534774557283157e+01
5.110845535772647708e+01
5.093638456875054743e+01
5.085686144799733199e+01
5.085680027167964568e+01
5.077394783648215082e+01
5.080471035816699299e+01
5.075516824230926716e+01
5.067328484190282012e+01
5.056112904114876017e+01
5.041926696929709095e+01
5.037259937444952129e+01
5.033630867902783734e+01
5.027269544145070768e+01
5.019157080361267731e+01
5.020522741434695746e+01
5.007802250792252607e+01
5.004124833892302604e+01
4.988529048565244750e+01
4.990331863492947662e+01
4.990434873476288402e+01
4.993724191210154828e+01
4.985669100043416790e+01
4.993599669270715680e+01
4.977237869145682936e+01
4.979516171733308028e+01
4.978997487537920819e+01
4.966162468863551283e+01
4.964745911838728176e+01
4.981601800847369077e+01
4.978100411072566089e+01
4.963925211719328701e+01
4.943822145951131120e+01
4.961118599616320779e+01
4.939832358017481084e+01
4.941011896556239691e+01
4.937891236890195756e+01
4.932243508196570758e+01
4.924746805583303910e+01
4.914164537890303563e+01
4.911397307855116168e+01
4.896881091713071044e+01
4.894860730163527052e+01
4.894607905313829121e+01
4.882790106294768862e+01
4.881358109351329944e+01
4.859428897459738295e+01
4.853945904796508160e+01
4.859198264523794109e+01
4.859955369891089560e+01
4.856708430321227610e+01
4.852572927740520470e+01
4.852038285650600358e+01
4.850886063769767986e+01
4.834010574070146049e+01
4.837712732725696441e+01
4.833333567748843507e+01
4.832909224433364415e+01
4.833162626431341380e+01
4.833625760720165943e+01
4.813875777175612569e+01
4.814757475051810331e+01
4.815149677751229262e+01
4.812897266132972618e+01
4.812227810047240695e+01
4.811671419839050401e+01
4.794564229075675854e+01
4.792281110643294539e+01
4.780627279651376682e+01
4.777544897939072399e+01
4.775221121618805853e+01
4.776798437175542489e+01
4.774186514104498258e+01
4.769503270655205540e+01
4.748475569453820810e+01
4.748922971924046976e+01
4.751944847312672948e+01
4.736965696836247730e+01
4.739201241644386187e+01
4.721251493160524859e+01
4.721147812368933927e+01
4.708020113157333242e+01
4.708057175499162383e+01
4.699877740396358661e+01
4.704560399829485817e+01
4.695909692168788752e+01
4.699762878240841957e+01
4.709417904862731064e+01
4.707072720533854948e+01
4.693432928145770688e+01
4.694535050218255634e+01
4.687554955822921698e+01
4.671083658371414060e+01
4.672425691346848708e+01
4.672310046067416778e+01
4.665807812810189148e+01
4.656315991888332206e+01
4.661006418390564932e+01
4.659239016001936307e+01
4.656920640187641425e+01
4.657344784432036278e+01
4.653008410839570530e+01
4.666986006967077572e+01
4.640338734189401038e+01
4.638479898786970068e+01
4.640927996441482861e+01
4.640231856762790130e+01
4.629880460904372086e+01
4.641040990617648987e+01
4.655583093984746057e+01
4.635982339263321705e+01
4.624618379897056997e+01
4.621132294217119352e+01
4.614014705076326095e+01
4.599775298868898687e+01
4.599776279182209038e+01
4.599214604223300285e+01
4.597753617707639506e+01
4.592711342520171769e+01
4.588959234520103081e+01
4.590630577359706166e+01
4.593819035609940471e+01
4.590843639689764188e+01
4.573328276809124304e+01
4.574670637975970067e+01
4.577093460537185621e+01
4.579229111037823685e+01
4.572315088711548015e+01
4.575689572886950884e+01
4.571738435370522069e+01
4.574202100234985835e+01
4.568045661534612378e+01
4.548960572797730606e+01
4.552115128563671220e+01
4.545476231493523045e+01
4.553023057217919956e+01
4.555409808984681774e+01
4.552838184989475678e+01
4.537804269891448428e+01
4.537628393760584089e+01
4.534897926095975862e+01
4.511115793880875913e+01
4.508690818327951177e+01
4.509549539867162338e+01
4.506339754435440170e+01
4.491833898300090766e+01
4.488140939736790358e+01
4.484123996159500081e+01
4.482774387663836535e+01
4.483132770922436805e+01
4.486197853355738374e+01
4.473004583828340230e+01
4.474549285705286650e+01
4.473553626014376761e+01
4.475433843225986408e+01
4.468088053542023630e+01
4.458782386977178192e+01
4.461300731887313020e+01
4.438716600683027025e+01
4.434011668052992405e+01
4.432321329869187565e+01
4.427783210749233689e+01
4.446968723462440920e+01
4.443164493278489857e+01
4.433644625521731086e+01
4.443617552840374429e+01
4.437864385526375344e+01
4.433018938044006774e+01
4.431212737988090566e+01
4.431521097759421224e+01
4.414186810478986445e+01
4.410554654827053866e+01
4.407448638765742999e+01
4.408258125620459111e+01
4.409099277457333699e+01
4.415320074638607650e+01
4.413479713842936292e+01
4.391861455840851391e+01
4.387464283092450756e+01
4.388466071384417688e+01
4.381760467221401001e+01
4.367465491382066034e+01
4.361929301438634354e+01
4.361591814615667317e+01
4.357549711202010201e+01
4.344894874860226963e+01
4.350036240140573796e+01
4.348039276387548568e+01
4.347052242164316738e+01
4.359630667697813777e+01
4.354494650078867579e+01
4.349853563436556669e+01
4.348648189365080441e+01
4.328556533056951849e+01
4.330536934326472220e+01
4.329046039875341023e+01
4.329449163362605191e+01
4.334595119808921737e+01
4.314976049076021525e+01
4.314294981401466345e+01
4.314355924230504513e+01
4.330790589372919186e+01
4.333250863942735265e+01
4.339478486198316887e+01
4.318560558096908863e+01
4.317757814445713649e+01
4.318441606573153990e+01
4.317299055691867693e+01
4.313643462020230146e+01
4.314595128488284104e+01
4.309995912796351547e+01
4.309809671457004754e+01
4.315464873311961469e+01
4.318048373482766067e+01
4.314601961824880050e+01
4.303800756868132993e+01
4.296185093518428033e+01
4.298842920122665845e+01
4.293503514318621228e+01
4.276173578133504094e+01
4.276197462837255614e+01
4.298503792373766430e+01
4.273061972272308395e+01
4.268997189544168691e+01
4.266721560278858760e+01
4.255100417936618840e+01
4.249480825186904553e+01
4.252109714342482505e+01
4.257054290680217434e+01
4.237873572809984068e+01
4.239391167462599697e+01
4.234410042032151011e+01
4.228828986217461505e+01
4.229383325954803752e+01
4.231526837812443631e+01
4.214500905997928726e+01
4.211264861249247105e+01
4.209698827124659459e+01
4.214230214346584091e+01
4.214457894802880134e+01
4.195404571744290934e+01
4.188846679653539695e+01
4.190517752890756498e+01
4.186012291521156925e+01
4.191914019472175568e+01
4.176604974427174710e+01
4.175541036985445942e+01
4.173966088083822257e+01
4.170883700578554709e+01
4.171595511017731184e+01
4.152869438079672904e+01
4.151438045668452048e+01
4.150262639891306549e+01
4.168124760128072381e+01
4.163283588176960137e+01
4.165628580046953999e+01
4.152464788783579763e+01
4.148250974962047621e+01
4.130870004727986355e+01
4.130544043911354635e+01
4.128721930454182143e+01
4.124549303696634439e+01
4.128905937112243407e+01
4.133804108675833788e+01
4.137077740488913236e+01
4.137549526536415812e+01
4.139609432303071657e+01
4.137996148085057513e+01
4.117233281317596294e+01
4.129832330691522202e+01
4.123581990121495977e+01
4.117526612366962269e+01
4.108388880500790208e+01
4.121543571191665478e+01
4.114823067443407467e+01
4.111806572819886441e+01
4.119289734115167079e+01
4.111264533571018376e+01
4.108908075981128150e+01
4.116682500981990245e+01
4.108362728793321850e+01
4.091816106909499240e+01
4.091831146715421852e+01
4.094577977785552747e+01
4.090865608036651935e+01
4.088215879024103572e+01
4.082263983262477325e+01
4.070195740827023201e+01
4.072623417174332872e+01
4.072346134638953430e+01
4.072833032370758843e+01
4.073255265263051683e+01
4.069612802316254374e+01
4.068124436476101380e+01
4.061240068149262328e+01
4.049571914844199227e+01
4.039279614756704717e+01
4.035510179982007628e+01
4.034578227178971588e+01
4.034351101741621193e+01
4.036039527310279595e+01
4.035475372338544275e+01
4.052525992777976427e+01
4.035152078077936721e+01
4.016843098079606733e+01
4.035406040900895874e+01
4.041719785714734314e+01
4.028301308800288183e+01
4.032243942223920641e+01
4.036291282410023484e+01
4.019224271799989623e+01
4.015962164202463924e+01
4.018939019927280043e+01
4.014644845644095028e+01
4.010190891149245829e+01
4.012383444660205356e+01
4.010168102832587067e+01
4.002487455018628282e+01
3.989391367471723271e+01
3.998828080024554055e+01
4.003031989607594454e+01
3.982523445047347366e+01
3.987204539136851622e+01
3.974686832875885045e+01
3.976014729049555285e+01
3.973262635450198133e+01
3.954894597969805403e+01
3.978547816596465481e+01
3.976292623990556052e+01
3.963778735851487767e+01
3.964396445377055045e+01
3.967231082939840547e+01
3.952075466895070832e+01
3.952298834547230655e+01
3.954445207591798095e+01
3.938530935621350437e+01
3.942831764504438041e+01
3.938544859374422913e+01
3.935275205332612813e+01
3.935924160009059847e+01
3.933808647534881686e+01
3.911702337699522758e+01
3.905584973500130275e+01
3.905932808728423566e+01
3.895920270404552355e+01
3.894425292240505598e+01
3.891277109370847143e+01
3.890314441399142709e+01
3.890756872255719401e+01
3.884577903596636617e+01
3.879992861773995827e+01
3.879027693594384374e+01
3.866072295674135262e+01
3.874079004006662785e+01
3.870043281622406539e+01
3.865010302891763416e+01
3.865711974777559590e+01
3.851654856886063527e+01
3.856492881317944921e+01
3.855845275001165362e+01
3.857321777125968509e+01
3.855246687892966406e+01
3.868670258675072660e+01
3.850525478051959283e+01
3.848713101070514853e+01
3.850589731977316177e+01
3.850448911462201096e+01
3.842888522379819705e+01
3.836506806506402967e+01
3.839338143008899351e+01
3.837755922924403507e+01
3.820994819159074041e+01
3.833827260686910421e+01
3.816620143161735967e+01
3.836248701363319924e+01
3.825933855102230297e+01
3.822914745778225409e+01
3.822315384770823954e+01
3.824447474176667328e+01
3.814516673494298971e+01
3.815498929120263938e+01
3.820076554348126763e+01
3.794899768026711229e+01
3.791920169569260679e+01
3.805085856630169161e+01
3.795793801228019504e+01
3.787616604098543149e+01
3.788572839325001951e+01
3.773689763217212345e+01
3.773688032900160039e+01
3.770097215938471891e+01
3.766922827346893143e+01
3.749873657312735276e+01
3.744238463721584509e+01
3.765244226462959176e+01
3.747295290911083754e+01
3.744460224525986547e+01
3.728437976614345217e+01
3.747592360959783520e+01
3.734228247658946742e+01
3.735420697170547299e+01
3.754543333363107394e+01
3.745526613912726788e+01
3.725287923899828968e+01
3.723386676024971109e+01
3.728963647836487638e+01
3.725253167305741897e+01
3.719726599543733414e+01
3.714163495934653270e+01
3.713651262229657846e+01
3.710803213195683981e+01
3.719201768229201122e+01
3.719458237534750111e+01
3.719590387073527182e+01
3.700214646786015038e+01
3.699152556442286510e+01
3.700534595765524415e+01
3.698309693200644688e+01
3.693441490818588591e+01
3.695435166907450508e+01
3.693287165736023780e+01
3.698013071162449705e+01
3.692256292267077100e+01
3.693115043769990535e+01
3.670718023658196216e+01
3.675316673976165305e+01
3.678976961479122565e+01
3.672012402630966932e+01
3.691284573177411232e+01
3.677270579367129955e+01
3.682811732187884246e+01
3.685432126785986640e+01
3.684310251171287831e+01
3.677179563437221788e+01
3.659307088158337251e+01
3.668773787769259087e+01
3.652887849489181349e+01
3.651742051994142457e+01
3.651632832072193224e+01
3.650539006801085407e+01
3.653756757478723927e+01
3.657793079369358935e+01
3.655972575300188510e+01
3.641022705441569940e+01
3.634265967336673242e+01
3.650914867591484381e+01
3.631026235984906236e+01
3.629059025388422555e+01
3.627410073325353324e+01
3.626748060498329806e+01
3.620752507390361075e+01
3.626422409110854517e+01
3.631093452677652067e+01
3.634169184839395683e+01
3.631713291155278966e+01
3.632599443264636818e+01
3.627630342652034301e+01
3.608569207176576299e+01
3.608185777735018718e+01
3.613649345113303468e+01
3.617602546777028749e+01
3.619708631407426225e+01
3.614196380000645092e+01
3.617941908083228242e+01
3.619497788138268390e+01
3.618122538433637914e+01
3.596832310955342393e+01
3.594739757035517869e+01
3.598480778071971287e+01
3.604746690960630673e+01
3.600412585800597043e+01
3.581051722120486147e+01
3.582601525225847894e+01
3.586488710754186116e+01
3.581406878832204654e+01
3.562603561079875192e+01
3.582509235597788688e+01
3.559506473312379882e+01
3.558913525152878776e+01
3.556933598834705634e+01
3.558336775816908215e+01
3.564096933598840167e+01
3.563000443313762133e+01
3.560612279012282499e+01
3.555913891774830660e+01
3.544119790434851325e+01
3.550621952044814833e+01
3.539646328196091218e+01
3.546067260383738784e+01
3.547918027735651947e+01
3.553145788867680466e+01
3.541454354608327293e+01
3.559875920780715575e+01
3.540383978513241914e+01
3.521362981469439291e+01
3.532069981105833278e+01
3.530526820003582600e+01
3.549079042801459849e+01
3.532323345049995567e+01
3.529129427885868608e+01
3.526769474138924920e+01
3.511785449131832593e+01
3.495262440980994256e+01
3.507345705558756777e+01
3.501833291092673051e+01
3.517717290698065824e+01
3.523027495030451917e+01
3.476334325161543859e+01
3.495896732924712325e+01
3.480122075859041786e+01
3.489023168671500486e+01
3.491461667791089951e+01
3.499075725360378186e+01
3.481076742601837992e+01
3.484726615693375606e+01
3.503423812234242973e+01
3.511529458186387842e+01
3.500640813828898246e+01
3.501474438694327773e+01
3.502348193758051309e+01
3.501674171867227869e+01
3.488024092075158222e+01
3.475988741896212275e+01
3.481736990305409307e+01
3.499610352029504412e+01
3.489041654000347137e+01
3.497190430107308146e+01
3.498916839195744188e+01
3.492354933394659611e+01
3.481910054145463818e+01
3.486450477552420324e+01
3.479412221885165479e+01
3.479012544270356955e+01
3.496765398133690184e+01
3.481791511738397560e+01
3.478575581520715332e+01
3.477441596183620476e+01
3.494935527899102112e+01
3.458637464198225331e+01
3.481005608390685069e+01
3.482386406329838024e+01
3.482229212928018569e+01
3.483995458244295662e+01
3.476419760459354791e+01
3.478053349311969811e+01
3.485885740319285730e+01
3.467292322016292161e+01
3.486355227175366878e+01
3.481807728744509234e+01
3.479696343381402812e+01
3.479055522814423540e+01
3.463096493604385273e+01
3.465749130399117917e+01
3.464413742246897243e+01
3.461604551773755389e+01
3.465400297239749960e+01
3.458931019156382547e+01
3.464773680592668370e+01
3.441447154791453755e+01
3.460471923365780356e+01
3.461834737299793829e+01
3.473495929423248896e+01
3.477193314798012835e+01
3.476384583897903724e+01
3.481327807043121680e+01
3.453296578859215771e+01
3.456119528256598272e+01
3.457297914230128555e+01
3.461696996110040914e+01
3.474253332382366466e+01
3.478394617769032493e+01
3.476890881742372130e+01
3.469466330821654054e+01
3.462241548681426195e+01
3.440140406038386800e+01
3.459260820808253811e+01
3.462079499940190885e+01
3.472628099446528438e+01
3.434418410586241066e+01
3.473249289190651723e+01
3.447381562733049520e+01
3.453227940893691539e+01
3.447116215048507115e+01
3.441851308265646026e+01
3.453139568719694807e+01
3.416201317965780504e+01
3.417538937931938392e+01
3.436803480941142652e+01
3.418789026353890392e+01
3.472590962599232256e+01
3.427787990929994777e+01
3.434653594061801130e+01
3.433780815859692837e+01
3.446532039471630782e+01
3.449105638840512000e+01
3.427447616327709312e+01
3.446450658081237606e+01
3.429779056790015801e+01
3.429765049477669692e+01
3.448877091360269276e+01
3.452067226356277274e+01
3.452927206980405828e+01
3.445740031858821339e+01
3.440670969452315830e+01
3.463840362099166015e+01
3.462467789722507661e+01
3.438409290597134316e+01
3.409919849023611249e+01
3.429184516614434131e+01
3.410323897021495299e+01
3.431658564373741171e+01
3.420176615240016815e+01
3.422048461343273118e+01
3.407111196820234511e+01
3.409881987830152639e+01
3.407049899557117101e+01
3.402794795341306155e+01
3.403540640953083596e+01
3.411427667802968244e+01
3.412825368573614071e+01
3.395811282165364275e+01
3.412288920233564937e+01
3.416361673258084863e+01
3.396470899086523332e+01
3.417360531805777413e+01
3.401765173796434993e+01
3.418750914862536661e+01
3.418014159549060338e+01
3.393440819002297104e+01
3.392043971576079286e+01
3.414222049234253831e+01
3.392561074844218183e+01
3.394899641617821828e+01
3.395286692280673435e+01
3.406167010894270675e+01
3.392084351170411338e+01
3.392488828014581514e+01
3.398577243868776065e+01
3.374644478279219584e+01
3.394863620214781719e+01
3.373034171159162753e+01
3.377733519564957021e+01
3.376937545690588394e+01
3.393109236245617666e+01
3.381874470975712654e+01
3.385482181779182298e+01
3.381552745425354090e+01
3.404940401749976786e+01
3.387789637548738142e+01
3.383779806703803672e+01
3.399549612861410708e+01
3.382507792477927921e+01
3.377444695011797648e+01
3.377612049917004100e+01
3.376824306066847470e+01
3.360197505131561968e+01
3.364717734693124385e+01
3.363586171813565073e+01
3.364735137524679942e+01
3.378875111139411302e+01
3.361683844566607604e+01
3.324303455082464609e+01
3.339722488551327473e+01
3.368098248345720691e+01
3.349710380300297885e+01
3.374686481285324646e+01
3.373033487748382697e+01
3.356612529288984348e+01
3.349576641609218797e+01
3.358744203838966058e+01
3.374588675759662237e+01
3.357769393405023095e+01
3.378169801781708514e+01
3.359370450021490484e+01
3.358605183162312358e+01
3.360960190152305671e+01
3.374314986547555151e+01
3.352573567777902497e+01
3.353800787135195804e+01
3.357868662977057284e+01
3.354382803899967058e+01
3.356203266394830820e+01
3.356101564672302118e+01
3.355170545908100621e+01
3.356578409001810570e+01
3.350906009199441371e+01
3.330631102099033569e+01
3.346867497877830999e+01
3.324354056036115423e+01
3.331236037501309255e+01
3.336038086303761929e+01
3.338917211139386154e+01
3.351048618765322118e+01
3.346813640596753459e+01
3.334420586193342473e+01
3.313880346776927865e+01
3.320213097187181717e+01
3.319510146568085673e+01
3.311988789902720498e+01
3.317482221107550089e+01
3.315637474681788177e+01
3.299085544340424292e+01
3.315027053733456341e+01
3.312929720118090415e+01
3.313369907321185792e+01
3.294880745010823375e+01
3.300879161467407386e+01
3.291102419400931467e+01
3.285905671740943035e+01
3.285767370874764026e+01
3.289761254990503403e+01
3.294187933924821721e+01
3.281434870527412784e+01
3.275889898639448461e+01
3.274120123076378519e+01
3.276523410737252107e+01
3.254327249476183681e+01
3.250727480250771606e+01
3.256260959736572858e+01
3.256218024055315396e+01
3.249967135278566843e+01
3.246991288121376584e+01
3.247903677743899920e+01
3.252609263073015455e+01
3.254677036605063023e+01
3.255575226589103721e+01
3.252537824651646048e+01
3.228912502004418172e+01
3.233233001388141048e+01
3.213725329445543366e+01
3.238319667821854608e+01
3.227822367318795216e+01
3.222021571747729496e+01
3.238528264180288829e+01
3.221488000183845912e+01
3.212127964983579886e+01
3.231118196499138406e+01
3.231802190421412746e+01
3.232157813983844363e+01
3.231967763098521829e+01
3.228706765899843134e+01
3.232874016947573637e+01
3.229763047415304555e+01
3.210140117358995582e+01
3.227814749510669401e+01
3.210313990128440054e+01
3.214812464255830093e+01
3.215366615416035501e+01
3.199614729769761112e+01
3.215198214025605239e+01
3.218163705783770467e+01
3.193680548493326654e+01
3.194299649465630608e+01
3.200757662023652017e+01
3.198728477037110807e+01
3.178245714857475335e+01
3.186552739652394450e+01
3.178237040030731464e+01
3.187667237437783285e+01
3.168914724801952332e+01
3.171634900390126433e+01
3.176210034894198486e+01
3.176733239613137982e+01
3.175650722245736546e+01
3.175380101759781937e+01
3.176398557875085871e+01
3.157113926816806071e+01
3.174788056313999007e+01
3.156724965556233542e+01
3.153707225280531290e+01
3.170053953080610043e+01
3.177646463555671019e+01
3.175314418718907916e+01
3.154853236467616995e+01
3.159146844451242586e+01
3.175439118430565699e+01
3.160312899696344502e+01
3.161061027756160868e+01
3.151104170765152546e+01
3.139915782301051195e+01
3.152781598018412978e+01
3.134312094862065834e+01
3.130432232510475998e+01
3.157467588887029919e+01
3.155016472089930346e+01
3.152397102074827018e+01
3.132191376048535147e+01
3.117267062375313458e+01
3.127155587426950234e+01
3.114629387495165602e+01
3.118241910430728581e+01
3.115067150457708678e+01
3.117338070568543529e+01
3.099035244452935345e+01
3.103626280050412589e+01
3.103684262557684193e+01
3.110014674966028991e+01
3.116411354974306747e+01
3.101431095592177201e+01
3.114040340899022041e+01
3.096336228283353620e+01
3.109297225702045608e+01
3.108215894140377955e+01
3.104121151936942624e+01
3.104692888045020993e+01
3.104885543461978514e+01
3.102509700073946419e+01
3.110028425988505418e+01
3.113478572780173792e+01
3.106333366123192619e+01
3.106558330182483019e+01
3.110978950149834077e+01
3.098231861717474800e+01
3.099735013192027466e+01
3.122912711529521346e+01
3.116447259599929254e+01
3.108990568819105604e+01
3.105430415382540588e+01
3.106220091289662477e+01
3.088028110196994547e+01
3.088245639584422619e+01
3.094926649741962876e+01
3.094166316297916808e+01
3.101374719890575804e+01
3.094492287428411004e+01
3.088579499364112735e+01
3.065096318506099493e+01
3.067767415451254109e+01
3.072225962114173115e+01
3.068809512811148466e+01
3.055505436277120523e+01
3.051905540337115852e+01
3.047834557352529572e+01
3.057549805031666068e+01
3.065278869477382528e+01
3.049171334370482356e+01
3.051294513330277880e+01
3.052777257117667986e+01
3.051471247285731181e+01
3.067335893311581074e+01
3.056602012062595719e+01
3.067269571939378991e+01
3.068564231678191945e+01
3.065948735989230656e+01
3.048638113802516614e+01
3.067781428003021560e+01
3.052643630589501100e+01
3.062997596650044585e+01
3.064159947679612017e+01
3.052310823592578615e+01
3.047724386370841643e+01
3.048282242867419711e+01
3.031670542576306104e+01
3.046177707369432497e+01
3.025779200503614064e+01
3.030557945836482148e+01
3.035088285780006245e+01
3.036084842056213873e+01
3.032970729502791940e+01
3.035467681456421829e+01
3.016705882842070352e+01
3.012124549996945433e+01
3.019823588250203628e+01
3.030169446770805308e+01
3.049254972283854670e+01
3.050181272778520025e+01
3.032727238027295513e+01
3.014549746352260229e+01
3.032493873146102104e+01
3.024079124809940566e+01
3.023053541251092113e+01
3.003835351598127446e+01
3.001711738636765503e+01
3.016298668540641614e+01
2.990010523880818027e+01
2.995829231264355030e+01
3.014932752681091443e+01
2.997554855537826057e+01
3.010094782269765190e+01
3.002141424596344521e+01
3.014724429815303708e+01
3.016595914617899510e+01
3.014134349981061689e+01
3.013604127997369986e+01
3.037523645644382242e+01
3.037760534346382002e+01
3.030865786353611213e+01
3.022951324568048648e+01
3.026345550813359964e+01
3.045483022711853849e+01
3.030584171345760325e+01
3.013661504725197915e+01
3.011220111950854061e+01
3.023788585445131716e+01
3.018587615295548332e+01
3.013052168839643130e+01
3.023923106083186241e+01
3.023168566115088751e+01
3.037489076347133476e+01
3.016362961925322139e+01
3.018952479592275751e+01
2.999325355850656294e+01
3.024353916154306532e+01
3.035996883135439006e+01
3.016704636920399807e+01
3.018235969006975239e+01
3.022780620434066279e+01
3.018956322118512503e+01
3.034425889004963750e+01
3.044141124796956888e+01
3.028340796326575202e+01
3.039657755679172269e+01
3.037193108177220324e+01
3.015132489412883032e+01
3.029722200609841565e+01
3.031820626519376560e+01
3.017043937230483408e+01
3.020113587136031441e+01
3.018894443155958740e+01
3.013483423131755501e+01
3.011629658198634019e+01
3.005470751350954828e+01
3.002308885595217092e+01
3.024446301703784812e+01
3.028027803383270822e+01
3.030192310484669704e+01
3.046910900926714660e+01
3.028606523521543892e+01
3.023476485365549848e+01
3.014474002646250028e+01
3.017357494460129885e+01
3.016120423047861365e+01
3.012577630476616619e+01
3.006357546126233871e+01
3.005769326585685519e+01
2.983905920207924822e+01
2.968495795146880667e+01
2.987573369298611325e+01
3.008998576584493279e+01
3.011004207845330072e+01
3.005807414674047351e+01
3.013691303546162814e+01
3.013668748911679174e+01
3.007776845404631416e+01
3.013576965112227057e+01
2.992582018078611483e+01
2.999624869863788490e+01
2.994428791490521036e+01
2.988757732856370097e+01
2.995335773863690321e+01
3.012710947413635054e+01
2.991915101978350577e+01
2.989704234883944522e+01
2.988749324308209410e+01
2.985720667504908832e+01
2.990406231621660993e+01
2.994986094530074894e+01
2.970475807804419688e+01
2.973769002101347425e+01
2.973860837348073005e+01
2.970786672290741848e+01
2.972949857176131161e+01
2.971974867570632028e+01
2.976229014002583639e+01
2.963111566156445775e+01
2.960296923284227333e+01
2.954869861542747245e+01
2.951513076047897854e+01
2.949783358961780522e+01
2.947170093731511287e+01
2.945968639258293820e+01
2.937110231434627394e+01
2.931970566545270174e+01
2.937424008190194868e+01
2.942037866637483745e+01
2.947081987721200491e+01
2.942727607473670659e+01
2.954043998539720306e+01
2.940432244954261876e+01
2.953136260224685827e+01
2.934314364130617747e+01
2.953029815387787238e+01
2.960274017432942273e+01
2.959976729741945078e+01
2.974467751954059125e+01
2.939768170370031442e+01
2.936194121008465174e+01
2.937648280572805959e+01
2.953839926748367972e+01
2.965313901324411461e+01
2.936905749655681674e+01
2.953551784198355890e+01
2.960647899723686294e+01
2.974640332272329601e+01
2.977665213875011574e+01
2.975209395951836555e+01
2.956390099799086002e+01
2.952443763556304646e+01
2.935685174884032733e+01
2.931825182700767840e+01
2.931478508219372259e+01
2.936324838720264196e+01
2.915416883657708169e+01
2.914383650415678417e+01
2.913635769695790145e+01
2.925716749699737562e+01
2.910795465506483737e+01
2.913500378068620122e+01
2.913087457953117720e+01
2.909781430050622220e+01
2.910805098265654323e+01
2.914010754402653802e+01
2.896945744316715476e+01
2.875588797746280179e+01
2.912548145119259146e+01
2.894113433299360594e+01
2.900665811218826207e+01
2.878969171216522227e+01
2.914086304000023020e+01
2.882761192610285050e+01
2.899149971888159527e+01
2.881272275458296761e+01
2.886686171550043056e+01
2.887825600459845177e+01
2.886572696863703413e+01
2.878410308692482644e+01
2.876429475715510620e+01
2.887877796856906798e+01
2.866778323165977227e+01
2.894557851281266281e+01
2.894528652473657360e+01
2.889582827016719691e+01
2.897227054151134240e+01
2.895039851774601303e+01
2.891601035163315458e+01
2.915767828690922769e+01
2.925492384765963294e+01
2.891390951601890436e+01
2.891377658636683634e+01
2.881913818841782415e+01
2.901226690392885388e+01
2.901511155922033680e+01
2.905505395856836870e+01
