9.427401885089653888e+01
9.501133419694707527e+01
9.549364128447233213e+01
9.607510031266596684e+01
9.669549767417446162e+01
9.742906106405952471e+01
9.789419022118599401e+01
9.801216854216507102e+01
9.823346668480201060e+01
9.864771132699439704e+01
9.901644043349074309e+01
9.921797537378144227e+01
9.959659049558790400e+01
9.989034852446887669e+01
1.002696073565540757e+02
1.005630625304117416e+02
1.007966471121192313e+02
1.010037781815951092e+02
1.011933407770234226e+02
1.013697244592142965e+02
1.015988607714951826e+02
1.020075841549463007e+02
1.023350828776333401e+02
1.025739782583551829e+02
1.028825942203836092e+02
1.031369267136412020e+02
1.033483394223476637e+02
1.035530918217333465e+02
1.036844034810034287e+02
1.040406592798273806e+02
1.043059044027846625e+02
1.045484475665505641e+02
1.046525610848337635e+02
1.049087908035620700e+02
1.052497470798732735e+02
1.054818267755827321e+02
1.055810577925787328e+02
1.058435690092836268e+02
1.059650058661385827e+02
1.061236522402357281e+02
1.062895329117629615e+02
1.064807845795524059e+02
1.065184041257498251e+02
1.065684850629695006e+02
1.067406273964328847e+02
1.069393142081514014e+02
1.070222339822050941e+02
1.071797893468741592e+02
1.073873604622924063e+02
1.075541750066862221e+02
1.077285709489333101e+02
1.080315521942063413e+02
1.084941710576640475e+02
1.086538941200296478e+02
1.089573855212498330e+02
1.092354298717108065e+02
1.094018604031721793e+02
1.095553380558539516e+02
1.097884821616816566e+02
1.100210513622230479e+02
1.101340767991657827e+02
1.102533264907792301e+02
1.105089418881326822e+02
1.106238244853554278e+02
1.109230184735944675e+02
1.110674462182202973e+02
1.112270920091071815e+02
1.112469592008851862e+02
1.113608512841383487e+02
1.115515548567480266e+02
1.117963692513505407e+02
1.119442759310948787e+02
1.120305793296969057e+02
1.122262654441783667e+02
1.124551952539026587e+02
1.125801773360293936e+02
1.127017298907418734e+02
1.128510872296514123e+02
1.129598090354968747e+02
1.130833551581425951e+02
1.132612405398303963e+02
1.134201121097272988e+02
1.134629558125482163e+02
1.135883552317608576e+02
1.137039109452936003e+02
1.137582514446542348e+02
1.139491548399623184e+02
1.140857194915327710e+02
1.141043897017242870e+02
1.142030823741093712e+02
1.143393374625360224e+02
1.143086004526240629e+02
1.143411374595746395e+02
1.144754791900599002e+02
1.144778321558775787e+02
1.146857951568027687e+02
1.147970345918195534e+02
1.149345452954026285e+02
1.150523865964213428e+02
1.150594423899035803e+02
1.152606922604418003e+02
1.153256702430695668e+02
1.153385148988291888e+02
1.153099189839225858e+02
1.155599207583122592e+02
1.156485918391527292e+02
1.158252928093732237e+02
1.160076015066693742e+02
1.160283928903371873e+02
1.161305852467903463e+02
1.161376087899282084e+02
1.163122578422495081e+02
1.164557623800062487e+02
1.166664783074808440e+02
1.168556932994295465e+02
1.170499907203017784e+02
1.171437524170478781e+02
1.170945061469030009e+02
1.171862066056024361e+02
1.174095792550304935e+02
1.175067923998522588e+02
1.175558101400011850e+02
1.177099469417218103e+02
1.179029808258799079e+02
1.179896616753053991e+02
1.181474759072701914e+02
1.183441311886840737e+02
1.184735471628219159e+02
1.185773414193868120e+02
1.186936600796788497e+02
1.186952844324878527e+02
1.188155492131307795e+02
1.190567996022133457e+02
1.191471592644049480e+02
1.191231931456408830e+02
1.191563945170120036e+02
1.192558149460354002e+02
1.195238621769258316e+02
1.196278489034055070e+02
1.197206970356898807e+02
1.197308096170681608e+02
1.197793395580301308e+02
1.198740803969247395e+02
1.198805895681046678e+02
1.198783733293711009e+02
1.199727226772155291e+02
1.200956410926520874e+02
1.201213373529262469e+02
1.202478233375656060e+02
1.202573709566660369e+02
1.204384529129776666e+02
1.205500069417733471e+02
1.205636506898622571e+02
1.207215376581309982e+02
1.206950339221442334e+02
1.206799836846568752e+02
1.207461092260491853e+02
1.209285126806536681e+02
1.209363148054725201e+02
1.209003928685341691e+02
1.209774247718606262e+02
1.210929728997843853e+02
1.210714014907554770e+02
1.211061183294334853e+02
1.211359342722852830e+02
1.213512292881546131e+02
1.214453847702351936e+02
1.215605911581715333e+02
1.216227291597809739e+02
1.217730716867196321e+02
1.219043699222307140e+02
1.219032349015815129e+02
1.219316807617716307e+02
1.220889940473024922e+02
1.221689389110507449e+02
1.221344273998375627e+02
1.222843200012950859e+02
1.223075128467433359e+02
1.223378677493670352e+02
1.223967117050014366e+02
1.225091039111646722e+02
1.226327432633916459e+02
1.226296258145152649e+02
1.227428959234092076e+02
1.229269932279631234e+02
1.228698150144400785e+02
1.229241290433874241e+02
1.229588780601412594e+02
1.229502365080545587e+02
1.231419498073598078e+02
1.231356418626620126e+02
1.230838743831824900e+02
1.231612791331548209e+02
1.232744099111255736e+02
1.233447462351449531e+02
1.235031061405503436e+02
1.234897250307802921e+02
1.234954416825209194e+02
1.236730609000957770e+02
1.237424987763589144e+02
1.237641237803653667e+02
1.238801142512629667e+02
1.239092152100045610e+02
1.241343599267889601e+02
1.241193378353130896e+02
1.241206356910055604e+02
1.243052500953350261e+02
1.240904766060502737e+02
1.240318362162878003e+02
1.240712878058033510e+02
1.240392298445234047e+02
1.240480588169623246e+02
1.240599976546305641e+02
1.241080981525708182e+02
1.241566919794594241e+02
1.242750440599234452e+02
1.242870431427723901e+02
1.242676054069380029e+02
1.244320938248921493e+02
1.244756073275765260e+02
1.245226437235342587e+02
1.245752257506026268e+02
1.247799312884883278e+02
1.248187916799338382e+02
1.248576981106131427e+02
1.249999476352962091e+02
1.249417467582303658e+02
1.249650232692191452e+02
1.249391527307229381e+02
1.249611173924181458e+02
1.250587466466908211e+02
1.250970724610200051e+02
1.251640665532822823e+02
1.251259622771628273e+02
1.251038916179820717e+02
1.251619480137741505e+02
1.252633384926657243e+02
1.253279585837521211e+02
1.252983504491060245e+02
1.253042699158022373e+02
1.252834722046937088e+02
1.252883376412528662e+02
1.254111077837315662e+02
1.253487195336296054e+02
1.253070591715528792e+02
1.255140755685254135e+02
1.255423583200715996e+02
1.257637469263732868e+02
1.257594285070541105e+02
1.257845210650453396e+02
1.259604895197367966e+02
1.260143608928793242e+02
1.261606760490972619e+02
1.261187954115569596e+02
1.260929371541579513e+02
1.261144899602644216e+02
1.262782498726486011e+02
1.262840630655854142e+02
1.262806614035030890e+02
1.263120143358941334e+02
1.263507010176550267e+02
1.263116876180295094e+02
1.261741301579632051e+02
1.263458051980985033e+02
1.264576122323160945e+02
1.265001583933556191e+02
1.266845858613614979e+02
1.268410330856445967e+02
1.269353831626106484e+02
1.269153506406483558e+02
1.270238293065211224e+02
1.270618607134831706e+02
1.269597900972715934e+02
1.270301665423253610e+02
1.271084566256436688e+02
1.271063935027054441e+02
1.272820607496729792e+02
1.272288822690848633e+02
1.273098533381290736e+02
1.270858151541723799e+02
1.272841735644999233e+02
1.273393196050939196e+02
1.273918993716044383e+02
1.275478575364593468e+02
1.275697902634457819e+02
1.275789413302910731e+02
1.276913804139150699e+02
1.277242657126130041e+02
1.276330614193725808e+02
1.277286629416663004e+02
1.277209050288716981e+02
1.277068417135942440e+02
1.277323447929189655e+02
1.277593107543646340e+02
1.277277808329749433e+02
1.277254310975568359e+02
1.277347823458746490e+02
1.279361448313138538e+02
1.279776889418539128e+02
1.280277576922885601e+02
1.280346325684909914e+02
1.281133931095627929e+02
1.283192558892285717e+02
1.282999777706218367e+02
1.283170927066479976e+02
1.283541752950530963e+02
1.284659331395435800e+02
1.284094452787685725e+02
1.284479453178031463e+02
1.284625700948007534e+02
1.284739670499271540e+02
1.286660701284309880e+02
1.287007294088526237e+02
1.287470456759233173e+02
1.287319380310411248e+02
1.287226282180049850e+02
1.287030159627520050e+02
1.287524150228779263e+02
1.288781319752143872e+02
1.288438950284695181e+02
1.288632508553503158e+02
1.290605984640809822e+02
1.290917915433526844e+02
1.291302530768305985e+02
1.290772893982311018e+02
1.291569111437070774e+02
1.291075971688500488e+02
1.292917379238299702e+02
1.291868434201094544e+02
1.292776286148009888e+02
1.293702219518143579e+02
1.293354229859990596e+02
1.295024406281073652e+02
1.296177215390105459e+02
1.296007162663517533e+02
1.296404226083545268e+02
1.296573527502299328e+02
1.296572783653129193e+02
1.296374237882150169e+02
1.296442056023815326e+02
1.295121659373675413e+02
1.295698277303875443e+02
1.297716282806776746e+02
1.297609885797956508e+02
1.299398924813271776e+02
1.299346756566063448e+02
1.298766998986205579e+02
1.297635997960801149e+02
1.296371425875323666e+02
1.297822342705170513e+02
1.296975150647812711e+02
1.298532528561016761e+02
1.299087471013567381e+02
1.300967940371002385e+02
1.299478167684526113e+02
1.301388639580182769e+02
1.301178204616039977e+02
1.300733468704026734e+02
1.301543607381531729e+02
1.302683900604503719e+02
1.303034658789801199e+02
1.302994967663752277e+02
1.301899961412542268e+02
1.303625005470046005e+02
1.303498836699204162e+02
1.305105195086425738e+02
1.305302893238318518e+02
1.306830749261948199e+02
1.306682496182468753e+02
1.306665603200822545e+02
1.306871076987025617e+02
1.306924823517909999e+02
1.307200480598296792e+02
1.308150771041159430e+02
1.308407844665020434e+02
1.308016996577705982e+02
1.308930076666692059e+02
1.309514756310927908e+02
1.309089767987809694e+02
1.309485322378291698e+02
1.309370785712297334e+02
1.308922752393459064e+02
1.310535953833658596e+02
1.309521110341293308e+02
1.310818033900835076e+02
1.309804312905554866e+02
1.311061388219510206e+02
1.311214076214782551e+02
1.311379978093123952e+02
1.311774593284768571e+02
1.312277434764170891e+02
1.313073948354756340e+02
1.312782124242618806e+02
1.313022364551594308e+02
1.312603354801718183e+02
1.313241256100622252e+02
1.314001731353457956e+02
1.314333758660334297e+02
1.315638271048386230e+02
1.314825974780647186e+02
1.315210408013788026e+02
1.315766008190926470e+02
1.316596384649339484e+02
1.317003337095020186e+02
1.317512283608796224e+02
1.317687647680033365e+02
1.317295225977117354e+02
1.317047399919533177e+02
1.317447795590085775e+02
1.319193170613227437e+02
1.319098962907061434e+02
1.319144727967996005e+02
1.319259476897925651e+02
1.319500967662854407e+02
1.321034800303347652e+02
1.319938950563077924e+02
1.320477720967227810e+02
1.320836427942793136e+02
1.320919196180394408e+02
1.321004300980386006e+02
1.321387726980887294e+02
1.321464087424583056e+02
1.321314529990471272e+02
1.320892287779563787e+02
1.321380031176228727e+02
1.321336857269345160e+02
1.321274945546681465e+02
1.322675560144607232e+02
1.323468925779358756e+02
1.325439217984547042e+02
1.325180171623331944e+02
1.324938672038523180e+02
1.326998177909754304e+02
1.326946963715508900e+02
1.327018188623260073e+02
1.328850451683876202e+02
1.328697474111524173e+02
1.329054178581248493e+02
1.327954642307069832e+02
1.329069430931185707e+02
1.329524216982207179e+02
1.329256682336805966e+02
1.331003235038193111e+02
1.331195475132720674e+02
1.331493919872650622e+02
1.331532166964858277e+02
1.333110344592516014e+02
1.332859731969099926e+02
1.333219769024668153e+02
1.333328407749212943e+02
1.334241562563335890e+02
1.333324659272350061e+02
1.333634353886077974e+02
1.334034115431967962e+02
1.335111429297080576e+02
1.334492400868713560e+02
1.334974808837537807e+02
1.334987954624345150e+02
1.334785290831610496e+02
1.334587232988556877e+02
1.337110185043678143e+02
1.336707604292494409e+02
1.337134923713761623e+02
1.337358438107412155e+02
1.337067826361408152e+02
1.337341433605718066e+02
1.338097787344632934e+02
1.338518502013104410e+02
1.339087006157411679e+02
1.339175401349610013e+02
1.337812127365828303e+02
1.339364168373361110e+02
1.339754467324864038e+02
1.339379262693214230e+02
1.339430253078315616e+02
1.339244067487965708e+02
1.340991126355636709e+02
1.339383934101076647e+02
1.339189517987005331e+02
1.339835758688947465e+02
1.339581593569626250e+02
1.340332587115082674e+02
1.341380648341535391e+02
1.340913781720015550e+02
1.340144570336421737e+02
1.340100960294139441e+02
1.340396388070246303e+02
1.340918774062678267e+02
1.341041919419829469e+02
1.342996600635398465e+02
1.341388647816712023e+02
1.342621991912083956e+02
1.343020029048266508e+02
1.341589562660837487e+02
1.342334083749493345e+02
1.341658952570234078e+02
1.341884333112542436e+02
1.342771079590324916e+02
1.342808565157699263e+02
1.342832772549742231e+02
1.343089372577433380e+02
1.343392069871692058e+02
1.343637680865026311e+02
1.343840487024141339e+02
1.343383399665801790e+02
1.344031550214826893e+02
1.345311156074400003e+02
1.344608402749339291e+02
1.343395129500516134e+02
1.343529006462318591e+02
1.343386405021330745e+02
1.344827603023982761e+02
1.344661069099884685e+02
1.344878325091437432e+02
1.346498153875229207e+02
1.346510462495428726e+02
1.346231953628710301e+02
1.346643523849600967e+02
1.346458127400871660e+02
1.344882889955128178e+02
1.346555013656825963e+02
1.347437133413347965e+02
1.346742588097240514e+02
1.346270296864001637e+02
1.345957646706802109e+02
1.346683264927989114e+02
1.346932933575672280e+02
1.346554731776907943e+02
1.347096024821890694e+02
1.347622769520008035e+02
1.347521951269258125e+02
1.347905339363578889e+02
1.347511171091600204e+02
1.347826443505998384e+02
1.347614013328273188e+02
1.347798888857735164e+02
1.348914418750864002e+02
1.351249094785544003e+02
1.350448357656976839e+02
1.350521507151493665e+02
1.351113130151286157e+02
1.350916108512593325e+02
1.351653949518806712e+02
1.351426456619792305e+02
1.351246619521315893e+02
1.351750221272166073e+02
1.351628686226762568e+02
1.353188795207661883e+02
1.353212796423681823e+02
1.353268894440488737e+02
1.352381927008121352e+02
1.352182633821755360e+02
1.352015437708578531e+02
1.352527865258200279e+02
1.352946986613364402e+02
1.351347160826673246e+02
1.353297160865510307e+02
1.353074928238424945e+02
1.352958105121322774e+02
1.355101426868585008e+02
1.352605498783912310e+02
1.354415495739039557e+02
1.354327804321961821e+02
1.355594876887593330e+02
1.357023664830556413e+02
1.357663283432693504e+02
1.357659397773828971e+02
1.358965969359118731e+02
1.359161652867967689e+02
1.359009827770499328e+02
1.360518513080233163e+02
1.361006164854730116e+02
1.359245318783895868e+02
1.360454078175882842e+02
1.361423988635314970e+02
1.363033780228897172e+02
1.363169298191171777e+02
1.361488527719897945e+02
1.361367952683511646e+02
1.362766649085787662e+02
1.363275940085105731e+02
1.363329092116125878e+02
1.365308150389246293e+02
1.364759092869617803e+02
1.363149131817845614e+02
1.365025070453768876e+02
1.366725972508405675e+02
1.366641372699220085e+02
1.366768460951458906e+02
1.366446777159813735e+02
1.364539990596860548e+02
1.364444636800023432e+02
1.365576792773200339e+02
1.365608205366249877e+02
1.366361621135777398e+02
1.364375879568127914e+02
1.364440574104017685e+02
1.363132703923384668e+02
1.363044205225845360e+02
1.363281629838274114e+02
1.364912012607368581e+02
1.365077483846203563e+02
1.364984471839516402e+02
1.364981338422423960e+02
1.365636298960362467e+02
1.365906199922931421e+02
1.365726457755804404e+02
1.365258910449819609e+02
1.365724922332672691e+02
1.366137256906273478e+02
1.367480509255275081e+02
1.367117501721290296e+02
1.367313876757477544e+02
1.367554542068346564e+02
1.367890239195452864e+02
1.367890690840565924e+02
1.368506125279814682e+02
1.369436468726432850e+02
1.369239174861820345e+02
1.369514806754694689e+02
1.371319429156859542e+02
1.370593279043168025e+02
1.371279789256432196e+02
1.371164657560790943e+02
1.371773734939700660e+02
1.371295828128733660e+02
1.371544194246462212e+02
1.371179304357639523e+02
1.370148418038315583e+02
1.372086358060587088e+02
1.370740802982537332e+02
1.372471111745877579e+02
1.372580675877348710e+02
1.372734382353311560e+02
1.371485369420242080e+02
1.371227773284505815e+02
1.371193127405380494e+02
1.373087515837280819e+02
1.372881633536617016e+02
1.374737767415579128e+02
1.374902411720965461e+02
1.374684277282561311e+02
1.373497469403469040e+02
1.373755904995695118e+02
1.373557977289314636e+02
1.373712835510932280e+02
1.373411105567176094e+02
1.373614794323278545e+02
1.373167737429688771e+02
1.375085694721883272e+02
1.375014398409910825e+02
1.374944962727598465e+02
1.374959372203807675e+02
1.374852840613527860e+02
1.374692831512922453e+02
1.376189970299500089e+02
1.374415708407071861e+02
1.375053854955990005e+02
1.375253513277014008e+02
1.375273622384241321e+02
1.375377473616978250e+02
1.375329374754150251e+02
1.375066946301000712e+02
1.374850376596500041e+02
1.376660867460649342e+02
1.375070527023315492e+02
1.375337798810881225e+02
1.375104281584233092e+02
1.374447317011677683e+02
1.374940125628461658e+02
1.375363276961673478e+02
1.375425230130541649e+02
1.375025901684693963e+02
1.375179801848203738e+02
1.374984658416671266e+02
1.375276114351579793e+02
1.375738743436998845e+02
1.375191515238443287e+02
1.374951155080509579e+02
1.375926612690167019e+02
1.377200936432048195e+02
1.377849985473953041e+02
1.379244483065544671e+02
1.377316718907643462e+02
1.377373959453358907e+02
1.377336089374853714e+02
1.376864411006924342e+02
1.380637446888239310e+02
1.380855429168651938e+02
1.380845841472066411e+02
1.381238124373316793e+02
1.380335834035006428e+02
1.381059205298060419e+02
1.381114660612391560e+02
1.380864651468361615e+02
1.379700165542188870e+02
1.382370030611957930e+02
1.381776242690470440e+02
1.381907688967085619e+02
1.383121257167950375e+02
1.381496577065934446e+02
1.381683731299044098e+02
1.381675439692590430e+02
1.381656206372524025e+02
1.382853390381802683e+02
1.383019548519814066e+02
1.383411320535911671e+02
1.383557809258892917e+02
1.383050270589835407e+02
1.383021611801971176e+02
1.384814821258996176e+02
1.384942546421882810e+02
1.384633745152074482e+02
1.385734726889452588e+02
1.387456242239210553e+02
1.384870962573451436e+02
1.385131027035481566e+02
1.385485122976523087e+02
1.387109232189090733e+02
1.385120278189033343e+02
1.384660851432645927e+02
1.384515529459608274e+02
1.385194981759521227e+02
1.387513756984289444e+02
1.387484986411374166e+02
1.389248818849782481e+02
1.387501946340360348e+02
1.388304690806940584e+02
1.387630305961736781e+02
1.387710210569548508e+02
1.388215400951633569e+02
1.388140700654660691e+02
1.389300854129108416e+02
1.388271675798305012e+02
1.389790895551838332e+02
1.388480512385031034e+02
1.388766169216459616e+02
1.387159047740308324e+02
1.388817724450013600e+02
1.389229446566585011e+02
1.389498793039989835e+02
1.391740246904965090e+02
1.390016581614846984e+02
1.390073014076994866e+02
1.389495616371044093e+02
1.389630971048482877e+02
1.390736995206950439e+02
1.392388730066149378e+02
1.392861588865658860e+02
1.393095919727812770e+02
1.393137547949151269e+02
1.392870294192831579e+02
1.392829609073597794e+02
1.392692006298090917e+02
1.393187811030593366e+02
1.393542257312040249e+02
1.394032315923327587e+02
1.394466976113607473e+02
1.394136827113632648e+02
1.395758872202531222e+02
1.395189986675271143e+02
1.395008162409891952e+02
1.393096275961302126e+02
1.394859809301929090e+02
1.394596679221995998e+02
1.392882550304558151e+02
1.393151791570220439e+02
1.392793647465985316e+02
1.392892023245037478e+02
1.391638677450407329e+02
1.394531121233476370e+02
1.392872893421190952e+02
1.394951924744897838e+02
1.395277619717281823e+02
1.393489260994203391e+02
1.394016891996164418e+02
1.395648518881577331e+02
1.393727431450266465e+02
1.394914850905678350e+02
1.397170620771505298e+02
1.395425775181608969e+02
1.394924533072698125e+02
1.396632350708794661e+02
1.396106324032161581e+02
1.396162942056058398e+02
1.396773024111137715e+02
1.394728118169257982e+02
1.396790447013346181e+02
1.396564191898501406e+02
1.396828625941851669e+02
1.395388950272461841e+02
1.394936731546018507e+02
1.396760160099899792e+02
1.396728570872950570e+02
1.397325539728267358e+02
1.397425865501880935e+02
1.397321885267609787e+02
1.397283526257097890e+02
1.397279213430465461e+02
1.397741062725925474e+02
1.398442782960673583e+02
1.399872181488242688e+02
1.398786320870702014e+02
1.398237416654233130e+02
1.398454754370570470e+02
1.398542402353928651e+02
1.400507520618336628e+02
1.400234957745599047e+02
1.400244918615541110e+02
1.400251537340691073e+02
1.399845666971125411e+02
1.400409946693034158e+02
1.398650750404420648e+02
1.400603754675440200e+02
1.400719167943688888e+02
1.400846818688260669e+02
1.401178305902553802e+02
1.402888459133862114e+02
1.403077384091958209e+02
1.402863703468377992e+02
1.401037058430672744e+02
1.402092234405967019e+02
1.401299279976573473e+02
1.401274926425270735e+02
1.401623601875818963e+02
1.403399090952095776e+02
1.403265296246819105e+02
1.403005122247426470e+02
1.404590980839521706e+02
1.404726486786311170e+02
1.403732991427715433e+02
1.404635464448775224e+02
1.404649718812084132e+02
1.405243202367322510e+02
1.405273891058964182e+02
1.407312278958227125e+02
1.407394927330396115e+02
1.407560214701009045e+02
1.406150046259322437e+02
1.407841159148851773e+02
1.407564270201728789e+02
1.408636241531264659e+02
1.408544649277556005e+02
1.408077634184994622e+02
1.406885714958940241e+02
1.406553454844174098e+02
1.406724920743382370e+02
1.406853699271321432e+02
1.406715467734782692e+02
1.408828084674379113e+02
1.408026155146544056e+02
1.408222792662882341e+02
1.406308286569503139e+02
1.406741175334150284e+02
1.407112588130942470e+02
1.405535013049183135e+02
1.406613236625793775e+02
1.407026064723119703e+02
1.407687342697679469e+02
1.409098467053251795e+02
1.409431843869517991e+02
1.408696015420448191e+02
1.408818950169504660e+02
1.411199559926519385e+02
1.411248126509639746e+02
1.410923245825906918e+02
1.410758325757848297e+02
1.412972693713879835e+02
1.411458773068150379e+02
1.411660340927492996e+02
1.411539650491816076e+02
1.412409899943625362e+02
1.412068935130302805e+02
1.411390370555874654e+02
1.411492044488507247e+02
1.412192940426224652e+02
1.413714567163639799e+02
1.413090532909533295e+02
1.413166907820803431e+02
1.413650017906470850e+02
1.413751473783350150e+02
1.413275178607954103e+02
1.414911809116535721e+02
1.413230353127557066e+02
1.414971248923827147e+02
1.413548758347484124e+02
1.415305045698220567e+02
1.414448979544216058e+02
1.414353961938634257e+02
1.416859935030133215e+02
1.417230917243698798e+02
1.415296184797243768e+02
1.417085953975685300e+02
1.417478912394542760e+02
1.417460761107149096e+02
1.419117572551788555e+02
1.419299062622270355e+02
1.418592170418782814e+02
1.415093350456605208e+02
1.415331535226088420e+02
1.416757891003849466e+02
1.417089892417331214e+02
1.416991380252077875e+02
1.417325777180160458e+02
1.416899137328074403e+02
1.416934554283455157e+02
1.416769426204839988e+02
1.416877642502801677e+02
1.417411604137220991e+02
1.417332216592734824e+02
1.417432135455419768e+02
1.418572009665308542e+02
1.417036034600447749e+02
1.416778640209505511e+02
1.419194924614126876e+02
1.417708546416280910e+02
1.416703062304217440e+02
1.419077939896508269e+02
1.419312467595532610e+02
1.419536327372264566e+02
1.419342558974272208e+02
1.417631142792511127e+02
1.417453010323798424e+02
1.419379808250166377e+02
1.419325239425998006e+02
1.417854688703042427e+02
1.419477615310933345e+02
1.419598186358252576e+02
1.419232129808480352e+02
1.419593299515860849e+02
1.418903359927009262e+02
1.419008458210309129e+02
1.419036937633181026e+02
1.421053050175877104e+02
1.420978363624946326e+02
1.419179426552325936e+02
1.420303576337474851e+02
1.420647654135165965e+02
1.420755319675666328e+02
1.420696554496844328e+02
1.420582813292318747e+02
1.420712266904357648e+02
1.420960875001943293e+02
1.421169412637549669e+02
1.421098064530713430e+02
1.420782883830219987e+02
1.421631093894951903e+02
1.421430513878530917e+02
1.421271182760453939e+02
1.423348229306607493e+02
1.421945265065586739e+02
1.421875821945542100e+02
1.421700717387529096e+02
1.421012940602763877e+02
1.423208384768056760e+02
1.423100101020846182e+02
1.422609011489944919e+02
1.422719156962347427e+02
1.422634910895065161e+02
1.422640080605343087e+02
1.423119567831783456e+02
1.422841394017694938e+02
1.423053721475380087e+02
1.424989559710649587e+02
1.422826959473470083e+02
1.423310740560267220e+02
1.423020076901283062e+02
1.425126288090606579e+02
1.423077997355875937e+02
1.422768614858403282e+02
1.424793167741959223e+02
1.424877786755964451e+02
1.424817574570828924e+02
1.425156225459821542e+02
1.425261161135190378e+02
1.425505273925213032e+02
1.425204265637856622e+02
1.425268169492366610e+02
1.427046917238440926e+02
1.427588788105624644e+02
1.428455551415274556e+02
1.427941502005448910e+02
1.427662208822349612e+02
1.427811557200231505e+02
1.428099499148878522e+02
1.427715209060775692e+02
1.427925749487969540e+02
1.428134036839481382e+02
1.429670720339180718e+02
1.429355323292454898e+02
1.429770748397891964e+02
1.429625851775141712e+02
1.430330522749868010e+02
1.428425711618071716e+02
1.430770756565838440e+02
1.430897224808237240e+02
1.431331337616140331e+02
1.431414002183448702e+02
1.431339717020301805e+02
1.430857102133718968e+02
1.431196725980945246e+02
1.430830898426579836e+02
1.431895170890565794e+02
1.430086106300776692e+02
1.432435677544447117e+02
1.432347130759997356e+02
1.432259248179062467e+02
1.431992519099310073e+02
1.433662577687020132e+02
1.433733671981088094e+02
1.433559083711905089e+02
1.433799190969388064e+02
1.434257727924677965e+02
1.435594616194356661e+02
1.435384549375622214e+02
1.435508890128499218e+02
1.435296615266840945e+02
1.435572336294597449e+02
1.435294913698152470e+02
1.435246308936619073e+02
1.435352946371669134e+02
1.435588578601015399e+02
1.435094820091406689e+02
1.435372182028747829e+02
1.435822682515037343e+02
1.435557539338939250e+02
1.435236273493673025e+02
1.435084221253715953e+02
1.435483056927975838e+02
1.435125366029166685e+02
1.435650074435308738e+02
1.437292472740965650e+02
1.437338432806623132e+02
1.437130215278879746e+02
1.436698463369948513e+02
1.437304165663042284e+02
1.435718250590306013e+02
1.434466608498118489e+02
1.436649004542657622e+02
1.437155699192909424e+02
1.437221112835023291e+02
1.437512889495012871e+02
1.437530467857790768e+02
1.437738970834166707e+02
1.439372350192327588e+02
1.439715483215046845e+02
1.437862919400537294e+02
1.439080948427815656e+02
1.438082097131630519e+02
1.437186616223877991e+02
1.439370745908805418e+02
1.438385138626820776e+02
1.438900307588661747e+02
1.439666279344648387e+02
1.439541919750018621e+02
1.439618518644783194e+02
1.439179759671648640e+02
1.439027910542737345e+02
1.439209946459198477e+02
1.440553418787713440e+02
1.440849459039975216e+02
1.440912752947791660e+02
1.440808925481282188e+02
1.437179119011337036e+02
1.437524704057367728e+02
1.437902986214880912e+02
1.439324184514415776e+02
1.440615443520949555e+02
1.440313639055244437e+02
1.440639846339206827e+02
1.442098479213019004e+02
1.441615634340566316e+02
1.442711537145153500e+02
1.442514340890540723e+02
1.442513582836747617e+02
1.440985891423888745e+02
1.441075643693324650e+02
1.441420198399576407e+02
1.441842424907475788e+02
1.441567824334583463e+02
1.441635679576389464e+02
1.443202165091184099e+02
1.443009995331341884e+02
1.442604903890471348e+02
1.442741852725344529e+02
1.440775677519615670e+02
1.442832030202388864e+02
1.442682096809964776e+02
1.442423623450269474e+02
1.441765692234049254e+02
1.442785064171421539e+02
1.443268471415521503e+02
1.443507926397685424e+02
1.441959707354245381e+02
1.442669925085240550e+02
1.443635651836367799e+02
1.443789422093392716e+02
1.443995171872004164e+02
1.443403227235708357e+02
1.443033164429899102e+02
1.444845280080758982e+02
1.442936434697656978e+02
1.444954409024593360e+02
1.446015642987216268e+02
1.444092164666985241e+02
1.443197463803473966e+02
1.444240585910158075e+02
1.445019795699108442e+02
1.446236530709044530e+02
1.447766483220313205e+02
1.448042870724197257e+02
1.446851825184664904e+02
1.446837795788928531e+02
1.448973197113217850e+02
1.446646345037809454e+02
1.446872227535080526e+02
1.449154223206828362e+02
1.448585077250480424e+02
1.448247514667300209e+02
1.448704537680426654e+02
1.449149247252141208e+02
1.450200916182194248e+02
1.449825477765048447e+02
1.449814744585716255e+02
1.450024726246381022e+02
1.449812272583529875e+02
1.449505990167675975e+02
1.451308764078565048e+02
1.449812754318318468e+02
1.450566776183048034e+02
1.450776979912712932e+02
1.449166400853464438e+02
1.448457738176636838e+02
1.447329399526740019e+02
1.448510295949812985e+02
1.446513280214082329e+02
1.447949960322217748e+02
1.446370503302337909e+02
1.447205881806759749e+02
1.449051061720502673e+02
1.448624073879909986e+02
1.448910472394416047e+02
1.450075554891517413e+02
1.450714944998634621e+02
1.450731024364875168e+02
1.451189911835168118e+02
1.452493518401020367e+02
1.453943141303521998e+02
1.453363527754302140e+02
1.453535379010341444e+02
1.454528060817823416e+02
1.452963685503631268e+02
1.454825273991455106e+02
1.453088785647896657e+02
1.453153769500569297e+02
1.453172868223646219e+02
1.455341073893879695e+02
1.455095314383263485e+02
1.453838984269175398e+02
1.455836773579146950e+02
1.455163641891585655e+02
1.454579512535034951e+02
1.455492231587634251e+02
1.455753445105601713e+02
1.456005845486787393e+02
1.455916904420471383e+02
1.455761909545449271e+02
1.456027213940338356e+02
1.456906148140677146e+02
1.457098479644738234e+02
1.457314810715433282e+02
1.458159371500420036e+02
1.456285245096649419e+02
1.458163097513024695e+02
1.455990114319371855e+02
1.456113174291012911e+02
1.457367739065988417e+02
1.457530930020452899e+02
1.458055458997694984e+02
1.455990704192622900e+02
1.457135868298657329e+02
1.457564121765418008e+02
1.459715676640492177e+02
1.457768635720749444e+02
1.459138477513893122e+02
1.459253800585606200e+02
1.459153240012134631e+02
1.458323671935265509e+02
1.458781528344726723e+02
1.456996343200705155e+02
1.457230400254371716e+02
1.457275809301646632e+02
1.457480242650480307e+02
1.457242192283103179e+02
1.457058437010648220e+02
1.457012665084401988e+02
1.456468135746608823e+02
1.457130378359030090e+02
1.457355705715550585e+02
1.457352163432176155e+02
1.455543527400485857e+02
1.455235450509416069e+02
1.455541650529218316e+02
1.455234275213580872e+02
1.455060652812176727e+02
1.454753396218032435e+02
1.455250802823421452e+02
1.457074307463695391e+02
1.453348317266558354e+02
1.455362538596440345e+02
1.455087404617593165e+02
1.455195598183530024e+02
1.455395397119037000e+02
1.457099313197317088e+02
1.457656713832898561e+02
1.457410044605063604e+02
1.457150240650140631e+02
1.457447816423127165e+02
1.459351115762383984e+02
1.457272495433743700e+02
1.457274842838300515e+02
1.456830291456963380e+02
1.458716371655094122e+02
1.456143435957012855e+02
1.459126859063821087e+02
1.459054433476711665e+02
1.458728983985355114e+02
1.459248378860391142e+02
1.459623783796697296e+02
1.460639756176616970e+02
1.460457934206120285e+02
1.460630834600746368e+02
1.459241558716186091e+02
1.461070316919613390e+02
1.460860196054173628e+02
1.463258371479405184e+02
1.461327318028959041e+02
1.462272132197808219e+02
1.462585333171970490e+02
1.463007235673108823e+02
1.463167748156162418e+02
1.462543786286767329e+02
1.462821336868804849e+02
1.463076779011838369e+02
1.461561725462831873e+02
1.463462639885399312e+02
