nan
nan
nan
nan
2.281133984644849733e+00
4.740489121411732398e+00
5.781550994380586950e+00
7.062031686923829099e+00
8.337584213200809558e+00
9.854163024102444268e+00
1.065540840082412899e+01
1.142769480153067896e+01
1.220931073998200134e+01
1.319953353598896406e+01
1.414892114610562324e+01
1.493401422352600783e+01
1.560913382821243900e+01
1.646374588909450054e+01
1.733805768544134551e+01
1.800890733396967036e+01
1.872842749731452372e+01
1.929995079692871229e+01
1.976174353365338021e+01
2.046431067696336825e+01
2.121436428356213710e+01
2.196018047349071267e+01
2.247011774555321040e+01
2.307645614010580459e+01
2.360304835848677740e+01
2.411360811193851106e+01
2.478102768026045055e+01
2.532042891473306412e+01
2.589524185481706553e+01
2.640758043979212744e+01
2.691958653357730569e+01
2.756284071996465812e+01
2.798358533919448732e+01
2.850826988396054418e+01
2.913065297891005656e+01
2.992794688513460599e+01
3.013018107363754439e+01
3.068090937802312723e+01
3.121778097149260134e+01
3.172728524906663949e+01
3.221272124268192982e+01
3.248437383210137597e+01
3.313152540618665398e+01
3.360794518146867205e+01
3.410610379878016118e+01
3.442865541253010520e+01
3.502756448115541588e+01
3.535694355651162368e+01
3.595880302612551560e+01
3.631959753919325351e+01
3.667403321929264592e+01
3.707267334884186027e+01
3.741588443815656717e+01
3.797508840096711680e+01
3.850043905346056761e+01
3.887836416459472133e+01
3.920451222336321706e+01
3.963775583484048326e+01
4.013060610978310905e+01
4.053843603761266223e+01
4.087209345590887466e+01
4.126363147372124729e+01
4.172947177692542198e+01
4.234762473997380283e+01
4.241573334622708558e+01
4.273394537190501552e+01
4.312108401516569245e+01
4.358192786248627471e+01
4.392688450908401165e+01
4.424430223887978997e+01
4.453624069830310361e+01
4.499354276893468096e+01
4.526001430070768095e+01
4.556018362796989862e+01
4.577848336590259493e+01
4.637593731345558012e+01
4.665112631832492696e+01
4.691163101415799730e+01
4.736659968133120913e+01
4.756233144131358159e+01
4.793660121953329423e+01
4.818032813144110804e+01
4.839480440880672774e+01
4.874324807844705987e+01
4.903619216578731965e+01
4.936256964303786532e+01
4.974647619780348862e+01
4.989971882262450720e+01
5.012797187946684829e+01
5.042876918960457999e+01
5.077493114605828595e+01
5.099382901709667237e+01
5.128132599114439927e+01
5.150087423136295683e+01
5.181595994182750076e+01
5.213994046967963669e+01
5.226962718729780022e+01
5.253618005774315947e+01
5.277683113397203130e+01
5.310089694311935204e+01
5.334515631175329275e+01
5.360151480546393543e+01
5.381887909702145834e+01
5.405249563454604100e+01
5.423973021437101494e+01
5.465947132247033124e+01
5.493939347720899491e+01
5.521805174888429235e+01
5.539829411726564956e+01
5.567087600612957488e+01
5.583501315209516491e+01
5.608092368388861360e+01
5.632960047448955976e+01
5.645368843549092475e+01
5.668472190361457308e+01
5.683998499657481318e+01
5.702912173642671689e+01
5.725406529142212975e+01
5.749720018072956407e+01
5.763939191626060676e+01
5.783576998903861721e+01
5.806164786689735990e+01
5.826364638484895409e+01
5.848838609998171734e+01
5.867518759127350592e+01
5.879951102895221027e+01
5.895609997753332721e+01
5.915952232376437792e+01
5.935283321578447158e+01
5.954663611331203299e+01
5.974657381416876945e+01
5.983437705740128365e+01
6.002580627007743175e+01
6.035905993381110335e+01
6.056564031985795538e+01
6.074987538117701291e+01
6.095170064755185990e+01
6.104280916859125483e+01
6.131335054488371838e+01
6.156577606221533472e+01
6.169502631132768755e+01
6.183064907981135860e+01
6.204738968140839006e+01
6.234891421316124394e+01
6.251465761481594541e+01
6.268757973828537189e+01
6.276993187041129829e+01
6.303540386464634082e+01
6.318414596082884316e+01
6.345111022547278878e+01
6.361056340566285172e+01
6.379335063810105311e+01
6.389502810899089269e+01
6.398476739718991979e+01
6.411599044379904910e+01
6.426658064124742964e+01
6.444708988884464418e+01
6.464915815139863753e+01
6.474951290450398744e+01
6.488095684961668042e+01
6.499709220040200819e+01
6.511345703554059128e+01
6.527853477260666182e+01
6.541706743624592946e+01
6.552171584355015455e+01
6.566004236723325960e+01
6.574177857674889935e+01
6.582988806864534581e+01
6.595103013887094789e+01
6.618318058898420020e+01
6.623155750519876506e+01
6.636712800606306928e+01
6.651757142992209992e+01
6.664685363945409335e+01
6.679708671594603686e+01
6.690463307576573015e+01
6.709541397361664394e+01
6.715936952745030908e+01
6.735413378202140677e+01
6.749210637949383340e+01
6.757377480549268967e+01
6.771090669579136545e+01
6.783387260753025316e+01
6.788449684245841809e+01
6.802438500266262622e+01
6.816232621844864070e+01
6.814287842459141586e+01
6.833936626488964805e+01
6.843051654551295826e+01
6.852657100774213461e+01
6.859017109123915645e+01
6.874636002603926954e+01
6.874970708986244006e+01
6.888477492495425736e+01
6.902682140024246848e+01
6.921942642169739202e+01
6.931768868894835123e+01
6.946337418548620235e+01
6.960697025775343150e+01
6.976507194066059014e+01
6.990530577752139152e+01
7.000308331154035102e+01
7.021787491749782362e+01
7.030072350688193694e+01
7.039995058624096202e+01
7.050900122065179687e+01
7.066632242089760041e+01
7.085767714011612384e+01
7.098923933313344037e+01
7.109614446248157549e+01
7.118420822026266137e+01
7.130518977406579495e+01
7.144713365497580071e+01
7.157836208887560758e+01
7.169695430331999830e+01
7.182887948633955943e+01
7.185971074707912010e+01
7.198208894083222731e+01
7.218703029135551219e+01
7.227783850351896433e+01
7.237480181589836548e+01
7.255712214457999210e+01
7.261529577513600486e+01
7.270940075213839293e+01
7.282922986457586489e+01
7.293536342356041757e+01
7.305480121450902686e+01
7.321007837208003366e+01
7.322233234619341147e+01
7.328649980814488174e+01
7.339257457580697519e+01
7.351584105982324502e+01
7.365008594245590245e+01
7.371691438622789860e+01
7.384057254478632615e+01
7.397950005929392603e+01
7.403276748189594514e+01
7.415899814868100748e+01
7.428978453630320189e+01
7.439166466089436369e+01
7.454653843756442200e+01
7.466515693192567937e+01
7.475852292753403106e+01
7.491444809198075916e+01
7.504353257116460441e+01
7.520427501884458366e+01
7.529518172598217518e+01
7.544985080632694974e+01
7.552453263505024950e+01
7.563983872216715554e+01
7.574288769216884987e+01
7.580642684724756464e+01
7.599283463362637292e+01
7.608294247432569080e+01
7.617842892595832893e+01
7.628797742902354173e+01
7.640338891031588275e+01
7.655172655907917090e+01
7.658211231518642137e+01
7.670855788721823387e+01
7.681915421603505933e+01
7.692120585102163943e+01
7.702422630291164296e+01
7.705774101961699785e+01
7.717839631328902783e+01
7.726378761704312126e+01
7.732261852725132201e+01
7.735066960502240363e+01
7.735344266899231513e+01
7.743363670995633186e+01
7.747985838563705840e+01
7.748380692855414509e+01
7.759389430058494952e+01
7.764238139261385641e+01
7.769182004519012708e+01
7.766869944671759640e+01
7.776151691239840602e+01
7.781511503071253344e+01
7.785360670708068653e+01
7.794325020831375639e+01
7.791556839671346779e+01
7.790372392477200947e+01
7.796120130262674763e+01
7.797595784857452372e+01
7.805414646585860794e+01
7.807681802545506855e+01
7.808270691800989027e+01
7.816782966016573653e+01
7.819170969174051322e+01
7.820718601677195636e+01
7.829281428887266259e+01
7.840710823783275885e+01
7.846243753809331167e+01
7.856295094448337579e+01
7.866502844971134323e+01
7.877028690441606784e+01
7.887889730880228001e+01
7.898366277476678476e+01
7.908768569465506459e+01
7.920562806634005426e+01
7.928605215048995092e+01
7.934919935127966539e+01
7.946834962733397845e+01
7.961474999923008511e+01
7.960087558966914401e+01
7.965533803133085655e+01
7.979115455895660602e+01
7.979390457592346309e+01
7.985598569520162471e+01
7.987687573228188853e+01
7.996204340849692471e+01
7.998469821410816394e+01
8.003166027438274455e+01
8.010763420980059379e+01
8.018023272548967384e+01
8.020184316160964499e+01
8.022452237545741127e+01
8.032512921107012005e+01
8.038732936807366514e+01
8.041637756109126656e+01
8.043028052925514260e+01
8.048575432730324053e+01
8.049026588098126922e+01
8.057078312065880255e+01
8.065593855439429660e+01
8.070925669451669648e+01
8.080836905585182706e+01
8.088240153262506738e+01
8.097273660103796544e+01
8.111390878043022212e+01
8.122735494814065760e+01
8.126741748045634495e+01
8.131726287143713705e+01
8.143067447347777943e+01
8.149863712070660426e+01
8.161446438099186196e+01
8.163064396870363737e+01
8.170272442108091582e+01
8.180747488750445484e+01
8.185053619320076734e+01
8.196421575269462778e+01
8.203605155937663085e+01
8.207027135895218350e+01
8.211130239831152267e+01
8.220539956788714164e+01
8.226693127372344350e+01
8.227191100180873207e+01
8.236441727340982766e+01
8.245206473802332425e+01
8.256301614819098234e+01
8.257853197105517040e+01
8.272412911052606432e+01
8.283052461707328007e+01
8.286845124937640605e+01
8.297726834321933609e+01
8.306711936274041364e+01
8.313152963236990445e+01
8.325831866658508318e+01
8.332078811262771012e+01
8.337854589032431818e+01
8.343118481064213654e+01
8.346866078070802075e+01
8.349150305694429619e+01
8.361017920140102433e+01
8.361951331054558523e+01
8.360457889543508259e+01
8.366804746867926212e+01
8.371316837606096328e+01
8.373170792444534527e+01
8.375710467015477434e+01
8.381636676531154251e+01
8.389236649038856797e+01
8.394829445253782296e+01
8.402075549663808829e+01
8.409261336020921362e+01
8.414179839873067124e+01
8.415927232498235355e+01
8.422404666791736361e+01
8.434187272206349917e+01
8.432757369787458401e+01
8.445054379210702677e+01
8.446728875418970972e+01
8.455742644730101176e+01
8.465040579055127523e+01
8.472334668631708610e+01
8.474386959821171672e+01
8.485257378764043779e+01
8.494995590412962372e+01
8.499780926771700251e+01
8.511276824236205130e+01
8.518995871862898639e+01
8.527605121771370023e+01
8.537822596278437004e+01
8.549542008001728277e+01
8.562807112506325780e+01
8.571037145153789538e+01
8.579773783795303643e+01
8.586845466220994183e+01
8.602507108469635000e+01
8.610697894830943255e+01
8.620461302542028648e+01
8.630896124478586273e+01
8.641634420984122755e+01
8.651339109268910477e+01
8.657982861059255697e+01
8.670792583840734835e+01
8.680206783639866330e+01
8.686818734511679452e+01
8.699799001621096295e+01
8.706519487433014604e+01
8.720746243509103124e+01
8.723773230140476187e+01
8.734783209776178126e+01
8.742675427993982851e+01
8.752480315696814728e+01
8.756179973895690694e+01
8.760753326217546544e+01
8.770059319962230404e+01
8.775654263409745681e+01
8.781154060322850796e+01
8.789159891551049952e+01
8.790830472929802397e+01
8.795013828634073150e+01
8.802283069112097280e+01
8.812950979711106925e+01
8.815750267985480093e+01
8.820861379421096160e+01
8.822996937733930167e+01
8.828581580747191992e+01
8.832548350093863121e+01
8.840060576582757790e+01
8.844755736047544303e+01
8.848750095002318972e+01
8.852990466479198517e+01
8.855272706664131022e+01
8.860474329198412136e+01
8.870972777015843747e+01
8.875658627316761340e+01
8.889839936799816655e+01
8.898283850170105325e+01
8.904964061399135744e+01
8.913948960874385818e+01
8.919555727904349851e+01
8.929213735628010795e+01
8.937006925634121046e+01
8.942759142742279721e+01
8.952168899989410988e+01
8.952897017172162464e+01
8.958135264018442001e+01
8.967210238692935320e+01
8.972105845807134017e+01
8.972114211716690590e+01
8.979913710190177767e+01
8.985687804011865865e+01
8.991160507352478248e+01
8.995574840546144912e+01
8.998765284175891566e+01
9.010141866137209377e+01
9.011234534044989175e+01
9.013179616395088090e+01
9.018988453857151910e+01
9.025248218448626858e+01
9.029757329454898240e+01
9.025381486559965083e+01
9.029698730497480597e+01
9.030422884659407146e+01
9.029683320320661721e+01
9.039933758738519032e+01
9.037939798053453444e+01
9.041372765557103719e+01
9.050710520560615180e+01
9.054846593890843565e+01
9.058213565112755816e+01
9.061822005236808764e+01
9.062459132556817565e+01
9.059311550885510655e+01
9.065496773399951280e+01
9.067064059602337522e+01
9.066478909272885289e+01
9.069150079574804124e+01
9.074262253760996089e+01
9.081277117300901125e+01
9.083158803526728775e+01
9.085765002542147784e+01
9.094977052255590877e+01
9.100428328706325942e+01
9.106383598582469574e+01
9.115276055015459633e+01
9.119057761510033799e+01
9.126931791022673224e+01
9.130961151332778059e+01
9.138017937802474933e+01
9.142684849558398241e+01
9.150451607347277161e+01
9.161791107604486228e+01
9.163378941944485234e+01
9.167933325730615479e+01
9.175132847224215027e+01
9.178746565269673852e+01
9.187595587051308144e+01
9.192559709545261626e+01
9.193166461865691019e+01
9.200288049986306760e+01
9.205290914964517412e+01
9.208750664344358938e+01
9.210265188626118515e+01
9.216651991280808431e+01
9.229605601813069882e+01
9.230204030408637550e+01
9.236074624149172507e+01
9.245046779461198128e+01
9.249450272453110244e+01
9.255155754624001929e+01
9.262931577180644638e+01
9.267578341170631973e+01
9.274636394221967350e+01
9.281664399714142633e+01
9.289125028712579990e+01
9.296181925911604083e+01
9.300513212392336015e+01
9.311456094396686467e+01
9.319837568909827041e+01
9.331039190971141295e+01
9.337971082717935190e+01
9.347817146754448459e+01
9.353704837075589751e+01
9.353914331593084341e+01
9.365034311221953089e+01
9.365316280754353784e+01
9.379402151388110553e+01
9.381480750466504048e+01
9.394534069797748543e+01
9.400777926381830696e+01
9.408842086995254306e+01
9.415002888897824107e+01
9.421533270828547302e+01
9.429045224047176532e+01
9.434862321118373529e+01
9.438758186436641040e+01
9.441331877929599159e+01
9.448523197792640360e+01
9.456230870077853012e+01
9.456459301681732654e+01
9.457870042486743500e+01
9.462112287670700539e+01
9.459509076452816601e+01
9.462266058315711348e+01
9.468314617720527337e+01
9.472192953022776862e+01
9.483081727398405292e+01
9.484256640856321496e+01
9.490677035045095522e+01
9.495026746400154138e+01
9.505197234645955007e+01
9.505356359818196665e+01
9.509144719484723396e+01
9.514318446295729359e+01
9.516201680538985386e+01
9.519691025854324096e+01
9.522392272698607485e+01
9.526072912085292899e+01
9.528131682001937008e+01
9.533928202795544848e+01
9.535623282322012528e+01
9.541911493625686091e+01
9.550732495607948636e+01
9.554243028987477260e+01
9.557731643010123435e+01
9.559673202393892666e+01
9.557730000485345556e+01
9.560924139825330315e+01
9.556580709058543732e+01
9.563184704253772850e+01
9.557884379834116828e+01
9.563130304784512248e+01
9.562691559423183207e+01
9.557227476534320942e+01
9.560092627341690275e+01
9.565273499804740709e+01
9.560946752898847478e+01
9.557582574642167117e+01
9.558674395355411946e+01
9.559609290735109255e+01
9.557382953924303592e+01
9.556857808999005499e+01
9.560426292963067851e+01
9.557508741440994982e+01
9.553633161409811692e+01
9.557035950687122750e+01
9.554187884385045493e+01
9.554615972650944400e+01
9.556343969753859824e+01
9.557942577757944491e+01
9.553445821924002246e+01
9.556761707465538791e+01
9.557013732229872005e+01
9.564491086860917335e+01
9.561377928496423806e+01
9.568005946301381925e+01
9.559832971383416123e+01
9.563686681899460496e+01
9.565935864289339463e+01
9.567969546443622164e+01
9.569649911152527011e+01
9.572094769508720447e+01
9.584357726856316617e+01
9.591364388683084030e+01
9.596966817939267003e+01
9.606127449419172137e+01
9.609387457934467136e+01
9.615513560432009399e+01
9.624224096783858329e+01
9.628512769963103324e+01
9.640435789508373432e+01
9.643764705974433582e+01
9.647131141446220681e+01
9.648739463930338900e+01
9.658054263763088443e+01
9.661544762830922650e+01
9.670991244766739214e+01
9.674400830163254739e+01
9.677384238294355612e+01
9.685200423073153786e+01
9.690703261042946792e+01
9.702004145562415260e+01
9.713601526175891365e+01
9.715300409319630148e+01
9.728531755580779361e+01
9.735898873142386378e+01
9.737259310453315209e+01
9.740426595001267174e+01
9.748481681549780831e+01
9.756492219897627649e+01
9.760906467588667113e+01
9.763623002444420251e+01
9.775107200647916272e+01
9.784006019343709681e+01
9.784238730054195798e+01
9.791492273617743081e+01
9.802111216311566011e+01
9.810739270446187277e+01
9.816772333007558871e+01
9.826082105923990184e+01
9.830169805600240807e+01
9.826426312118734074e+01
9.841594915845352887e+01
9.840832386875941040e+01
9.843405698025091510e+01
9.848744200014768069e+01
9.847564011138514672e+01
9.850718931867220363e+01
9.853024996990029649e+01
9.863663913327536648e+01
9.860394136341847116e+01
9.868090357754911679e+01
9.870661682562774786e+01
9.877773033414446502e+01
9.881174701065144461e+01
9.883332498783008191e+01
9.891686425967833429e+01
9.895146489567332537e+01
9.900354144364905551e+01
9.903279993831357331e+01
9.906382874917990478e+01
9.905076657473104262e+01
9.910284263230644797e+01
9.916808305681891511e+01
9.920830319460841906e+01
9.927435137448965463e+01
9.933467187740973259e+01
9.940870830397140878e+01
9.951381572218824090e+01
9.957977274192454331e+01
9.960028080510529946e+01
9.972456373596392609e+01
9.974146601450357252e+01
9.981426245221847182e+01
9.987368618554928901e+01
9.988092571774015482e+01
9.994551683409451925e+01
9.999556591701188779e+01
1.000274128049569242e+02
1.000898350109002024e+02
1.001353786104588721e+02
1.001962271209748110e+02
1.002058127464355408e+02
1.002400213782043465e+02
1.002971517102294001e+02
1.003125028721552638e+02
1.003504075552139625e+02
1.004246333586240922e+02
1.004738360868489622e+02
1.005448812464360628e+02
1.005892786851431424e+02
1.006260140096316178e+02
1.006516952098784401e+02
1.006933354864595884e+02
1.007067541299282567e+02
1.007712441577895532e+02
1.008040687299919114e+02
1.008522776258613334e+02
1.009707006742822841e+02
1.009790354616225727e+02
1.010026286701120597e+02
1.010024697122888568e+02
1.010903177579206016e+02
1.010549740087552664e+02
1.010918242311937973e+02
1.011514781658932378e+02
1.011129232297594740e+02
1.011516656298829560e+02
1.012123174597224136e+02
1.012625295943519603e+02
1.012912568365127726e+02
1.012829377290808708e+02
1.012571287446673551e+02
1.013093538947023120e+02
1.013198035725225594e+02
1.013273160451646078e+02
1.013209737313011232e+02
1.013543060636215074e+02
1.013721367587723421e+02
1.013626909199413859e+02
1.013203140283224997e+02
1.013579084884863875e+02
1.013238557372836084e+02
1.013066600707919633e+02
1.012726100449749538e+02
1.012924363502927747e+02
1.012938091611142966e+02
1.012418223994014994e+02
1.012548616277581459e+02
1.012032121648075105e+02
1.012252647608099920e+02
1.012548631829162105e+02
1.013148354605086752e+02
1.012985134098726689e+02
1.013736481807028582e+02
1.013294476855252952e+02
1.014089213956542608e+02
1.014586131693629056e+02
1.015067151032026516e+02
1.015755953200049362e+02
1.015847740174672964e+02
1.016054906263205595e+02
1.016672090497035867e+02
1.016283555252859685e+02
1.016403317949868637e+02
1.016415199281689894e+02
1.016726581769057844e+02
1.017119582890027374e+02
1.017520872801187721e+02
1.017439133077294002e+02
1.017634639636431331e+02
1.017855559002276777e+02
1.017926897128568697e+02
1.018336678403561706e+02
1.018589946656510676e+02
1.018113328623143303e+02
1.018972573044754313e+02
1.018475081065243728e+02
1.018711138717924740e+02
1.019021078461551468e+02
1.018878413517298753e+02
1.019834040431502586e+02
1.019789917931090031e+02
1.020000819630515139e+02
1.019619832869371407e+02
1.019242859627500906e+02
1.019438874505018759e+02
1.019437425572150318e+02
1.019547685299564250e+02
1.019335848298788818e+02
1.019257354424657791e+02
1.019640315682586760e+02
1.019563615185902421e+02
1.019095459984080065e+02
1.018998177714407376e+02
1.019015712610638076e+02
1.018793306871711764e+02
1.018640535765527630e+02
1.019097852137761464e+02
1.018806172643831047e+02
1.018450452908976445e+02
1.019249265946599934e+02
1.019390224306708745e+02
1.019604997812056837e+02
1.019764902696078934e+02
1.020717058741104779e+02
1.020474011343891334e+02
1.021310716254513267e+02
1.021449925566322463e+02
1.021623573455286333e+02
1.021585135560005853e+02
1.022048204726031457e+02
1.022076289444213444e+02
1.022156554865401574e+02
1.022799504761587741e+02
1.022130145622301001e+02
1.022557211533347612e+02
1.023479904840116745e+02
1.022702926397083161e+02
1.022660657859616151e+02
1.022864727081244354e+02
1.023646375646283246e+02
1.024376508310620437e+02
1.025869553950028035e+02
1.026465534402082369e+02
1.026733079581155010e+02
1.026921166093104176e+02
1.027980359935732508e+02
1.028391261495982292e+02
1.029693273317839584e+02
1.030501009120021934e+02
1.032044152567214468e+02
1.032197930715912975e+02
1.032643214800395981e+02
1.033410637750178864e+02
1.034145691889141858e+02
1.035210945417313582e+02
1.035449967933543860e+02
1.036475506364721610e+02
1.038028346299053766e+02
1.038456957578816287e+02
1.039976620834725480e+02
1.040643039249252553e+02
1.041420686051760498e+02
1.042757047381678746e+02
1.043379391355135226e+02
1.044476942901168712e+02
1.045336214270603534e+02
1.046032920228150118e+02
1.046341481605993238e+02
1.046721524484803183e+02
1.048265503477539369e+02
1.049419419427199500e+02
1.049415494868423053e+02
1.050642831104749035e+02
1.050710351627224242e+02
1.051335936137330123e+02
1.051792437052838380e+02
1.051963773456471216e+02
1.051665396161108248e+02
1.052387261180506499e+02
1.052787622879025236e+02
1.052924878130124426e+02
1.053116693977725049e+02
1.053786349241118359e+02
1.053567992783258518e+02
1.054284497515480012e+02
1.054923916741429508e+02
1.054753159343915314e+02
1.055249781665481095e+02
1.055222518668098104e+02
1.055726188650761799e+02
1.055963414774670639e+02
1.056505704522629685e+02
1.056575036401604848e+02
1.056300544683912648e+02
1.057270881192878420e+02
1.057689767169775337e+02
1.058577468123491769e+02
1.058052530283922295e+02
1.058681972058278262e+02
1.058455236686892675e+02
1.059116057522230392e+02
1.059580619918030351e+02
1.059599396946612018e+02
1.060652462838600769e+02
1.060685698826526249e+02
1.061415359383562986e+02
1.062266008570045699e+02
1.062390438871734091e+02
1.063138243011523940e+02
1.063660052579889168e+02
1.064437246151990593e+02
1.064764915379300447e+02
1.065739090134846947e+02
1.066334732750961081e+02
1.067237073603493940e+02
1.067370736376860805e+02
1.067189463636224929e+02
1.068350087180146346e+02
1.068389211252218303e+02
1.068776646537709070e+02
1.069282266567255704e+02
1.069590862525616899e+02
1.069695212495421259e+02
1.070454211581765094e+02
1.070115110304530361e+02
1.070180794169903180e+02
1.069555044965289881e+02
1.069690534344963737e+02
1.070100604903111190e+02
1.069867291832566849e+02
1.070624974843623676e+02
1.070393045843481019e+02
1.071053221269253868e+02
1.071572662769742550e+02
1.071385979109448243e+02
1.071959950692976520e+02
1.071751155159922746e+02
1.072197940373342959e+02
1.071945623772766822e+02
1.073027255775156306e+02
1.073775793629194766e+02
1.073945280190786775e+02
1.074648167295989367e+02
1.075044812710239768e+02
1.075682648265707257e+02
1.075967079522226584e+02
1.076455448289490846e+02
1.076784318751103484e+02
1.076906784726650130e+02
1.076801450602411023e+02
1.077288062340945487e+02
1.077623161058784831e+02
1.077942110557181792e+02
1.077881041603317982e+02
1.078521587787364098e+02
1.078266351210179863e+02
1.078419365232669236e+02
1.078555986378392078e+02
1.078546493004950406e+02
1.078272253476307299e+02
1.077895800041843870e+02
1.078120869464772227e+02
1.077945735138307839e+02
1.078178882068407347e+02
1.078406292376889581e+02
1.079107266107883447e+02
1.079524202423552026e+02
1.079265002715656578e+02
1.079268980314673172e+02
1.080030503415621439e+02
1.079583422412400466e+02
1.079702298158571807e+02
1.079692687716218131e+02
1.080121081908445859e+02
1.080159041105136026e+02
1.080055665952365018e+02
1.080779224393453859e+02
1.081464974304968507e+02
1.081559423014960828e+02
1.082001435647959369e+02
1.082270619847101756e+02
1.082434388660473417e+02
1.082566078403447705e+02
1.082888555346973902e+02
1.082880013285940350e+02
1.083556121518757607e+02
1.083434822812111662e+02
1.083390117081095525e+02
1.083571561351488839e+02
1.083708823156595571e+02
1.084185837213099717e+02
1.084984412215888767e+02
1.084864857296758061e+02
1.085383767994383106e+02
1.085212281510747658e+02
1.085921248111247905e+02
1.085776822537783062e+02
1.086153860035468597e+02
1.086534421561543837e+02
1.087061232785154345e+02
1.087657191957447225e+02
1.088422804990613031e+02
1.088742470145662509e+02
1.089493784584549303e+02
1.089956774001068851e+02
1.090542486678884444e+02
1.090932005738968087e+02
1.091071783956477361e+02
1.091629758740188549e+02
1.091760429845168829e+02
1.092038536438788441e+02
1.091783727664909236e+02
1.091843893822658487e+02
1.092418967121505631e+02
1.092841468790901445e+02
1.093018691559439191e+02
1.093412946180908705e+02
1.093266432508401778e+02
1.093181102963717706e+02
1.093815202476540378e+02
1.093906422908491436e+02
1.094319124830419696e+02
1.094140102985288081e+02
1.094938151046440993e+02
1.094760541070333062e+02
1.095097877733493732e+02
1.095788079263830923e+02
1.096353800799469269e+02
1.096592417782508022e+02
1.097329733899824333e+02
1.097680989417676614e+02
1.097853041418695739e+02
1.098376885308755391e+02
1.098978622109759868e+02
1.099671339299367929e+02
1.099949034687797820e+02
1.100312300901856730e+02
1.100756437416788316e+02
1.101095646689397825e+02
1.101574778427470562e+02
1.101656892113609700e+02
1.102088021223497663e+02
1.102426227774039944e+02
1.101980231184835333e+02
1.102143079061212205e+02
1.102075894176024633e+02
1.102594891062795739e+02
1.103078867919370794e+02
1.102685390795069793e+02
1.103509047202033742e+02
1.104096014280546143e+02
1.104076478643668082e+02
1.104757092941572694e+02
1.105228288219130093e+02
1.105739773127404248e+02
1.106605563233862313e+02
1.106657362302256473e+02
1.107096600091568206e+02
1.107695574288927958e+02
1.108491814463868650e+02
1.108511149402819314e+02
1.109315888621657535e+02
1.109915171320845673e+02
1.110093923566964520e+02
1.110600466934363340e+02
1.110284965756233220e+02
1.111007058247383981e+02
1.110459041109817520e+02
1.110416448207952982e+02
1.110318734225738524e+02
1.110094073145881026e+02
1.110323586077378053e+02
1.110801108395563972e+02
1.109913028788394485e+02
1.111129435694905538e+02
1.111348371547195910e+02
1.111383195755649922e+02
1.111459952606058863e+02
1.112415012741473532e+02
1.113012529390867087e+02
1.113343465840814588e+02
1.114120504229202737e+02
1.114434019335002404e+02
1.115146024035281584e+02
1.115755436722975134e+02
1.116310788027542031e+02
1.117448620617650192e+02
1.117914824039419557e+02
1.118138872564188659e+02
1.118333712568859966e+02
1.119202712661050754e+02
1.119486637790189434e+02
1.120343250729055313e+02
1.120989589605603527e+02
1.121214792613598661e+02
1.122110899888063216e+02
1.122710118564931889e+02
1.122991752146398170e+02
1.123736915707851693e+02
1.124141794549370132e+02
1.124296206616325264e+02
1.125006194602447778e+02
1.124825830638050235e+02
1.125031190953851450e+02
1.126080328814501570e+02
1.126009262011851888e+02
1.126430111082577383e+02
1.126251267966906653e+02
1.126194302777482932e+02
1.126233754988769107e+02
1.126273050443871853e+02
1.126276421142861324e+02
1.125892368694913301e+02
1.126249270861733436e+02
1.126390603400035531e+02
1.126977007945004061e+02
1.127591879975744718e+02
1.127971344999137102e+02
1.127922987238443397e+02
1.127857175420962790e+02
1.128378039605836989e+02
1.128036141927302083e+02
1.128767228434155641e+02
1.129132826448606011e+02
1.128626847351630289e+02
1.128999205073293126e+02
1.128963347272766100e+02
1.128976456851268750e+02
1.128703793324847595e+02
1.128508476563582121e+02
1.128269018957705470e+02
1.128405758327917283e+02
1.128045758497456319e+02
1.127734656695602808e+02
1.128139100159270072e+02
1.127910664415416591e+02
1.128075540630890572e+02
1.127942692172101289e+02
1.127710737576717150e+02
1.128553256406556216e+02
1.128464791662439666e+02
1.129650226136404996e+02
1.128868291868030838e+02
1.129249111080860786e+02
1.129362595953835608e+02
1.129030286234769562e+02
1.129217059215989707e+02
1.129189506506451437e+02
1.128667037947910501e+02
1.128257589094855291e+02
1.127982524934863164e+02
1.128443973286126720e+02
1.128549179909869906e+02
1.128209067462125574e+02
1.127674207089932850e+02
1.128506727946117394e+02
1.128031758402512992e+02
1.127786989197205116e+02
1.128066634704131275e+02
1.128417450272686295e+02
1.128169009665545701e+02
1.129192363867459648e+02
1.129209521402066230e+02
1.129801227833065838e+02
1.129837073683774520e+02
1.130166032902575353e+02
1.130421033854297690e+02
1.131079571932040437e+02
1.131433911416427804e+02
1.132272792719080172e+02
1.132991501212513583e+02
1.132561832271992017e+02
1.132355415239176466e+02
1.132430049075106098e+02
1.132575070025287687e+02
1.131803541797437731e+02
1.131810186351151089e+02
1.131525082678130047e+02
1.131739953350164996e+02
1.131791081731268065e+02
1.132026619751491125e+02
1.132258257308523071e+02
1.132649730064852491e+02
1.132550824505363352e+02
1.132186059070661202e+02
1.132306375680409047e+02
1.131799771744979779e+02
1.131339160305091127e+02
1.131245268355906717e+02
1.130789617681929968e+02
1.131117072155304868e+02
1.130239066374590351e+02
1.131286083838478760e+02
1.131173940641201199e+02
1.131250797176883367e+02
1.131743994493221095e+02
1.132014304611755051e+02
1.132097692860896530e+02
1.132879371309481229e+02
1.132864647651701944e+02
1.133409527873935332e+02
1.133198306733665532e+02
1.133813588551755629e+02
1.133907119028425399e+02
1.133978807989767006e+02
1.134318509580896119e+02
1.134638394089957956e+02
1.134987467949606099e+02
1.136051275463566839e+02
1.136203844021017488e+02
1.135999222000170619e+02
1.136614274954745127e+02
1.137250026486904346e+02
1.137205964901810660e+02
1.137821140751820082e+02
1.138650254827936692e+02
1.139330839349985922e+02
1.139388842926775567e+02
1.140226727851586190e+02
1.140487182043198402e+02
1.139873633353995785e+02
1.139745148364566489e+02
1.139637082629029976e+02
1.140100688961928057e+02
1.139511016573382847e+02
1.139708238910052671e+02
1.139633462391909120e+02
1.139672140901145525e+02
1.139632770292387107e+02
1.139121363632833095e+02
1.139118254433516313e+02
1.139523300181540151e+02
1.139042883297067306e+02
1.139368646771049214e+02
1.139252676009398613e+02
1.139036167112091675e+02
1.138807307501617458e+02
1.139083412058101885e+02
1.138777440476137599e+02
1.138151077833493474e+02
1.138723229930942864e+02
1.138109978417751194e+02
1.138376724452897975e+02
1.138434001714884261e+02
1.138963498537223273e+02
1.139649001996022406e+02
1.140101792889791739e+02
1.140645171715836597e+02
1.140090233879873551e+02
1.140930815294421024e+02
1.140907472287452293e+02
1.141184512535278515e+02
1.141471322026747401e+02
1.142390367279081573e+02
1.142395151522090515e+02
1.143017949613140729e+02
1.143688991321739223e+02
1.143373155323745465e+02
1.144023223030216911e+02
1.143748153887491270e+02
1.144631264215611708e+02
1.144909791294502099e+02
1.145025793758366035e+02
1.145432605183936658e+02
1.145235306866934764e+02
1.146160337167801941e+02
1.146373626422543595e+02
1.146847813996160710e+02
1.148054358238901074e+02
1.148281419642178349e+02
1.148969807813230659e+02
1.149560102012722069e+02
1.150640007402268878e+02
1.150842029278051655e+02
1.151044043136043769e+02
1.151788115498612228e+02
1.152070718591419336e+02
