1.502539719681552697e+02
1.479908952499343116e+02
1.488135281108068568e+02
1.432589999315329692e+02
1.250760689556148293e+02
1.222953726725317978e+02
1.262171091824215807e+02
1.272146211086878083e+02
1.304460703163830431e+02
1.314878356837944864e+02
1.292537779293498090e+02
1.279590256999875635e+02
1.277426093344936646e+02
1.230764857142252708e+02
1.201061109299171505e+02
1.208073288788721129e+02
1.228218357120488378e+02
1.228139244081498305e+02
1.228913697830374758e+02
1.232451165406078388e+02
1.200663488487369222e+02
1.222348531001300529e+02
1.259068155220856511e+02
1.217050732632560823e+02
1.199248417847321520e+02
1.253615046677437448e+02
1.236125817097501169e+02
1.258590257085107567e+02
1.179183323189542136e+02
1.181965893232892881e+02
1.167890523577455042e+02
1.194088511748706765e+02
1.191383769441579972e+02
1.194409268125264134e+02
1.162210865807541893e+02
1.135269936763504575e+02
1.158215890620057422e+02
1.201020019711237552e+02
1.195975097681504167e+02
1.223764462546588163e+02
1.269510712733710704e+02
1.323130633438673271e+02
1.364116833776659519e+02
1.359836024419976752e+02
1.322976568776992394e+02
1.299151521280685131e+02
1.281651464858977647e+02
1.194228400730786461e+02
1.201319229271506686e+02
1.203435160846190399e+02
1.175561612469895181e+02
1.152309844938212251e+02
1.138890415438570187e+02
1.122688704667021824e+02
1.122009240410959876e+02
1.137499848469626471e+02
1.131641803896058036e+02
1.141181387108257184e+02
1.071730883543351354e+02
1.088634789522337059e+02
1.095821888052351341e+02
1.111224462118115923e+02
1.113842295063737424e+02
1.078177426053453019e+02
1.110069926604230943e+02
1.174421436917633343e+02
1.127269002909849149e+02
1.139024303239852713e+02
1.136942245080964682e+02
1.081337611417781233e+02
1.088992336965373795e+02
1.052445166900176190e+02
1.091341622447988442e+02
1.097021330225663860e+02
1.022880231278844860e+02
1.018088141178873371e+02
1.035370572839583332e+02
1.081934517674179688e+02
1.096581204164781553e+02
1.105992028137010692e+02
1.050633110398161421e+02
1.023121987352697602e+02
9.806329451469464686e+01
9.464250157336380198e+01
1.001064227415151180e+02
1.119164182160623255e+02
1.104910284499975148e+02
1.072447720331420840e+02
1.036726358900269247e+02
1.042173215198962879e+02
9.884421657168533670e+01
1.011752696553958941e+02
1.032125595903229112e+02
9.908440849226036562e+01
1.006377677176523946e+02
9.389737414055670683e+01
9.227579753063395174e+01
9.211952877056734224e+01
9.935260937282787097e+01
1.020974505290078582e+02
1.073741962414478479e+02
1.037994226607965942e+02
1.050667340161027425e+02
1.088948454770298042e+02
1.095564536424920021e+02
1.120531023189126643e+02
1.076052979345128193e+02
1.112447934053573846e+02
1.069387800509933726e+02
1.015487016692034672e+02
1.041983578900712359e+02
1.052678342600246282e+02
1.041896059147746172e+02
1.019407414358327628e+02
9.552177016105450491e+01
1.011028438091124713e+02
9.401439731269158528e+01
9.577069160902784972e+01
9.237597726149587629e+01
9.609439907570137507e+01
9.572914393273259748e+01
8.987859988931401745e+01
9.810996254825336393e+01
9.429089810060810350e+01
9.385588879390996908e+01
9.291054934675730692e+01
9.038050785651132912e+01
9.021231006521566087e+01
9.433011539083284447e+01
8.514437833810535494e+01
8.803740960247351666e+01
8.850806563462418808e+01
9.033964372369857188e+01
8.432816242200995305e+01
8.444765371613065952e+01
8.274350786614188280e+01
8.910858752537217242e+01
8.235539811060444038e+01
8.724234137050198967e+01
8.314916194498125890e+01
9.030474000611273766e+01
9.251250000387109651e+01
9.034486227434511818e+01
9.012865847026118615e+01
9.251107888300715842e+01
9.273035900904507400e+01
9.194029187553118732e+01
9.227389205654428395e+01
9.113018163044375797e+01
9.513636210866380338e+01
9.222470367471086661e+01
8.930910715790581378e+01
9.201513142639942089e+01
8.875198878524761881e+01
8.516402204294223566e+01
8.548564500106496666e+01
8.775752103634673063e+01
9.042122852490344087e+01
8.816553626092014895e+01
8.598619049047786689e+01
9.085511354082434821e+01
9.365862081179108145e+01
8.730515270042970144e+01
8.661289195940659624e+01
8.748049248650282550e+01
8.618823007785020707e+01
8.562631675478752413e+01
8.136646129190579302e+01
8.300930733743605572e+01
8.347280737743433576e+01
7.808987136446309307e+01
8.055362393495742879e+01
7.753912375329478834e+01
7.881260160140084281e+01
8.045239289097492019e+01
8.285134382327056812e+01
8.350221193240015793e+01
8.255028031540301470e+01
7.965268958341800953e+01
7.724090837584357416e+01
7.767810399718980818e+01
7.738978235913704395e+01
7.533292888855454805e+01
7.806614222054476215e+01
7.160735516318766258e+01
6.684397476649810699e+01
6.300286043021367277e+01
6.590568915159582275e+01
6.671649736453672119e+01
6.318267584886795873e+01
6.997805149299937000e+01
7.235305832874821874e+01
7.443846614106715265e+01
7.253935286267683580e+01
7.602202635642692030e+01
7.337847593124017465e+01
7.278008608569048477e+01
7.493378494787326360e+01
7.483981241356921998e+01
7.679463338077138701e+01
7.879229453728279964e+01
8.266542440400590408e+01
7.859892138786935334e+01
7.942391352544511562e+01
7.585242035930387772e+01
7.938362799315005702e+01
8.462422652850358418e+01
8.228450489453150851e+01
8.347534586760690445e+01
8.500572004898921818e+01
8.384741956361122561e+01
8.228367005332731310e+01
7.902362670433319636e+01
7.925358347434648465e+01
7.457369798192226540e+01
7.586022730870037378e+01
7.628389650923044485e+01
7.902376978287082920e+01
8.207686194451686390e+01
8.226391189899025846e+01
7.832351284349822151e+01
8.190761871523291404e+01
7.694060339927277425e+01
7.532269003919056161e+01
7.117210247289830249e+01
7.538609139934982295e+01
7.616109864076369718e+01
7.988363214400136769e+01
8.782989242128502383e+01
8.360485524393384082e+01
8.723876848164509568e+01
8.536321401491763083e+01
7.640747434977647856e+01
7.772014221128864619e+01
7.971363932763070181e+01
8.229406449617604835e+01
8.015772304015685279e+01
8.243313372629953051e+01
7.970395985549257034e+01
8.381041355999016673e+01
7.962124484362693977e+01
8.315842727949836899e+01
8.372187527336903656e+01
8.735031042409497104e+01
8.253908031884604668e+01
7.666785330794627384e+01
7.693837210492446843e+01
8.326120640343803814e+01
8.592370571804386259e+01
8.354050672971079905e+01
7.208381687752012112e+01
7.195094896401401741e+01
7.212714388871980020e+01
7.417603652769034284e+01
7.594620322556075109e+01
8.244648382610417059e+01
8.057006619976688455e+01
8.206859322399765233e+01
8.604032060698425255e+01
8.006462066387595655e+01
7.715412872049263626e+01
8.039662569695747152e+01
7.602583817947400746e+01
7.128583520134701246e+01
7.522947093836769739e+01
7.247645818131938711e+01
7.066616233530724855e+01
7.037727056590779284e+01
7.411773464055728766e+01
7.057884723900831148e+01
6.843714959967189770e+01
6.411716709800862191e+01
6.017229375122035151e+01
6.880198237114194626e+01
6.949007004430519885e+01
6.759813887394439291e+01
6.807679051092010525e+01
7.132085227031761576e+01
7.621614010688780638e+01
7.361682350248459272e+01
7.026955650861457059e+01
7.418794795546988041e+01
7.849497385594395382e+01
7.515463939197451282e+01
7.372975885817885455e+01
7.300666156546841989e+01
6.844471905757855268e+01
6.637831055235727717e+01
6.831068448452019481e+01
6.650376034531970504e+01
6.566973817036567596e+01
6.304173405513937212e+01
6.481054179136737048e+01
6.779594011275162302e+01
6.460553672477274745e+01
6.668488415919900092e+01
6.790391602839531515e+01
6.351934669403388511e+01
6.132391642459562320e+01
6.479813864618719776e+01
6.934705389362068217e+01
7.014226334076816727e+01
7.486249306501116507e+01
7.964671289684316946e+01
7.676572810003480640e+01
7.388215111571801685e+01
7.720556854296818017e+01
7.744407711514334380e+01
7.601735539374224970e+01
7.314373832862297320e+01
7.302459256681348165e+01
7.666735840566178695e+01
7.388931969279606449e+01
7.106091492445533220e+01
7.381075147990486585e+01
7.054318357451722932e+01
6.944610219180745503e+01
6.825665548543139494e+01
7.086376973331498164e+01
6.996915350789578270e+01
7.201250495718116440e+01
7.597377838688144891e+01
7.944433678105565377e+01
7.507692548180384051e+01
7.269784544317694497e+01
7.583356114309854945e+01
7.575430160021407744e+01
8.100051010379806371e+01
8.008886114214942609e+01
7.680970336337104243e+01
7.487847505407606263e+01
7.263207463017189980e+01
7.437854223068923432e+01
7.052667964523213584e+01
6.730731123761741230e+01
6.860882741756508096e+01
6.824551219413761771e+01
6.382984278717984239e+01
6.149460859352763009e+01
6.683129598468293864e+01
6.720612409415448951e+01
6.497772446184229977e+01
5.956066772516122398e+01
6.295632206404778231e+01
5.846360092493893035e+01
6.550402850021818324e+01
6.883948492347816739e+01
7.026504092978581184e+01
6.663126695241162167e+01
6.380687840605281735e+01
6.053728284649044156e+01
5.835344803225227395e+01
6.250026669783628108e+01
6.544686936655119780e+01
6.602986582897736412e+01
6.237925515501005691e+01
6.577740297824307447e+01
6.636430807897049533e+01
6.311124449253865976e+01
5.900735266072095442e+01
6.429448830542857252e+01
6.820067316527668311e+01
6.548161327331592929e+01
6.825296582799427370e+01
7.034535684505078734e+01
7.180392315022278638e+01
7.361378668724600516e+01
6.600293862193824168e+01
6.690568569861842718e+01
6.491885367278698027e+01
6.728272369172660206e+01
6.283760701349551425e+01
6.370628168460318363e+01
6.574647856071126739e+01
5.701372393691511320e+01
6.076477623487934920e+01
6.267868273068256713e+01
6.376131328265668685e+01
5.898403299398334809e+01
6.026307213690674303e+01
6.788346753174063508e+01
7.129285185351433540e+01
6.784896591558737100e+01
6.025032099145678899e+01
6.030225589425376143e+01
5.607579736366044187e+01
5.823081729169803111e+01
5.977240732655958766e+01
5.849216676267792536e+01
6.633428208359144662e+01
6.415526486933093508e+01
5.989852322501798199e+01
5.646775916201696077e+01
5.809599924146128558e+01
5.919992390281656469e+01
6.163859985024683397e+01
5.972354552807546213e+01
6.392188241874809762e+01
5.966981087303392428e+01
6.272077829188509668e+01
6.515172416335852290e+01
6.374572470867406082e+01
6.829632649958493573e+01
6.930007444747724321e+01
6.710179670840281574e+01
6.658099992063883121e+01
7.015575718890039525e+01
7.261038591171610790e+01
6.695847816752841197e+01
7.356719989332022180e+01
7.570309307461401715e+01
6.814335193686764569e+01
7.139921074530590772e+01
7.274643849221546077e+01
7.024244754793625134e+01
6.934109958817190034e+01
7.900610015502019223e+01
8.070479461018403811e+01
7.731086245327882978e+01
7.413464579342937100e+01
7.606179646302247477e+01
8.233187344670844254e+01
8.055082684688116501e+01
7.494511473345428954e+01
7.361951250986700757e+01
6.750217135755983122e+01
7.345159048567069249e+01
7.576059217709425297e+01
7.789659365967956717e+01
6.832191307534031921e+01
6.912109044277131886e+01
7.588513479564602449e+01
7.126051264473260005e+01
6.821074830190256932e+01
5.667668624073183992e+01
5.816690080143230546e+01
6.068413777807890597e+01
5.910356007417665580e+01
6.618151368839069448e+01
6.662412697733444134e+01
6.824158320063965277e+01
7.010704584992882360e+01
7.196975985562917799e+01
6.549995522212203980e+01
6.261975624531918072e+01
6.002162392737336916e+01
5.818005264239023688e+01
5.921098728217259577e+01
5.784831151954765005e+01
5.590536678394492753e+01
5.821414079745981951e+01
5.801652753731714540e+01
5.930315065131843255e+01
5.788465950846348562e+01
5.494509230461312654e+01
5.735809013431465075e+01
5.706663867527618095e+01
5.854416391666275388e+01
5.169576213316159397e+01
5.643773697322087912e+01
5.916045544533966449e+01
5.911094731234943822e+01
6.012511078231740669e+01
5.897810830107687252e+01
5.449817562665744219e+01
5.206713252507087475e+01
5.389226420481115554e+01
4.941869884903053389e+01
5.293345533331232389e+01
5.550268659184384035e+01
5.604504957807351673e+01
5.806441995990118699e+01
5.286133607674608470e+01
5.530734139163511998e+01
5.260448275828326814e+01
5.037104086017529880e+01
5.208060295270996676e+01
5.160600306717458352e+01
5.108831995763654277e+01
5.468909273911580726e+01
5.513432494829062591e+01
5.945102383375413524e+01
5.467913134212051318e+01
5.857826200936212047e+01
5.855708524299720352e+01
5.858614416971042260e+01
5.963147618356364887e+01
6.191480316413992568e+01
5.612077805234153516e+01
5.812099586063159506e+01
6.911251708914140579e+01
6.232116376707791972e+01
5.703479476282710436e+01
6.464897237692565568e+01
6.320576369169428688e+01
5.546764234109731717e+01
5.626438622619433261e+01
6.202645760424636023e+01
5.984282883427380284e+01
5.625700582093433866e+01
6.305404016733432115e+01
6.316444636180948180e+01
6.349411483860016858e+01
6.473075495368860288e+01
6.793777835756098682e+01
6.518702537838996136e+01
6.463358546136134919e+01
5.817579896356694746e+01
5.297732763019938318e+01
5.736624759213422919e+01
6.251178380308640214e+01
6.055259848222468122e+01
5.566906778207879825e+01
5.116148564693085632e+01
5.297756024972774469e+01
4.998206481761135933e+01
5.328751112234627385e+01
5.647926649746149508e+01
5.647457157015163887e+01
5.672700106268807474e+01
6.173914508705360049e+01
6.571306564383384341e+01
5.842924506521863748e+01
6.083296073448030938e+01
5.912449562287845595e+01
5.923383867873828024e+01
6.413357452430201988e+01
6.256443358677346112e+01
6.303195091328596789e+01
5.682810321973218493e+01
5.399207489532332715e+01
5.488027089116829416e+01
5.780734455610289046e+01
5.570299674312440175e+01
5.420395533196432325e+01
5.595474483413401856e+01
5.171421744430631406e+01
4.867077408787326931e+01
6.082709039960138853e+01
5.679947106903243537e+01
6.412694630246217287e+01
5.962748615529710605e+01
6.088677326336679130e+01
5.738176227681523756e+01
6.339194212979306542e+01
5.985698088977859754e+01
5.876097247197049001e+01
5.396772028564757306e+01
5.522481789846052891e+01
5.783859204391823994e+01
6.197600628589573546e+01
6.461914954033920822e+01
6.582543534324037182e+01
6.747398001742081419e+01
6.372138198847041224e+01
6.430426252205151627e+01
6.238127931767246537e+01
6.391184159077373295e+01
6.812676822307079760e+01
6.450783593720167630e+01
5.979675338276246066e+01
6.230017192545081173e+01
6.355723364591815994e+01
6.297163134799770035e+01
5.998414170678319124e+01
6.003065488542691241e+01
5.580445951843421426e+01
5.779006732860077022e+01
6.110232137590742241e+01
5.750997743874080470e+01
5.787808010486126875e+01
6.411062102852056910e+01
5.991316317777169331e+01
6.674768195246737434e+01
6.484660740938639378e+01
6.091136316745050294e+01
6.434534522804608514e+01
6.424145964392809560e+01
6.663118410429756011e+01
6.061992110431816627e+01
6.557911195609446509e+01
6.375478725276026637e+01
6.049560533890070246e+01
5.368661944176780310e+01
5.260607449655145729e+01
5.109762194386146916e+01
5.615739622873597625e+01
5.628624007804980067e+01
6.002145143255786763e+01
6.727965363045068159e+01
7.178217535920430237e+01
7.134645446201695052e+01
6.592405321763585846e+01
6.823090460416736391e+01
6.581922394683176947e+01
6.080553775680721174e+01
6.005930412642503313e+01
6.188091698942481855e+01
6.180097449166711954e+01
6.375196219601585312e+01
6.550230063210867115e+01
6.773994016749725233e+01
6.501457322300021247e+01
6.133647417074523389e+01
6.325850692328901914e+01
6.072194112934384691e+01
6.195334104809371922e+01
6.074129251427895326e+01
5.694265821573351616e+01
5.492360092910129765e+01
5.500345436347789985e+01
5.385954124263710696e+01
5.180959373301882920e+01
5.417948601102725092e+01
5.746220758742039436e+01
5.770998741741121307e+01
6.056754463523148502e+01
6.255486804208270257e+01
6.113305684437789012e+01
6.431803143978579840e+01
6.073407056855738517e+01
6.060486996577465391e+01
5.850784693200985487e+01
6.857158876280314530e+01
6.478582264240738198e+01
6.742405266262314001e+01
6.185662764021995486e+01
6.227890047087740300e+01
6.272522234483795955e+01
6.221864085471153771e+01
6.547712933506551281e+01
6.947879699015547317e+01
7.248481232381050177e+01
6.950164639835715263e+01
7.179002306869257666e+01
7.122687880707842112e+01
7.178606648772628773e+01
6.173730689090724866e+01
5.659772019445304636e+01
5.716344871898299118e+01
5.962286560851232764e+01
5.254582159901335103e+01
4.931926963012685405e+01
5.478127039898764394e+01
5.422872147472195081e+01
5.598705716691775081e+01
5.267985455904789660e+01
5.332614388873275857e+01
6.034132790816249781e+01
5.811727368648405445e+01
5.483742283780408400e+01
5.480938284425468510e+01
5.773704527913434958e+01
5.747057148886761979e+01
6.164490467630700721e+01
6.655302554445097485e+01
6.726411530039614206e+01
6.730413561651531040e+01
6.096147721441491285e+01
5.899797189089254346e+01
5.479779110765367989e+01
5.050234958124053719e+01
5.003866099154569724e+01
5.443136932314119747e+01
5.731511289240344809e+01
6.504780250114943385e+01
7.762334159008173629e+01
6.727170668216520255e+01
6.287584679070357652e+01
5.939689702928102122e+01
6.032891304099726426e+01
6.664349121488170624e+01
6.312307713112564045e+01
6.242838276559236022e+01
6.429903958049999346e+01
5.616843815718534927e+01
5.521883572774554239e+01
5.205679294861525364e+01
4.809946599803802769e+01
5.017975972171669241e+01
5.091272040518086328e+01
5.641644729065312447e+01
5.376825096246186320e+01
5.441339646618719428e+01
5.859487361578902664e+01
5.562391764309677455e+01
5.741733417801040673e+01
5.972033859858831306e+01
6.170319431178221237e+01
6.079744236275986680e+01
5.775689750226916885e+01
6.153610797214288652e+01
5.909174253541293353e+01
6.153854834385209926e+01
5.909711346818284028e+01
5.718975101034303066e+01
5.122901980689169932e+01
5.334751056710744876e+01
4.754859906917567969e+01
4.869600058807407095e+01
4.907006077731935534e+01
4.697019070295633014e+01
5.223297805278224359e+01
5.146024255412504544e+01
5.013722488064567528e+01
5.085678449039110660e+01
5.217786029727047037e+01
4.837030793835126019e+01
4.884612942781299694e+01
4.870265320372843121e+01
4.663471321169683392e+01
4.539289212981799437e+01
4.284644696404831166e+01
4.459202472222474967e+01
4.709361472254738601e+01
4.762785112276429800e+01
4.314931970578257392e+01
4.255286640442221824e+01
4.512073100647947399e+01
4.793189996921867646e+01
4.924686203916942873e+01
4.931842399112971975e+01
4.863297307610483244e+01
4.845178196559041339e+01
4.944411119443094549e+01
5.056692263873389948e+01
4.908326291175188771e+01
4.971501188755274825e+01
4.219961013901789215e+01
4.465709469101534523e+01
4.283774543089606368e+01
4.051805744441969637e+01
4.353610974907928721e+01
4.846572254737912999e+01
5.119918056596324618e+01
5.401579619617301375e+01
5.401926082402205509e+01
5.850963895156300509e+01
5.773168997545539582e+01
5.270491235988643552e+01
4.972563200882436263e+01
5.440858314082821323e+01
5.299971471853859839e+01
5.095237281903825988e+01
5.196205388917493906e+01
4.730952280186664893e+01
4.541621113146180733e+01
4.324544014074305665e+01
4.411294957958540408e+01
4.522152436426875965e+01
4.684375191173452890e+01
5.460301670072371394e+01
5.569673454974272886e+01
5.232764623222185207e+01
5.204448516596518459e+01
4.971665371122770694e+01
5.371014945258166051e+01
5.462785056942968254e+01
5.694785627328475641e+01
5.329759708229110515e+01
5.751346804366110632e+01
5.004421440441132063e+01
4.980108556393554409e+01
4.974402897883479113e+01
4.972352374030913325e+01
5.829222464566349515e+01
5.798601731357028655e+01
5.709000945161794505e+01
5.677149538623578451e+01
5.384087502602505992e+01
4.796469596988114859e+01
4.743209179120776753e+01
4.600019406050390103e+01
4.952549374976118202e+01
4.654914394128013555e+01
4.409453528202209327e+01
4.287691756667814502e+01
4.246463915867107630e+01
4.660245457921524803e+01
4.556094067373945222e+01
4.537008298627193881e+01
4.568584240381736095e+01
4.225751087552566787e+01
4.254794233334430942e+01
4.375222528399532962e+01
4.497723058851045153e+01
4.474604219653676296e+01
4.935580466329818705e+01
5.421348381224618151e+01
4.748788679075767050e+01
4.353076027972480233e+01
4.731931614942797637e+01
4.428547911127765246e+01
4.861833378225054503e+01
4.725608883173418917e+01
4.932799239670680436e+01
4.763662194715757892e+01
4.176291667551208775e+01
4.569450888214382189e+01
4.658066105159571180e+01
4.771075142081008380e+01
4.587249662575473508e+01
4.923071218610758137e+01
4.742832731918605305e+01
4.177533340026661790e+01
4.484292758126457557e+01
4.790380493602725664e+01
5.053931832262915691e+01
5.147254004912727510e+01
4.935449018514268005e+01
5.589154891080035270e+01
5.402792946451000944e+01
4.877395315127785125e+01
4.869779092397951104e+01
5.103087789836774846e+01
5.173766400956586153e+01
5.419929105960603977e+01
5.612169972982376009e+01
5.398054103802977011e+01
4.852298002768540641e+01
4.793373077779233427e+01
4.526953061117075094e+01
4.795388004193455345e+01
4.872810581742305658e+01
4.798266140049668138e+01
5.408439827696510349e+01
5.533934066888421910e+01
5.871746582973175066e+01
4.778367116228665168e+01
5.607183613523397980e+01
5.255990531746840588e+01
5.162516152681405401e+01
5.081104047202808260e+01
5.283350153481589473e+01
4.802757723739992457e+01
4.916318943189821766e+01
5.137220879270194018e+01
5.283223144149904726e+01
5.633840156170140290e+01
5.764573133391189685e+01
6.088866340782335840e+01
5.526779728687247939e+01
4.854690729310166830e+01
4.832153468944642327e+01
5.260639449774824072e+01
5.105933019528768568e+01
5.100911127104129150e+01
5.187460168300654573e+01
5.269474307369618771e+01
4.952278124105194479e+01
4.947781561505860282e+01
4.967752491437724416e+01
5.157717530530521799e+01
5.380796526739216290e+01
5.654242274794712841e+01
5.662334119083493533e+01
5.370652329489979593e+01
5.332719607181216759e+01
5.769935768095024287e+01
5.843847190958705085e+01
5.752244797645015240e+01
5.778855196773527325e+01
5.066230330192311726e+01
5.517336738902024251e+01
5.645079959205096998e+01
6.030759696785528945e+01
5.890274319230358913e+01
5.457574595471983514e+01
5.278518320116614859e+01
5.279351313438351667e+01
5.042676285058394114e+01
5.063038549799142629e+01
5.170830640315003279e+01
5.271763902497767162e+01
5.542443383263712064e+01
5.115823675833536299e+01
4.996634361686102466e+01
4.582805755845546969e+01
4.402387928921800153e+01
4.462551929546290808e+01
4.314941410776444286e+01
4.227106309690145736e+01
4.386959954313465460e+01
4.983151500847506554e+01
4.360296170308151886e+01
4.467713882517034563e+01
5.028688939978874828e+01
5.659871548459831558e+01
5.582039962129665867e+01
5.538705737315810040e+01
4.887991927209219511e+01
4.680130415112921582e+01
5.116616923000995598e+01
5.073824331922952524e+01
5.193705060510910698e+01
5.056508283203149290e+01
4.894684197545694815e+01
4.844017229670163260e+01
4.500066576361453485e+01
4.757406695515516049e+01
4.816241739424103230e+01
5.676503908550692756e+01
5.397651366390570615e+01
5.361487314409183114e+01
4.857501819066806092e+01
5.052636797180028339e+01
4.815571045254250748e+01
5.873605736789625098e+01
5.871286656164359385e+01
5.612038309377912526e+01
4.742146141173984120e+01
5.003669838305845019e+01
5.102517632074864196e+01
5.589818081453235266e+01
4.618057718080129348e+01
4.923014055440265224e+01
4.623228766897608466e+01
4.554570302093065948e+01
4.337348088233636645e+01
4.551955419830005667e+01
5.025401714931928154e+01
4.582664175743798296e+01
4.555920679903525183e+01
4.622284238867436557e+01
4.316624489574908807e+01
4.668695304237490973e+01
4.649322635368622514e+01
4.753574274651521137e+01
5.157208014614846547e+01
5.344664765356175451e+01
5.465542150281297040e+01
5.767277521843983834e+01
5.933772654262332935e+01
5.313062044553791452e+01
4.991304581986926792e+01
4.882192198835625163e+01
4.886030159323877342e+01
4.687583133968911397e+01
5.085824422980306281e+01
5.079724499211147304e+01
5.514179462084489103e+01
5.550252689972663234e+01
5.434156031006313015e+01
6.077038122142694476e+01
5.783262700329825634e+01
5.789185418665294947e+01
5.477829441173524572e+01
5.534160350631918845e+01
5.199034306669335592e+01
5.325402553177939069e+01
4.912825828311036958e+01
5.410038904183949171e+01
5.115581451308577243e+01
5.130408224945901452e+01
4.661172105070761518e+01
4.478630521142957832e+01
3.893767898283277873e+01
4.237378544712998973e+01
4.532739048864718256e+01
4.324243500965854992e+01
5.001373749859305917e+01
5.007517733066330834e+01
5.025640351398513417e+01
4.788730055711920386e+01
4.990812134422830582e+01
4.636425856626323139e+01
4.120974036376017580e+01
4.338640627862727683e+01
4.432545739265697193e+01
4.194103091241561287e+01
4.544933763865617493e+01
4.691639770667279663e+01
4.930579610497693466e+01
5.390532586819877281e+01
5.243278491060127067e+01
5.249156546964876213e+01
5.119215605433836913e+01
4.797704199617388099e+01
4.736671024556704879e+01
5.128337987475924820e+01
5.805105441970879099e+01
5.106790365064932757e+01
5.586658144336009002e+01
5.618134016166962397e+01
5.635340659581420653e+01
5.983246645689416710e+01
5.608141480663532263e+01
5.464253525723859184e+01
5.921369865745727168e+01
6.549222204809015579e+01
5.918203720324423500e+01
5.015039530457013939e+01
4.717300097257501079e+01
4.552873656004643976e+01
4.642967343704887639e+01
4.470404914140834762e+01
4.349320127517560763e+01
4.621833826618887997e+01
4.896316987092455975e+01
5.104649819597514693e+01
4.863765941802475368e+01
4.784906832853818059e+01
4.814174258319664546e+01
5.100822799657623818e+01
4.717250283674573552e+01
4.935144566483700146e+01
5.352660308288014335e+01
5.283852914821423497e+01
4.873832097782775463e+01
4.982213717004097475e+01
5.971803061652950362e+01
6.019419897051868418e+01
5.880676829981477738e+01
6.165011542060233296e+01
6.307712144085175510e+01
6.079623432102565062e+01
5.697251328982149232e+01
5.157940951736478041e+01
4.770979525123598819e+01
4.301947776942625978e+01
5.230730297124728168e+01
5.558548262614137059e+01
5.210827188645143337e+01
4.682262726567529398e+01
4.293176739974921929e+01
4.661436536880134440e+01
4.952656775775315623e+01
5.753864019857734036e+01
5.449224089641093371e+01
5.885403089821679146e+01
5.754811139854311364e+01
5.558998326194074480e+01
6.004324785991664726e+01
5.431835307878418462e+01
5.953984872968531761e+01
5.993301031810862867e+01
6.108142233177927949e+01
6.175500399607994950e+01
5.151503728426953899e+01
6.163581614062734104e+01
6.330294357043096909e+01
5.968597346080676402e+01
6.298618951825558554e+01
6.308567426134379730e+01
6.100441370034891975e+01
5.850012390306903853e+01
5.983770055248892561e+01
5.680768459789732105e+01
4.956956953130358556e+01
4.557509874135112682e+01
4.992146533852468337e+01
5.294355752544255722e+01
5.264557969451206532e+01
5.989582452695179882e+01
5.548856808821582831e+01
5.884322349091131343e+01
5.853741359525744770e+01
5.142637877009258318e+01
5.250489697643786258e+01
5.431171569704433466e+01
6.662144114395336203e+01
6.903722745399866767e+01
5.795125088552178738e+01
5.643765142618471486e+01
5.152744419093397710e+01
5.270630694454855814e+01
4.830913576251018071e+01
4.918745770519660709e+01
4.607926768420941244e+01
4.532313188185506192e+01
4.730192153754728679e+01
4.714355079091424727e+01
4.531330864635930311e+01
4.912741717641767991e+01
5.173005936519464854e+01
4.393071220375639996e+01
4.458410039336908426e+01
4.814330782351214566e+01
5.380499780777753926e+01
4.876372743568958867e+01
4.795989279690004992e+01
5.298138322346787277e+01
4.984049381505809606e+01
5.136153008338561676e+01
5.446087796529992886e+01
5.084454033671900675e+01
4.608969114164037251e+01
4.588907695202709647e+01
4.441701442304736247e+01
4.499874958309783324e+01
4.814523089307516557e+01
6.016777281750279371e+01
5.621919101240578698e+01
4.904492116843553617e+01
5.135288455980841604e+01
4.947370512246899921e+01
5.268840938659334938e+01
5.349264292224656003e+01
4.855020994374169163e+01
4.841057859910551997e+01
4.715656531285861774e+01
4.521762240190119542e+01
4.629092741795798815e+01
4.654615883617265126e+01
4.830232474111696206e+01
3.918518509544841777e+01
3.633409504976455651e+01
4.079726453870995329e+01
3.692796814768541935e+01
4.199138400346390654e+01
4.237299805801220032e+01
4.368439860727980317e+01
5.009643753461040205e+01
4.982011178661295503e+01
4.917250799888591928e+01
4.555566038211185287e+01
4.355093122907695147e+01
4.343447128645033217e+01
4.650584110615415057e+01
4.361575959594506458e+01
4.695192019810619399e+01
4.924825965429485564e+01
4.806278148402398642e+01
5.044439870675370230e+01
5.141350578232427893e+01
5.077292738516695181e+01
5.126758403495901462e+01
5.709875593914755143e+01
5.126361951710995868e+01
4.585714707331794671e+01
4.740862679456478190e+01
5.239143141198880471e+01
5.938131645756219257e+01
5.617190201310617681e+01
5.343118603007852130e+01
5.531726274970834822e+01
5.452984297940004410e+01
4.852306975386179033e+01
5.051007074469882241e+01
4.919511846635896291e+01
4.527537056964590079e+01
4.490291322089348114e+01
4.922684434561682565e+01
5.287631426321456729e+01
4.789908257312666251e+01
6.049852714917959418e+01
5.019318869694632212e+01
5.050904978085529251e+01
4.777244035055008453e+01
4.703111191729399820e+01
4.481447373840143200e+01
4.291171227900588292e+01
4.328587915911927553e+01
5.187437338535937670e+01
4.938786715242775927e+01
4.839444481648365581e+01
4.861232133038825509e+01
5.064080713533761013e+01
4.772495459762799896e+01
4.664580514271807488e+01
5.052610276152259416e+01
5.394665875181658521e+01
5.323587565812749745e+01
5.321731165218581339e+01
5.403193501136296106e+01
4.515769864745985274e+01
4.648805354203105367e+01
5.224471624687649296e+01
5.011087733071846628e+01
4.448510561011690356e+01
4.638809524697867914e+01
4.840617850324321125e+01
5.647155437754648233e+01
6.674115747444926683e+01
5.815512368113988373e+01
5.531218169695786457e+01
5.013532979944488943e+01
4.542670295673465830e+01
4.665990891367789573e+01
5.135309014056630872e+01
5.671267507153200427e+01
5.618623877887354467e+01
5.045970746520765715e+01
5.327244174567555035e+01
5.425297435736352725e+01
5.564668859335260720e+01
5.174213343723025105e+01
5.301602527104653007e+01
5.739325647055166257e+01
5.641745424237404904e+01
5.790791641977769189e+01
5.912736070350267426e+01
6.424782227502484488e+01
5.209533720202657037e+01
5.011591973605592898e+01
4.846986966840475475e+01
4.931615053168138729e+01
4.687442444409478526e+01
4.728391940976854357e+01
4.172591616451666141e+01
4.083035230871800536e+01
4.355827905751306162e+01
4.458376637959915456e+01
4.460605637014444369e+01
4.669333465303176922e+01
4.610874070425438731e+01
4.915585922605905012e+01
5.180702676958890152e+01
5.187366233911231461e+01
5.497868074220723145e+01
5.952551418003240258e+01
5.513696018139275168e+01
5.141889775638247784e+01
4.675715333504297178e+01
4.744969446308911643e+01
5.053004946020044486e+01
4.972396220908058240e+01
4.976605018892041699e+01
4.734497892116669959e+01
4.373734789295755832e+01
4.388424838271063777e+01
4.197491448726120211e+01
4.689620503955714526e+01
4.293819784733312872e+01
4.710629962639040968e+01
5.250998937510237852e+01
5.659771942434971947e+01
5.538975935516349125e+01
6.160388147066167619e+01
5.219826378178485982e+01
5.524489586446925671e+01
4.660845647853926721e+01
4.941102308429853451e+01
5.186707801609455259e+01
5.899950515703301335e+01
5.907048127315594854e+01
5.129848172288160413e+01
5.147939107908544543e+01
4.873318004644337975e+01
4.813483603212020512e+01
4.676806404278127616e+01
5.063483085401568928e+01
4.980383077499996602e+01
5.438962288456546901e+01
5.307879477951016156e+01
5.762723859759050526e+01
5.378796728747028055e+01
5.350718307513228922e+01
5.103314883119790579e+01
4.828532512923763420e+01
4.610269227533024150e+01
5.175255916982720805e+01
4.802046585719511995e+01
4.868595012961716861e+01
4.697340340783981105e+01
4.526308083993259856e+01
4.839467118942582147e+01
4.759538810102523598e+01
4.986324288036436769e+01
4.328487578361540500e+01
4.093684897131811340e+01
4.287361480086997290e+01
4.594809216444559752e+01
4.792048162396358180e+01
5.118720082137573968e+01
5.205121952264856588e+01
4.998869809199254632e+01
4.365066945319611591e+01
4.336934052971591314e+01
4.213258701107235993e+01
4.088094747191237843e+01
4.053700353616818575e+01
4.122304041261952534e+01
4.047938143973635761e+01
4.534845770154788624e+01
4.606277731075056181e+01
5.139294051894850668e+01
5.521858119901207829e+01
4.909982492077992333e+01
4.899519227881438610e+01
5.141597022713227716e+01
5.017366012792007268e+01
4.892200289585122164e+01
4.768354303338813338e+01
4.678341098639177176e+01
5.078889856331940678e+01
5.145871666831715174e+01
4.751982052911560572e+01
4.832973371367202731e+01
4.727371022049018734e+01
5.181457639736811416e+01
4.798064445188339278e+01
4.728537659284842221e+01
4.680242960705047039e+01
5.324634217114395085e+01
4.941225195689111160e+01
5.216646907725116478e+01
5.100220149708886197e+01
5.112743790989000559e+01
5.146411934418270562e+01
5.657112920978742920e+01
5.962472273936589318e+01
5.039666805464929666e+01
4.953047380187362592e+01
5.415855069974188041e+01
5.052324605215329711e+01
5.100101514760970645e+01
4.280410291772457754e+01
4.309795568499222895e+01
4.538445236540732708e+01
4.549833659502317573e+01
4.395412120300611036e+01
4.419967669701350133e+01
4.481945688060389443e+01
4.404480753361494294e+01
3.990527088714043202e+01
4.130517357438571935e+01
4.531818049715997176e+01
4.647445981096197443e+01
4.538639544506938250e+01
4.170753131181439244e+01
4.847556139820238741e+01
4.669632520881555138e+01
4.314780012869906045e+01
4.209497634745230243e+01
4.000911877010665307e+01
3.994914922499347654e+01
3.882092047627949682e+01
4.410388605744131496e+01
5.183935416861754675e+01
4.581472413798860543e+01
4.313571349615750705e+01
4.230438020062644000e+01
3.872452268196323644e+01
3.830601717748993451e+01
4.163485337381479212e+01
4.239282913821043053e+01
4.268086545329282444e+01
4.212153193467312917e+01
4.266750196871473122e+01
4.744350028877843783e+01
4.981969932464804174e+01
4.316050978060613375e+01
4.270905723181556368e+01
4.653923486034395296e+01
4.611270377127559073e+01
4.389658142121251672e+01
3.707708461949761158e+01
3.900111326443371240e+01
4.308035347694578832e+01
4.034204114873148228e+01
4.152436887806172194e+01
3.909783513673588118e+01
3.866629809359832848e+01
3.987419294881578935e+01
4.023411666738914505e+01
4.605033242905903990e+01
4.674330478904479946e+01
4.695356839951159600e+01
4.575937580683381611e+01
4.331625356918985403e+01
4.402003620615849400e+01
4.325009838289588515e+01
4.824386819149654571e+01
4.450714424834319516e+01
4.116085874988536375e+01
4.191065618053218600e+01
4.150029556832379285e+01
4.121347971085003792e+01
4.289178750812260432e+01
3.959397733645619155e+01
3.600292662065604077e+01
4.244600867435789837e+01
4.761279030744213969e+01
4.456420748680719157e+01
4.445182152634419026e+01
4.702801774056416662e+01
4.956210095863721676e+01
4.847202109131765724e+01
4.511832880650237598e+01
4.461250056837087641e+01
4.613253707347030286e+01
4.630187688636422649e+01
4.685068835907568996e+01
4.563237708239702783e+01
4.440010594684605394e+01
4.622131258218729499e+01
4.671230149409953469e+01
4.624741148387676049e+01
4.511044507075573051e+01
4.601870069359685544e+01
5.102569379901242996e+01
4.343362437864541903e+01
4.810584055503065315e+01
5.313845413802411599e+01
5.026899956203413922e+01
4.587037282643009917e+01
4.354444079274438195e+01
4.922381194903658752e+01
5.105209417985133769e+01
5.003482102360740669e+01
4.675611646520991371e+01
4.823645257722768065e+01
4.401707511697404129e+01
4.140460100999194992e+01
4.264218831692721778e+01
4.059443239298940398e+01
4.424918927441649430e+01
4.535506726816404921e+01
4.682232186808681718e+01
4.718318357994814960e+01
4.963683397692423682e+01
5.075442587505423830e+01
4.743170300649836690e+01
4.686230836314840076e+01
4.269908059503381992e+01
4.644395269415687721e+01
4.789546370920763252e+01
4.300759436831148719e+01
4.687821739248931863e+01
5.250423319461123128e+01
4.480969274272612779e+01
4.076550507994716099e+01
3.531582850422168463e+01
3.490272125247375357e+01
3.847730836780743857e+01
3.715562289302016552e+01
3.811093924166834768e+01
3.625396383047311133e+01
4.131350362453218850e+01
3.891925194754361428e+01
3.802449722497135554e+01
3.949801128325091781e+01
4.446517704425633610e+01
4.384045772971072097e+01
4.252326449464163716e+01
4.274009553539360695e+01
4.701821167772069998e+01
4.847963701232319522e+01
4.749421433006941129e+01
4.966293183627456642e+01
4.843415474384761410e+01
4.759630936309321214e+01
4.597163217235959110e+01
4.335974388584398298e+01
4.567670808631342538e+01
4.897415363849643200e+01
4.782750511775736868e+01
4.509896537217389323e+01
4.904637871216485223e+01
4.657590706321289531e+01
5.314315559947134204e+01
5.326247870497012116e+01
4.870553268812466285e+01
5.017397391503629933e+01
4.925885068218829588e+01
4.650091953077563289e+01
4.954674243306715198e+01
4.733463969365519119e+01
4.585241422799649058e+01
4.632099992502435271e+01
4.468324539841469800e+01
4.291794733208587331e+01
4.040387134382623913e+01
3.770558465658751857e+01
3.894837766533365198e+01
4.181823713196885706e+01
4.545009268940827951e+01
4.499452775012497341e+01
4.959747141575581963e+01
4.994033197703174665e+01
5.586273259504453392e+01
5.350841663261614656e+01
5.355905338823198747e+01
5.436077903356974161e+01
5.282875731292581634e+01
5.070907317316672902e+01
4.834848649561263301e+01
4.172614582220779766e+01
4.214243113096671323e+01
4.605881501553088242e+01
4.746129344136957684e+01
4.830972929566809171e+01
4.666166353997238048e+01
5.141791184462786646e+01
5.353509468037501051e+01
5.755650854085399715e+01
5.892759495176090923e+01
5.641076267195626315e+01
5.769715562028378031e+01
5.923714157772698741e+01
6.028635579140231471e+01
5.604258090703811490e+01
5.407649182566704837e+01
5.205536349600994583e+01
5.017884590150208624e+01
5.015604481487690691e+01
4.719074592821459646e+01
4.757258757097301327e+01
5.010762424269458393e+01
5.158039620447820539e+01
5.718368353279164751e+01
5.091340808035499776e+01
5.211120598593136322e+01
4.759295073495346173e+01
4.209100287228758930e+01
4.319898947354866436e+01
4.565968421964598178e+01
4.466035358724951720e+01
4.723077961954814441e+01
4.947699175788775960e+01
5.110668138804308569e+01
5.189789478767849573e+01
5.297337081691905780e+01
4.954281836885579082e+01
4.458175735737626155e+01
4.957419141522791506e+01
5.093524247426569218e+01
4.834396983827315353e+01
5.578229042141842342e+01
5.368340821532972029e+01
5.206892067050247874e+01
5.422531773762283080e+01
4.887565546051962428e+01
4.871894078237374970e+01
5.490476112652130780e+01
5.219097215696349679e+01
4.241196133267791879e+01
3.983781201699611074e+01
3.920980433076942973e+01
3.998657207584233220e+01
4.390116513962314571e+01
4.273958379386837692e+01
4.338619487315699530e+01
4.494932831002958551e+01
4.462325838843173642e+01
4.448409958378377382e+01
4.358452332732068157e+01
4.356409894175743602e+01
4.867227718014802917e+01
4.416429266754235528e+01
4.970114165264374151e+01
4.415393248205378995e+01
4.166012524006353601e+01
4.189378882904887291e+01
4.296852618600007645e+01
4.306360990697305624e+01
4.070862448699472225e+01
3.784762644175398805e+01
3.729144027474015388e+01
3.961680011014169622e+01
4.345101147040836054e+01
4.876486997612067853e+01
4.684360857188636373e+01
4.782901527829392307e+01
4.045961899155790320e+01
4.073377976596353278e+01
4.169724785074626539e+01
4.493706236688862532e+01
4.752123319102321375e+01
4.815324064572442353e+01
4.876083589792156658e+01
4.956032562142985398e+01
4.589788672078827858e+01
5.043198687590839313e+01
5.006487101165609488e+01
4.411021907554118116e+01
4.960622916896355150e+01
6.048367317307179292e+01
5.856059054683400689e+01
6.642604709586898082e+01
6.721135696281692162e+01
5.322988964138980350e+01
5.194198207108584597e+01
5.061896064591547884e+01
5.019673745595864034e+01
5.740560707862992729e+01
5.935712930248115526e+01
5.445528521505366371e+01
6.170636347584535031e+01
6.005638920017803173e+01
5.667458967791573343e+01
4.818035908519021859e+01
4.913396245790025318e+01
4.846890450743259748e+01
5.087463082729706798e+01
5.254068177721755717e+01
5.794067800705052207e+01
5.507812933945105272e+01
5.040641538068797445e+01
4.742283862330629063e+01
4.648105717567730721e+01
4.722701976229345178e+01
4.532395152569387164e+01
4.393080733157725604e+01
4.304655458735516049e+01
4.268346679519942199e+01
4.565848690080650840e+01
4.583463368463506526e+01
4.685500723189534256e+01
4.506897203897889881e+01
4.501805133098238798e+01
4.510141486287682255e+01
4.743438746324929411e+01
4.589925893800992185e+01
4.236392315303532996e+01
4.804430985123289588e+01
4.909922809270881316e+01
4.317286940902354786e+01
4.372430920829492607e+01
4.098718734169838740e+01
3.739159873681825275e+01
3.328212338805747095e+01
3.317963244780750642e+01
3.856979481541753785e+01
3.998988890051677458e+01
4.452646598080005447e+01
4.167547071615885557e+01
3.832192374891616282e+01
3.890613940794568748e+01
4.139159286150868411e+01
4.305937740221111198e+01
4.094699118376652791e+01
4.003309492655981217e+01
4.188220792833402584e+01
4.894589497884197726e+01
5.069863410943017357e+01
5.298271850446968756e+01
4.632932512495150945e+01
4.455234049467489399e+01
4.741781738042018901e+01
4.734950205664131317e+01
4.950596872823700778e+01
5.214869036968543980e+01
4.386473255528272830e+01
4.837834045489091750e+01
4.672102058927205803e+01
4.861409437471459682e+01
5.326945608010950650e+01
5.438702412553169552e+01
5.662982603047234420e+01
5.188628975647719699e+01
5.396758065658309533e+01
5.291378549552247534e+01
4.953934825659843000e+01
5.077485915408141182e+01
5.031176641364561419e+01
5.442124305104658788e+01
5.131374076502837056e+01
4.958122828016800554e+01
5.387094665774174018e+01
5.112205454823825335e+01
5.114072768245765133e+01
5.065512175013552110e+01
4.899225510008994888e+01
4.173456243014612710e+01
3.824500193952960103e+01
3.956860988015026237e+01
4.272298061109697187e+01
4.254817668626981231e+01
4.991144215484143842e+01
4.677914414113135422e+01
4.813225347210470773e+01
4.466194935413341227e+01
4.184794708916120953e+01
4.727616511075370909e+01
5.124611761973383750e+01
5.337193982673775849e+01
4.843748302451029986e+01
5.489546474703506362e+01
5.089127400245192234e+01
4.348591735737088015e+01
4.574629655911328996e+01
4.225237544313961280e+01
4.506613771174971816e+01
3.840458005544698494e+01
3.612403533464512861e+01
3.656470964940717749e+01
3.435598215143573952e+01
3.232553611460610909e+01
2.804330256515831366e+01
2.753373320021185577e+01
2.850768402357437026e+01
2.929870511857524207e+01
3.251018170276600472e+01
3.731624168873955227e+01
3.816279300152450560e+01
3.837022055832204614e+01
3.513673118069638690e+01
3.477938925361840461e+01
3.008054394675642129e+01
2.829834543618983389e+01
2.948256072309376918e+01
3.259218808474946627e+01
3.389088988642959066e+01
3.315879734428935421e+01
3.295340729136293589e+01
3.320165376733336871e+01
3.465221025444884617e+01
3.784357742948159853e+01
3.594580931758835618e+01
3.875678529563595021e+01
4.240363544687053832e+01
4.631845492826946042e+01
4.716389681091303032e+01
4.683836504280674262e+01
4.303080057406245373e+01
4.395220191542418320e+01
4.321156046728015099e+01
4.620374699272881003e+01
4.088632091008045677e+01
3.208176432408046708e+01
3.450232866269024612e+01
3.756545301546236715e+01
4.149939606002189407e+01
4.074407323959476912e+01
4.230863455943881490e+01
3.852895928153012051e+01
3.536550187155009439e+01
3.439073201842219873e+01
3.445855098676054240e+01
3.627622307856421457e+01
3.630194659692764958e+01
3.988077537156149788e+01
4.576705479281113753e+01
4.441130891947162240e+01
4.220547973813458498e+01
4.606016658466629110e+01
4.977250992664983187e+01
4.713323974816441364e+01
4.466544136318682945e+01
4.054719332353531058e+01
3.827831466285772422e+01
3.925057215127117161e+01
3.735527065629318599e+01
4.071048484659226574e+01
4.322440872464019890e+01
4.577624960517758268e+01
4.479889720949984167e+01
4.404909332279771661e+01
3.834197370610013422e+01
3.687114509009450103e+01
3.623811925855659410e+01
3.845144702315408836e+01
4.088489098964484469e+01
4.433838413864768313e+01
4.465306482173380687e+01
4.393121656642773587e+01
4.118812319259185983e+01
3.950675083082683159e+01
4.884049917402833785e+01
4.723695040966754277e+01
4.656618458337032962e+01
4.759203352942890319e+01
4.782146860885950446e+01
4.352247064381140262e+01
4.529071958880226134e+01
4.507505039204238528e+01
4.116908003984090669e+01
3.708130884848671371e+01
3.633224955200847717e+01
3.626327744168438016e+01
4.036390382712792757e+01
3.707151016496652574e+01
3.793369915302034201e+01
4.659357967687654423e+01
5.226265826612100796e+01
5.494820680676107827e+01
4.452686020041224424e+01
4.073580842116749068e+01
4.006445197925836510e+01
4.029349516366988837e+01
4.323536099784331554e+01
4.148943644682020704e+01
4.185626796469696842e+01
4.415116701280746270e+01
4.598630241574466027e+01
4.593646687601341227e+01
4.123274174441402806e+01
4.212221032162355527e+01
4.218956202586730342e+01
4.473978237969711813e+01
4.841959822274910152e+01
5.478848318184139998e+01
5.152265653297882864e+01
5.045172933386697878e+01
4.929104310980949322e+01
5.269692630592476235e+01
5.006121381062882847e+01
5.273618544562047816e+01
5.160830347369673632e+01
5.357195240744722753e+01
5.683832802870044532e+01
5.279640559227506458e+01
5.475791230045406621e+01
5.814765777010131842e+01
5.911375006215878614e+01
5.585227875696273259e+01
5.167426448351537260e+01
4.681885041890842558e+01
4.620369144763245117e+01
4.826461541345426554e+01
4.175697691782954735e+01
4.412222553762273947e+01
4.781560197043924632e+01
5.386850618175682825e+01
4.931406503377377248e+01
5.236393786727870747e+01
5.434529616346377168e+01
5.116836155389617602e+01
4.855900551183205494e+01
4.939694533561538492e+01
4.792166242377138019e+01
4.429582216779940040e+01
4.962534256306602742e+01
4.829416931495629228e+01
4.580864544360102286e+01
4.338154225704164446e+01
4.688315004103108663e+01
4.550500182193835030e+01
4.546919766950608732e+01
4.662893561645137197e+01
4.922800008695085694e+01
5.484544356393037390e+01
5.049928106892818391e+01
5.327962069002079204e+01
5.543111097582077207e+01
5.155394531044782980e+01
4.815796234732852099e+01
4.189237051406567502e+01
4.439265602769580710e+01
4.402974094778647896e+01
4.637089308830775281e+01
5.166415520183170429e+01
5.533769274081133460e+01
5.587912291781270824e+01
5.342037164041990138e+01
5.463794977501071060e+01
5.282935959440766283e+01
5.317536767458831548e+01
5.288911724191856933e+01
5.377323984354244146e+01
5.153897784985545627e+01
4.946537132520126079e+01
5.245042059861141581e+01
5.391067027816745849e+01
5.206596073494471000e+01
5.511031292062899922e+01
5.044850257169954943e+01
4.717871804698947358e+01
4.657229086740437651e+01
4.729443082195561487e+01
4.582661685088001491e+01
4.307725571354552585e+01
4.432825812818023792e+01
4.330214105023611637e+01
4.320548533996461060e+01
4.845957772577597211e+01
5.504297260128114999e+01
5.127540090257733141e+01
4.979538834495900801e+01
4.452444492533757625e+01
4.586558474706825450e+01
4.406163682669003379e+01
5.203703793852271531e+01
6.319557749545768388e+01
5.720440831850818597e+01
4.633797575625845866e+01
5.184766406702379982e+01
5.263679968860995473e+01
5.252130016418823288e+01
4.723728906271236383e+01
4.811675656914269439e+01
4.529845095776320818e+01
4.774871621541484501e+01
4.760974308840522440e+01
3.992280190334915346e+01
3.626933272922843798e+01
3.772286516067538287e+01
4.002722803314873090e+01
3.994658887814861714e+01
3.528009740387409465e+01
4.447033824357856702e+01
4.925944030158794362e+01
4.220583387152257160e+01
3.803619531499472828e+01
4.028740943074009806e+01
3.850228463652186406e+01
3.980321674858797110e+01
4.280261325976502462e+01
4.266231801010016511e+01
4.392923774782161672e+01
4.166663043639425723e+01
4.060151286379399949e+01
4.409277044586977468e+01
4.600135798248541619e+01
4.679372351625377746e+01
4.591051869096614269e+01
4.906474459713527381e+01
4.297427095541124231e+01
4.211280573725647969e+01
3.839397580822225109e+01
3.637660157861847665e+01
3.527003544927532630e+01
3.361838668983278922e+01
3.804714821845990969e+01
4.061426895415175409e+01
4.485791731739249144e+01
4.457860245868891980e+01
4.360304619057700393e+01
4.261820753344534296e+01
4.236214524461317410e+01
4.575296034034792569e+01
4.842684024267217069e+01
5.550818932015279472e+01
5.111597568421271376e+01
5.065520530188766202e+01
4.513209284932176502e+01
4.182880167711485342e+01
4.378249727566995375e+01
4.649155370234629459e+01
4.339710660398898767e+01
3.891761499563779125e+01
3.990967637655808176e+01
3.950663540432194054e+01
3.928782686986156136e+01
4.046010175926693364e+01
4.629465985558474017e+01
4.600043258619632525e+01
4.814721773309125297e+01
4.625742984382733880e+01
4.307032699385808883e+01
4.249645996226155376e+01
4.583515941570664154e+01
4.945065502974199489e+01
4.993420977801932281e+01
5.566163179825373675e+01
5.174394438327209400e+01
5.094253985025403608e+01
4.884482056411093254e+01
4.344512724577083418e+01
4.088967112050667652e+01
4.426466428554138588e+01
4.594205546314216804e+01
4.342458680928589843e+01
4.014349731211834182e+01
3.942553984233674669e+01
3.856309581248342511e+01
3.897099531337491385e+01
4.051619376751963841e+01
4.000956257246835435e+01
3.879700007676751738e+01
4.262353949951949517e+01
4.650097975136057471e+01
4.639320721979598261e+01
4.813892299994438417e+01
4.318656190025720321e+01
3.896124186037192771e+01
3.971799642685954268e+01
3.934087090039054146e+01
4.317242522009672712e+01
4.965675877786824799e+01
4.962179488835784014e+01
4.641697844377355864e+01
4.738186157205689142e+01
4.358634743398010869e+01
4.534597057996691660e+01
4.742240447388979874e+01
4.908433521246303144e+01
5.288652270508562481e+01
5.416876380430906579e+01
5.055243178069466126e+01
5.500831386647767829e+01
5.063877889787755748e+01
5.250021992554982830e+01
4.942530833130143719e+01
4.993835115275288672e+01
4.663651446866907690e+01
4.098180941853848935e+01
3.947641534937392294e+01
4.295630287253598567e+01
4.712153798709221064e+01
4.737767458693198819e+01
5.293564379792405816e+01
5.381420311728187755e+01
4.562692380329289676e+01
4.581057486901849529e+01
4.207488866008702644e+01
3.700229998943459009e+01
3.964655524223203997e+01
3.980701265796926691e+01
4.136065435538284873e+01
4.104565255595994699e+01
4.629324038472944380e+01
4.696878114910947488e+01
4.518853843402902726e+01
4.290039618250085596e+01
5.318765020101591290e+01
4.864887019974807458e+01
4.709235112616568131e+01
5.038701921706345388e+01
4.936687745675220640e+01
4.100034228499106348e+01
4.139747752259273739e+01
5.130072893839690096e+01
5.034904875373266009e+01
5.177748541828847806e+01
4.560328865888018868e+01
4.196117380062324287e+01
5.093839486447345166e+01
5.473614345098133072e+01
4.348400284142937267e+01
4.142261444915973811e+01
4.600408107316829387e+01
5.102705590516387701e+01
4.758198630766358406e+01
4.695399679619646349e+01
4.071732183354697554e+01
3.875392247156665348e+01
4.103009698422303586e+01
3.831428690019077976e+01
4.096557447468342161e+01
4.258736099660185914e+01
4.173145571367405182e+01
4.201740478286168923e+01
4.506159994884421849e+01
4.302595446455856631e+01
4.987183822389235388e+01
4.739935794063194407e+01
4.814753435362172240e+01
4.856875713059028499e+01
5.103980750647215814e+01
4.708284947085792282e+01
4.584816127563240684e+01
4.334796264298785218e+01
4.397229487813200421e+01
4.538966261247108491e+01
5.008827083989993412e+01
4.610991265091638525e+01
4.145616136559689835e+01
4.360622663150428480e+01
4.765910454471870139e+01
4.868405300554510973e+01
5.466021111141623123e+01
5.206900604495187679e+01
4.729086738593582595e+01
4.674630619042210355e+01
4.396800973425595771e+01
4.751086042319758462e+01
5.220924888663924435e+01
6.163940909982432004e+01
5.634229691591417577e+01
4.685175113816245585e+01
4.869674692483349077e+01
5.264364132212307368e+01
4.464758024212457599e+01
4.974345506704381137e+01
4.519016177517468691e+01
4.568368878804403721e+01
4.467540533178308237e+01
4.809751035488480397e+01
4.890127962157455954e+01
4.515289352066707806e+01
4.147958986238572265e+01
4.085043849860295495e+01
3.930645027888866139e+01
3.964799552433888152e+01
4.344739288569618907e+01
4.064571440176487727e+01
4.090710330696151686e+01
4.190256692579706055e+01
4.690307406272253843e+01
4.946213523823175251e+01
4.369391059840049252e+01
4.631588924256115547e+01
4.673404343952708473e+01
4.049765165283457691e+01
4.055934683835914711e+01
4.109615939500903892e+01
4.116214878079532014e+01
4.171439016930398225e+01
4.460794810022341039e+01
4.274043873581561570e+01
4.540753536544454505e+01
4.399260213985206747e+01
4.608242041624666285e+01
4.497113542255806351e+01
4.594777220540976259e+01
4.795644745064444692e+01
4.483736235746928855e+01
5.129852670915977342e+01
5.683926144749064235e+01
5.988934081466985049e+01
5.419030806900735797e+01
5.429656276810743520e+01
5.621484584196636547e+01
4.611343421831307410e+01
5.116385106583274478e+01
4.405147576876856874e+01
4.495890451012212452e+01
4.270367611141949737e+01
4.847612176098323289e+01
4.333206701710045650e+01
3.582994041196573676e+01
3.187407627847053959e+01
3.685358716362097198e+01
3.818371560727655378e+01
3.460133423365275007e+01
3.554022623849101592e+01
3.702754889626052659e+01
3.703647922629218669e+01
3.587243952292081417e+01
3.410115906072715575e+01
3.364523864287812671e+01
3.639430126236632645e+01
3.619419582978508743e+01
3.641623210470939398e+01
4.736925453950351539e+01
4.919947806649000199e+01
4.808461222601292206e+01
5.001097980228212236e+01
4.883690691269703166e+01
4.452601736009503952e+01
4.696345498098187932e+01
4.708680541850549162e+01
4.277456245627382714e+01
4.140674538396393700e+01
3.362065328590998092e+01
3.380016769747240346e+01
3.802796382346605242e+01
4.454004637250869791e+01
4.199794307841503382e+01
4.092914745317929714e+01
4.262248231822943012e+01
3.852766689026211111e+01
3.983159140501797424e+01
4.666937543005559519e+01
4.665303335612236424e+01
4.815717654517223423e+01
5.152581339207267774e+01
4.579969238515687380e+01
3.766781019619870108e+01
3.515434323481369461e+01
3.760007066872410064e+01
4.108278630453332880e+01
4.571081496391931864e+01
4.657242487380759144e+01
4.331879687103858600e+01
4.347783195739509665e+01
4.315771432321670886e+01
4.215901766345535862e+01
4.654103357523251816e+01
5.620377355038918665e+01
5.224362248832743205e+01
4.076649813318326210e+01
4.355187082033759793e+01
4.298872333822382075e+01
3.893778044652671610e+01
4.096936336955471347e+01
4.509372021941695152e+01
4.477067746818073601e+01
4.406173639785683349e+01
3.760737611610301201e+01
3.782471516769206232e+01
3.619415732131977848e+01
3.626380853632204548e+01
3.379933320276575159e+01
3.241698092253798791e+01
3.228463315803233513e+01
3.715575859288031779e+01
3.948206721432831046e+01
3.783293571124431764e+01
4.076503689211892834e+01
4.371085186134868650e+01
4.274392640117122255e+01
3.891268596356400167e+01
3.871913388955394453e+01
4.574398257721995265e+01
4.763890786013544698e+01
5.177102799967107671e+01
5.417972852135676476e+01
6.012595129982886988e+01
5.246564308993666259e+01
4.947858418847238227e+01
4.655739233629492446e+01
4.862279094708409843e+01
4.674825150720843681e+01
4.193860011113093833e+01
3.603242939527206090e+01
3.997608106028147290e+01
4.502867121386395866e+01
4.054292712332829751e+01
3.960613332965502309e+01
3.976962028847077590e+01
3.616839267573911343e+01
3.977825367771328047e+01
4.277726774014590205e+01
4.230090911195762260e+01
4.308016594547282807e+01
3.852307951951442533e+01
4.048499411783936353e+01
3.894360779947038509e+01
4.556393591313758407e+01
4.974701990517957029e+01
5.172223278220801035e+01
4.633615326194825457e+01
4.770345120564616082e+01
4.632424911996730543e+01
5.025970419116856647e+01
5.457446854429788630e+01
5.480217595617905602e+01
4.936395933213279363e+01
4.562200091480522701e+01
4.627169682020317509e+01
4.701378350395748384e+01
5.093771369903484469e+01
4.928328967313905196e+01
4.723851108561035517e+01
4.666085587571146220e+01
4.879289227472358448e+01
4.817440515227244191e+01
5.074078609583926891e+01
5.024439773208976590e+01
5.022988272941785226e+01
4.768477295115482661e+01
4.462571773496958372e+01
4.469708605048495542e+01
4.951822447425391260e+01
4.191444343284280194e+01
4.552629954582153005e+01
4.428870129845896031e+01
4.380039805397365171e+01
4.290996569064174082e+01
4.052484828595120803e+01
4.748942351264670947e+01
4.605253916372535627e+01
4.361716903425789837e+01
4.511764142747867368e+01
4.377348425846994928e+01
3.414402228601397837e+01
3.561941346109389883e+01
3.484065857629971674e+01
4.130779811468303819e+01
4.537808566737797378e+01
5.074111230946579099e+01
4.884854939712025157e+01
4.637891980073086984e+01
5.308314487796307901e+01
5.248044075629756833e+01
5.149206519197446141e+01
5.146471580379403576e+01
5.244274405549816720e+01
5.445983226391763310e+01
4.968883129953607636e+01
4.712756261560608095e+01
4.610780729693902913e+01
4.085634085029022344e+01
4.204528386475334401e+01
4.357457082956253203e+01
4.442984021860965527e+01
4.910738878173430066e+01
4.468708944744759037e+01
4.395798151841427170e+01
4.179710801848048618e+01
3.859168088934319485e+01
4.124192086289150438e+01
3.959143674777922683e+01
3.802841182532424114e+01
4.004385160199967686e+01
4.199462583655173376e+01
4.368332941385773438e+01
4.638686067484539421e+01
4.302553012824856182e+01
4.881774464908460232e+01
4.992502614029723418e+01
5.064793470329038882e+01
5.154802921280540318e+01
4.933732671488940014e+01
4.779614621485109183e+01
4.716199231485717291e+01
4.427902921243966716e+01
4.231110139844795981e+01
4.616289665371786555e+01
4.109800862632354779e+01
3.982179460617530253e+01
3.560938425010587594e+01
3.592216652761555906e+01
3.324549707942131249e+01
3.457421227416492115e+01
4.017109413769148318e+01
4.175531351100158872e+01
4.127162473287808098e+01
4.433220456458164449e+01
4.490427922122691484e+01
3.931109989773486291e+01
3.998184284111539455e+01
3.587181847159504855e+01
3.695652855620244281e+01
4.034682558547024200e+01
3.806429842432388000e+01
4.017540290449474583e+01
4.555543585750126567e+01
4.801495180119087536e+01
4.871357232304907825e+01
4.877440279853379934e+01
4.025448142320371403e+01
4.325384520597128812e+01
4.378788181161507964e+01
4.081980159962756716e+01
4.150870295866960191e+01
4.273277894175021174e+01
4.192136932655006376e+01
4.120169705798448945e+01
4.193471261435735187e+01
4.138677461628236642e+01
4.171543035703416535e+01
4.240518373916000883e+01
4.240391531311735207e+01
4.436072718345647559e+01
4.215125579932112032e+01
3.630791545330910708e+01
4.166620454454286460e+01
4.401773770027824639e+01
4.595036446324408530e+01
4.531220806837154669e+01
4.242356527766889940e+01
4.282880181105213069e+01
3.865260005569999180e+01
3.717014659362234852e+01
3.606025039692707423e+01
3.630597457131003125e+01
3.813755653920463828e+01
3.690930075386376075e+01
4.337688002992740621e+01
4.541376251120357210e+01
4.226064277974222705e+01
4.387681381112054169e+01
5.045908831403610861e+01
4.984577662163354717e+01
4.721971859710731678e+01
4.461397689597959015e+01
4.319462261276279946e+01
3.829702957182931300e+01
3.718906049199205199e+01
3.892224079052402885e+01
3.934828302351064622e+01
3.474974188221895588e+01
3.621826379619722047e+01
3.951375584527514206e+01
3.934147184763369864e+01
3.809543860880768307e+01
3.982385201952533293e+01
4.540850611874935794e+01
4.367145836058088548e+01
4.396682598761506711e+01
5.016051259235760540e+01
5.357800141600780819e+01
4.767656151490834304e+01
4.478475316503903514e+01
4.506348778522809084e+01
4.293008441023943078e+01
4.777975875045723342e+01
4.440685238475029450e+01
4.534171517674172946e+01
4.395901288815801422e+01
4.478426470750846988e+01
4.180420022608493014e+01
3.773117501873937840e+01
3.895079024867578710e+01
4.136550930473285348e+01
4.369098093070874711e+01
4.502617607275277578e+01
4.617169692292867467e+01
4.505716996209730496e+01
4.848559198733386211e+01
5.125054157127570420e+01
4.871875705150418412e+01
4.617483920622004234e+01
4.127792092852325823e+01
4.681878607037063489e+01
4.798536130961377921e+01
4.896115057201279797e+01
5.113031540161787802e+01
4.827907792516975860e+01
4.520049953584808122e+01
4.505181380562524396e+01
4.201046939129000179e+01
3.707651789305282364e+01
4.143179389008187741e+01
4.437817460464899000e+01
4.375703752793580747e+01
4.280708371059625961e+01
4.249447183494106639e+01
4.168123722997373193e+01
4.229075609324218021e+01
4.664977853500522542e+01
4.557637082675114470e+01
4.037080997214030731e+01
4.018495129180072922e+01
4.031504192688720423e+01
4.069823625382255727e+01
4.330559039977168823e+01
4.515107811752957900e+01
4.649518513213575943e+01
4.565838279566276015e+01
4.674287231534830767e+01
4.332443400508256559e+01
4.626376887854777920e+01
4.557387729741802218e+01
4.467583474633281071e+01
4.365210261571635897e+01
4.423664919464400214e+01
4.072502546062838746e+01
4.664516921616896639e+01
4.611811376127431572e+01
4.348925643106431949e+01
4.454437026232849917e+01
4.680134839849617379e+01
4.881024873270908415e+01
4.806327459281303049e+01
4.940021484673067675e+01
4.854350921162790655e+01
4.616773937630003388e+01
4.821674050388793376e+01
4.733649038620760052e+01
3.910251380191976978e+01
3.988951923751380946e+01
4.904006563271357777e+01
4.989344304234072069e+01
5.314689622304987893e+01
5.084152946398106110e+01
5.282854332228585292e+01
4.578524581090562151e+01
4.657206007518431079e+01
5.336035124413467656e+01
4.556820565789124089e+01
4.380268497781167980e+01
4.881287974570739152e+01
5.207141001190717589e+01
4.899961866519828391e+01
5.876014983649960755e+01
6.274942830529209914e+01
4.782718275453444789e+01
4.186811182942719256e+01
4.097476036907914931e+01
4.054207205611427867e+01
4.020337525395649436e+01
4.228663961065365129e+01
4.874381839622347456e+01
4.650380360210809272e+01
4.634431867449484344e+01
4.347611226532507089e+01
4.232328134552983556e+01
