1.546794299646740569e+02
1.487012941775921320e+02
1.503965136119208807e+02
1.457675222009607410e+02
1.467706014296171020e+02
1.546945371950741617e+02
1.541604308013418745e+02
1.552492426861063279e+02
1.520898839436378296e+02
1.480902439585210288e+02
1.416184498747634279e+02
1.368754244436058229e+02
1.338531577189883990e+02
1.311444059961826554e+02
1.326119950062776240e+02
1.326031858811806501e+02
1.320572884305950936e+02
1.321254774564614820e+02
1.321923282940243496e+02
1.307193402429124092e+02
1.345464968974801820e+02
1.338650124226214473e+02
1.415428240073678126e+02
1.412345075184631469e+02
1.399069883663289318e+02
1.396097354624827460e+02
1.326976175316523552e+02
1.318758739660844412e+02
1.328822913119782640e+02
1.348241327099286764e+02
1.307886430127265953e+02
1.265289105176877200e+02
1.261181186962451761e+02
1.220561377316788310e+02
1.228527860957298827e+02
1.265173277899946243e+02
1.186202703867722903e+02
1.193236879134338295e+02
1.226396466800124614e+02
1.193208607631865164e+02
1.215945733507731035e+02
1.218724109314313040e+02
1.190660205403199967e+02
1.182914912554561084e+02
1.253081907081543704e+02
1.247577902330744735e+02
1.218132292332516045e+02
1.194971839825022215e+02
1.136719814213917488e+02
1.097143221548137149e+02
1.089200261350180341e+02
1.056289337958067165e+02
1.077232593013909678e+02
1.077374770505641095e+02
1.111951520102295632e+02
1.121065122025011505e+02
1.051750021326441242e+02
1.030880653072293427e+02
1.025806457340986668e+02
1.001098729515701393e+02
1.034600712587832589e+02
1.087156462048395156e+02
1.084382539302959287e+02
1.039145674266184045e+02
1.039965488924411261e+02
9.837401849607196880e+01
9.748006650126842487e+01
9.566277953933244760e+01
9.622727419308250774e+01
9.851230066708130551e+01
9.955502959301094279e+01
1.004194655369008160e+02
1.021656374806295844e+02
9.923083339820514936e+01
9.760574331075440568e+01
9.901474954096622128e+01
9.873008741582464154e+01
9.254488561405025848e+01
9.403157902845248373e+01
9.473399749123154834e+01
9.237809154029328340e+01
9.647026610291126758e+01
9.204753944930945408e+01
9.530878174674404590e+01
8.930328997811936631e+01
9.705416830127111893e+01
9.445727823622667074e+01
8.868155307682974353e+01
8.887797172933164802e+01
8.946410883099609634e+01
8.897243964855262277e+01
9.017631286514475164e+01
9.243424027863976278e+01
9.291524868481718613e+01
9.730708708244365823e+01
9.439860092570272343e+01
9.684652529469299509e+01
9.685016020453578278e+01
9.735859466780392779e+01
9.766968721249705254e+01
9.498476555503820862e+01
9.744946859881659407e+01
9.901471324334517021e+01
9.895893514705724670e+01
1.003559040319455136e+02
9.790020909571126140e+01
9.502020953281972027e+01
9.161325904708719747e+01
9.285191640020357795e+01
9.167745120725021479e+01
8.883824920119798207e+01
9.146233471539133575e+01
9.125735443039980055e+01
8.414364584477185360e+01
8.234892595082412470e+01
8.643859584724923195e+01
8.769253129823151482e+01
8.482366676642213577e+01
8.166067258131332096e+01
8.851949916049795775e+01
8.960699840728189258e+01
9.017856923530729318e+01
9.242653627358507151e+01
9.304078464145486294e+01
9.111061033600589099e+01
8.856118104473796393e+01
8.869641236927034811e+01
8.705491986658087455e+01
8.448378856063139608e+01
8.652350118733666307e+01
8.849645067707348289e+01
8.188199795701228823e+01
8.295675623239016261e+01
8.444264238898641395e+01
8.309784134919961218e+01
8.822221710844621612e+01
8.845239935322273084e+01
8.858909426450912861e+01
8.708526361390447335e+01
9.094845512141746724e+01
9.076296345042507596e+01
8.870051038244089625e+01
8.518245246493341938e+01
9.139799102982463808e+01
9.243087715376218227e+01
8.468963777453392083e+01
8.367118287807009835e+01
8.014179012973005456e+01
8.127864074605243161e+01
8.212114936826729661e+01
8.723876135239109431e+01
8.948890689221776995e+01
8.322049352168436087e+01
7.964357736318855530e+01
7.655909923544930962e+01
7.706837430365304442e+01
7.802093420341915930e+01
7.764639808319421377e+01
8.405144189594973625e+01
8.168333527010558726e+01
8.395936823555862816e+01
8.405963990984417933e+01
8.632021794924845892e+01
8.438188761296524376e+01
9.047714556409620457e+01
8.594546959389393237e+01
8.833923183135519253e+01
8.879036951560908619e+01
8.977308471437845583e+01
8.727492750965423340e+01
8.270302915043130554e+01
8.320960139561631763e+01
8.162122635413648197e+01
8.489254189907629211e+01
8.147274839459797136e+01
7.791735421252798233e+01
7.943181389056638864e+01
7.022962915640887616e+01
7.448145859579899764e+01
7.955543439055195165e+01
7.885991726137444857e+01
8.072098508968893782e+01
7.954693954192070748e+01
7.929464568693025228e+01
8.135689369809072957e+01
7.847273012594068575e+01
7.923401227246723977e+01
7.646798484214043867e+01
7.653060943328185317e+01
7.759003510260345138e+01
7.694277283473650186e+01
7.851540027617966189e+01
7.880030205732860793e+01
7.892345822045666637e+01
8.071253863581345911e+01
8.187843410252773424e+01
7.835242032409996682e+01
7.665750313492674195e+01
8.090681823176842613e+01
7.997827436408678636e+01
7.953495367548924833e+01
7.786316344946276047e+01
7.282897527154963768e+01
7.557062784355964880e+01
7.888486837316906986e+01
7.398953158009730657e+01
7.111091982596629180e+01
7.416663974780972524e+01
7.514293176609524494e+01
7.488649904671150637e+01
7.299911907386024268e+01
7.407768037237360659e+01
7.006764771894539479e+01
7.292222942168766053e+01
7.479227434387100004e+01
7.761608649203458299e+01
7.784138692223760359e+01
7.902326361055402515e+01
8.250136366907199204e+01
8.528244895032092643e+01
8.106114714441753222e+01
7.316906306514933078e+01
7.237786024512038807e+01
7.171391492052623562e+01
7.367182188026038148e+01
7.205892168881528903e+01
7.410621706997912383e+01
7.788437640722997912e+01
8.272370412871069334e+01
8.133988676520283434e+01
8.376773225731871264e+01
7.872121273171245548e+01
7.520753100835725036e+01
7.158429859066193046e+01
7.333394444895498054e+01
7.336706709043981789e+01
7.030972059165380017e+01
6.816906990577487591e+01
6.654881234061704731e+01
7.042577441261701665e+01
7.185675213937368255e+01
7.170446454469926323e+01
7.261399999297417196e+01
7.349758262664572328e+01
7.578665118911017373e+01
7.567824047159777479e+01
7.580605781229580487e+01
7.729350568153230938e+01
7.610616158249243313e+01
7.792430827419691752e+01
7.859317304175458219e+01
7.789486667537430264e+01
7.704464538609182966e+01
7.789504918797062771e+01
7.628308644452837939e+01
7.689477108927488302e+01
7.574316212421534544e+01
7.479835216273713172e+01
7.771367772174589561e+01
7.640193360535458567e+01
7.390586056236254819e+01
7.952734027375672099e+01
7.985649646438199056e+01
7.827842074086288449e+01
7.283269395071684471e+01
7.485409973529633021e+01
7.054670468568139086e+01
7.440420582673957028e+01
7.036320221776954043e+01
6.853082362465674748e+01
7.137799515312822507e+01
6.664207549508731177e+01
6.855256492522100586e+01
6.616999753858067379e+01
7.006020549994980229e+01
7.341735829972957106e+01
7.527758555570193266e+01
7.379518012401818794e+01
7.547146788760967695e+01
7.721182438039073759e+01
7.422088317821415160e+01
7.352490147935026243e+01
7.836396767703396904e+01
7.937737427089527387e+01
7.490553504105193383e+01
7.621842725623376680e+01
7.993645531813969285e+01
7.563864049684164570e+01
8.182250120084711398e+01
7.884757825786843455e+01
8.171298366978908234e+01
7.766714537946779728e+01
7.997605224582834182e+01
7.578149390383040895e+01
7.614248599409141605e+01
7.356957743314990239e+01
7.256786145163393087e+01
6.405947758398745862e+01
6.864005988082847409e+01
6.862686467753066211e+01
6.397412862351704632e+01
7.103606439410859252e+01
6.878282476466486628e+01
6.857480214525682527e+01
7.301491061541359784e+01
7.579203733474766125e+01
6.588575872664058863e+01
6.665633280510803615e+01
6.986089720046136620e+01
7.319216676109853381e+01
7.403020626193972475e+01
6.996602792269708004e+01
7.284123843044950775e+01
7.262374485782449085e+01
7.638473498600518496e+01
6.758931852567718579e+01
6.619287028652243521e+01
6.691192638559361683e+01
6.192837942492432290e+01
6.771563178081611056e+01
6.436612059106758466e+01
6.636578228060503193e+01
6.425619154615324646e+01
6.657188826168903972e+01
6.287964029798513366e+01
6.004802108226503776e+01
5.974322394143818826e+01
6.176334608252486902e+01
6.037199810338789518e+01
6.641489930605612813e+01
6.600016324637171294e+01
6.748511725561372998e+01
6.870754953646103047e+01
7.163227368949281981e+01
6.804858163351724443e+01
6.985951220371197223e+01
7.079409080773790208e+01
7.268334832238609522e+01
6.670340323772997237e+01
6.121939905289921313e+01
5.749669729780880090e+01
5.971410865600741857e+01
6.551222995215397304e+01
5.913730589015004568e+01
5.765974296045092728e+01
5.941143141739200928e+01
6.086865204059448331e+01
6.727938970136797536e+01
6.695845653853037049e+01
6.916833950636404893e+01
7.130008598557360244e+01
7.098122151019684622e+01
6.319181398289577345e+01
7.020956037410003603e+01
6.812774819845260765e+01
6.923346258783294616e+01
6.728372497354142467e+01
6.608029255405023150e+01
6.731486184632400693e+01
6.849617322758730609e+01
7.004633767431037938e+01
7.333917448566498365e+01
7.209129875341173488e+01
6.722010296822054443e+01
7.069441913010354028e+01
6.748437319317031324e+01
6.569940436805060813e+01
6.266264335130433949e+01
6.074985546840196804e+01
6.013740880178977477e+01
6.228565857163518871e+01
6.393489534437245680e+01
6.676287088992992835e+01
6.211888445805833925e+01
6.158135257908243432e+01
6.054587892179523578e+01
6.045351245401799645e+01
5.963879805340950213e+01
6.111578334909785326e+01
6.234759773327294141e+01
6.960077300576034531e+01
6.788468393004939117e+01
6.533126044672235366e+01
6.597919208507612154e+01
6.890462224535494329e+01
7.335842866924491545e+01
7.446183429744483817e+01
7.658846637334576712e+01
7.528762107118078006e+01
8.173005727946259924e+01
7.672437820465847835e+01
6.699196031764225268e+01
6.752314895093661562e+01
7.015017111354218571e+01
7.536980971224717507e+01
7.658283836625437857e+01
7.527810558770499938e+01
8.049858005924531312e+01
8.000285423166201326e+01
7.571781665805073658e+01
7.469639195914925267e+01
7.108754667110805769e+01
7.201239134014889487e+01
7.018797527006310588e+01
7.425447748886199406e+01
7.457495398305121626e+01
8.281389286644808578e+01
7.657902727363411088e+01
7.363023094571430249e+01
6.790689850828749741e+01
6.470205192532739602e+01
6.805889840358867104e+01
7.416967174655611927e+01
7.536143666194342927e+01
7.231360084337414662e+01
6.981507515295336930e+01
7.391516453340575765e+01
7.093307355636549971e+01
6.777383469703423202e+01
7.246162266135559094e+01
7.102924992709917262e+01
6.945487493270940149e+01
6.559017428559313601e+01
6.671268134611716505e+01
6.585250983471571828e+01
6.725858700300013027e+01
7.762926956206105444e+01
6.991217894137463418e+01
7.626007445185163647e+01
7.088743187997675932e+01
7.385834885477254375e+01
7.697330550821074269e+01
7.967917376699796250e+01
8.159998464243001592e+01
6.850353633663698361e+01
6.838525231961958184e+01
7.181445454984547894e+01
7.518596634466710782e+01
7.364018875998502267e+01
7.362075591267401364e+01
7.281083622060776861e+01
7.602079496347394638e+01
7.582772215232114377e+01
7.524072469326590351e+01
7.327021478915095543e+01
7.724480385865517462e+01
7.363554444976998070e+01
7.526384267154243446e+01
7.480353942981972182e+01
7.601722098047964948e+01
7.376378197743821374e+01
7.028729590558604912e+01
7.421519874366371994e+01
6.932185508293528642e+01
6.774210595850891536e+01
6.856405080926421647e+01
7.143894634517782549e+01
7.370614504035472692e+01
7.091930983682721035e+01
7.272665736721646113e+01
7.404079366453333932e+01
7.180982041887335754e+01
7.170093981488945190e+01
7.767120951021037456e+01
7.589975727511509263e+01
7.260443657845810606e+01
7.391153705155720388e+01
7.171842370823857493e+01
6.164859251801929219e+01
6.340167981193643953e+01
6.533945747820972372e+01
5.955948632189880954e+01
6.235575910192544313e+01
5.780325494705706291e+01
5.803617824321317897e+01
5.450006840241574224e+01
5.722904491641134683e+01
5.803622100121336302e+01
6.270633085122754835e+01
5.911808326167503935e+01
5.266728975477643360e+01
5.009688410675731518e+01
5.247755988222600365e+01
5.443908469697860397e+01
5.589036504705229191e+01
5.971287723871986941e+01
6.375826830406640511e+01
6.771013350639876194e+01
7.085719500611584465e+01
7.238766813406961376e+01
7.114121607429913752e+01
7.277972524189131320e+01
7.464692443288987533e+01
6.674350258175172712e+01
6.446115134623157417e+01
6.313214530564987825e+01
6.388998018420124225e+01
6.526720067315740437e+01
6.418751975395603893e+01
6.111027255657651835e+01
6.120904815135559573e+01
6.101276840451424022e+01
5.641839950432710538e+01
5.578906031460454784e+01
5.547345058910076432e+01
5.148317746966812081e+01
6.030452995362924185e+01
5.895812562015130709e+01
5.543594905581926469e+01
5.302743709646151871e+01
5.576416276167795161e+01
5.248127030026267903e+01
5.235860220531746734e+01
6.119458617830757419e+01
6.285749657932058909e+01
6.700647349389686269e+01
6.383770276048690562e+01
6.288745549513299693e+01
6.294715746909859178e+01
6.483556929089816379e+01
6.233139084901672078e+01
6.502087891519762763e+01
6.848332243134848341e+01
6.543237241992794395e+01
6.410814672952598414e+01
7.182462049450863617e+01
7.403172531884185048e+01
6.350263506915317890e+01
6.669569915921724146e+01
6.889410111687814720e+01
6.861069222706994708e+01
6.761266299744747243e+01
5.941396240379172156e+01
5.899820636533858931e+01
5.843986705644230994e+01
5.724688036272947755e+01
5.915146013787962431e+01
5.792804084566363088e+01
5.704624701574016399e+01
6.108637048904332545e+01
5.964550704441614215e+01
5.805770102590823711e+01
5.706111025680362303e+01
5.576732252453875560e+01
6.048559322424226536e+01
6.000728738015301644e+01
6.022780953625445477e+01
5.820438127385597227e+01
5.745461550602519907e+01
5.923310448769919390e+01
5.756045320819721667e+01
5.837592274795332514e+01
5.488290457498917618e+01
6.061794946547239960e+01
5.986345071713051169e+01
6.157587927401832673e+01
6.308452168287662687e+01
6.023319632347082120e+01
5.568068288200954186e+01
5.073799786996849548e+01
5.068806687371073849e+01
5.359097916089488933e+01
5.505977733756962067e+01
5.647814922019142614e+01
5.613199772483487493e+01
5.890632305207272879e+01
5.939693788120300155e+01
6.022849801752529686e+01
5.975351211865429946e+01
5.504837453671332526e+01
6.131934203909339942e+01
6.105693758935649385e+01
5.999772715246754728e+01
6.198371767755993744e+01
5.262613238545171157e+01
5.423034314839971159e+01
5.326000032040935395e+01
5.616394439012476170e+01
5.802399141177184561e+01
5.655781931078369951e+01
5.156186563334712503e+01
5.515771715178360068e+01
5.695074495482733568e+01
5.576258492460948446e+01
4.947311311039244686e+01
5.326728044585581046e+01
6.102483532551323719e+01
6.202088535523457580e+01
6.393804105469850185e+01
6.161723339773126185e+01
5.733328627367150432e+01
6.222522483497024837e+01
5.890561232133314462e+01
5.723116783069230706e+01
6.043412415689078898e+01
5.538829526810668824e+01
5.213742474969310337e+01
5.480174724540894715e+01
5.212010084055520309e+01
5.646137948081048563e+01
5.780138801443046503e+01
5.574493233334259656e+01
5.660643610227959499e+01
5.129096905915282179e+01
5.778485122278761565e+01
5.471787291603644121e+01
5.811176687084110881e+01
5.648130081817448200e+01
5.304650227256565387e+01
5.121338378536469094e+01
4.879444002835638372e+01
4.763553570911343371e+01
5.476292306738103122e+01
5.538630187773237878e+01
5.325897990604433119e+01
4.861195235684122196e+01
5.143643093459504456e+01
5.984272843379329743e+01
5.770552507993144786e+01
5.776096032067408004e+01
5.630117457571417816e+01
5.398248887368774973e+01
5.283572116738501023e+01
5.662358510685118063e+01
6.043425728493087945e+01
6.109615760172406596e+01
5.998409613406991525e+01
5.927298047943142478e+01
5.229813765329181763e+01
5.558080958143314376e+01
5.384700729317727053e+01
5.746009249807250541e+01
5.631006694341497365e+01
5.627875272108340710e+01
5.755372825404170811e+01
5.409015368567077786e+01
5.441896366361914517e+01
5.815953676685253981e+01
5.760505132169839015e+01
5.576603079543553321e+01
5.248780387640933753e+01
5.394782392952599537e+01
5.671135480775723181e+01
5.771962926865456467e+01
6.000888230825647440e+01
6.459300492761440182e+01
6.286701082689832987e+01
6.195843746693847010e+01
5.674437714700439983e+01
5.492387699729049899e+01
5.502248375843829820e+01
5.286681655882326680e+01
5.643790533492961714e+01
5.006476662511329323e+01
4.803057630128973443e+01
5.492799040136615929e+01
5.348403387807633891e+01
5.077293568674317470e+01
5.211635317305820791e+01
5.247989857894153687e+01
5.167911975358602206e+01
5.195696739420306187e+01
5.798859011616294623e+01
5.463444121281091981e+01
5.507620719712111423e+01
5.813016082450645428e+01
6.399339026577952438e+01
6.274982579727832643e+01
5.852187019890457265e+01
5.680705856359676886e+01
4.935651756922460720e+01
4.696486137632480506e+01
5.323740004244595525e+01
5.007907519134057850e+01
4.641349274042590878e+01
5.273051573213665222e+01
5.343732426235012412e+01
4.989383297054305189e+01
5.244148381574215989e+01
4.966630868894645801e+01
4.914828229718839481e+01
4.989467928593960266e+01
5.441051219252620541e+01
5.960938093974739616e+01
5.814987150951732531e+01
5.681762793407616385e+01
5.940940902704890902e+01
5.926233249367771094e+01
6.037829796573171137e+01
5.979786030808685382e+01
5.720822499455243104e+01
5.601578085201908408e+01
5.945223383566826669e+01
5.801908552563471488e+01
5.663198176591281197e+01
5.312354809598944883e+01
5.421154290091836003e+01
5.386372834725340653e+01
4.974192209541619292e+01
4.803584791838534329e+01
4.856572540325149845e+01
4.711549804366681116e+01
4.711057272357872705e+01
5.470510995376582031e+01
4.924742401609525899e+01
4.972425513377194051e+01
5.410550485145521549e+01
5.110096497829340478e+01
4.869514695215355715e+01
4.812781461132727401e+01
5.325064448623592739e+01
5.338879702559278684e+01
5.162732683240598419e+01
4.986200989976997988e+01
4.974632329920708429e+01
5.495489535606623122e+01
6.118030850936654019e+01
5.824577003346252013e+01
6.310334786631325699e+01
6.080124985979414021e+01
5.882099346712235644e+01
5.467655324211482082e+01
4.860306003076230041e+01
4.777194076773978537e+01
4.592184502723289086e+01
4.589995322419152757e+01
4.500971576142006825e+01
4.582298799362938269e+01
4.722454101437560325e+01
4.656844282450477124e+01
5.136210626418893099e+01
5.094963630421963785e+01
4.971531760112812037e+01
4.955376685836064610e+01
4.845109145710267740e+01
5.177027961407040380e+01
5.242704006201160638e+01
4.950564126425952338e+01
5.250634640058830627e+01
5.023529176600715118e+01
5.026664348965864804e+01
4.698043690238531411e+01
4.506893300369453925e+01
4.852893007748456711e+01
5.075155235928480124e+01
4.748080736815646219e+01
5.260649395826188623e+01
5.638634513000771875e+01
5.153870925978734618e+01
5.120401601971183680e+01
5.678470527031770843e+01
5.481206875756627284e+01
6.135276102482811211e+01
6.373756558565222008e+01
5.503788563873647632e+01
5.700676560088854927e+01
6.081273467056067261e+01
5.678473216273788182e+01
5.125731554919812538e+01
5.487744723262481727e+01
5.092020954900322494e+01
4.672888440615700034e+01
4.841651798285196406e+01
5.010789369978002838e+01
5.225787710421776211e+01
5.174508195056507986e+01
4.600106112661612201e+01
4.513491130222599423e+01
4.788425856277706316e+01
4.783122694437809486e+01
5.184461129993059814e+01
5.423170622632387960e+01
5.429522587630552266e+01
5.200347253708848427e+01
4.817217803404187748e+01
4.966094930842979238e+01
4.559654036351691531e+01
4.650524322400210053e+01
5.049309167701157719e+01
5.104007649900685806e+01
4.805333570040785673e+01
4.789807629961166668e+01
4.403867320900307902e+01
4.596617777905338897e+01
4.829065900894079988e+01
4.582070401774333135e+01
4.502934471291033702e+01
4.904511098316863382e+01
4.851492130134338510e+01
4.708278445764548081e+01
4.661783536820755103e+01
4.298538099950964408e+01
4.507171611404460521e+01
4.568646498036817860e+01
4.551574736046941894e+01
4.954858737001940483e+01
5.262419162873835177e+01
5.486515608910062269e+01
5.340966277943245188e+01
5.023978452729811295e+01
5.358894172638741793e+01
5.072413001371920416e+01
4.613055736413851804e+01
4.671410221090172143e+01
5.115671577587573893e+01
4.967347554975588508e+01
5.025013408327252762e+01
5.102558004136535885e+01
5.144065515363713814e+01
5.976461781916171390e+01
5.621614491727514462e+01
5.116142718810683476e+01
4.889459996934714781e+01
5.295765855822479296e+01
5.284460135361404554e+01
5.191916959705108070e+01
5.200888942481971355e+01
5.080309927373973267e+01
5.150855613980719738e+01
5.271472612636970467e+01
5.057223696844563676e+01
5.210990382569372770e+01
5.343892636507176519e+01
5.644911389147999614e+01
5.362810980299251895e+01
6.029397173323226866e+01
5.502285887711580870e+01
5.964306754441776803e+01
6.167159921503253628e+01
5.470224044295829913e+01
5.205922189301838188e+01
5.296802380112332287e+01
4.736195189165216846e+01
4.826473492884534977e+01
4.745553219913092846e+01
5.110852926338837676e+01
4.613507729959950865e+01
4.694722411369482273e+01
4.517525566373969781e+01
4.580157192734544935e+01
4.560744669599217360e+01
4.794376800492506163e+01
5.001805477900128949e+01
4.853442126782484678e+01
4.854756847881391479e+01
4.805108134991926505e+01
5.259961099747243196e+01
4.857184650602292209e+01
4.911085533602670949e+01
5.225821428134338476e+01
5.152716135502109296e+01
5.580975429409021871e+01
5.672104543459439441e+01
5.123120780072012082e+01
5.897756957351377594e+01
6.087308076277061986e+01
6.451248094864526195e+01
5.448293592998403767e+01
5.549755466521904168e+01
6.116460636223056468e+01
6.176124083856763747e+01
6.571652232244672120e+01
6.426254097762081585e+01
5.842970496466969621e+01
5.519704208998550854e+01
5.950621553905377681e+01
5.545395487719336103e+01
5.377359386995766499e+01
5.533827730995750471e+01
4.998484637786340556e+01
5.350732095119035137e+01
5.197240872057005134e+01
5.092696342497540485e+01
4.823934838001435566e+01
4.846348896968328290e+01
4.672945800724569665e+01
4.943995277107609354e+01
5.049119266603309342e+01
5.228806501253015426e+01
5.264197677618260940e+01
5.362420755298821007e+01
4.727463432629948414e+01
4.747973185339293423e+01
4.997155200036596057e+01
5.371170599292121040e+01
5.800213925249317271e+01
5.390819937887302871e+01
4.609425210618675095e+01
4.665738417790387160e+01
5.557799794278796668e+01
5.428625998467224179e+01
4.934424750914190128e+01
4.866619867102062358e+01
5.057607078428802083e+01
4.705232986315170507e+01
4.716457376414587088e+01
4.920376891674358433e+01
4.631204900114281031e+01
4.632204299156525451e+01
3.786512396533950664e+01
3.601569054822959970e+01
4.089851434324046409e+01
4.487649226826718518e+01
4.782266145869223095e+01
4.856162264933647066e+01
4.639985562894221260e+01
4.429079940085674849e+01
4.594439012382005671e+01
4.334447855232041036e+01
4.298546256243753305e+01
4.344979831760980460e+01
4.779700464810442639e+01
4.741079074161349638e+01
4.474734879403072796e+01
4.479750241522186371e+01
4.441262827157961368e+01
4.437218296145774588e+01
4.096438579033065963e+01
4.403102891413998066e+01
4.736725274013858211e+01
4.614923517578576195e+01
4.703205332464231958e+01
4.065143651564446969e+01
4.233907147825492956e+01
4.396064135566237496e+01
4.682831951104588342e+01
4.429965569589482044e+01
4.826310790362247616e+01
4.782935199044569430e+01
5.252002504760042711e+01
5.722585865797056925e+01
5.413054045655531610e+01
5.075752832951165061e+01
4.746704273588652256e+01
4.918395863630476583e+01
4.785021823828609655e+01
4.673308256284637707e+01
4.750303369624051442e+01
5.171161113872865656e+01
5.058602144070445661e+01
5.380520466439885752e+01
5.343069413315210170e+01
5.307211208819173009e+01
5.659823299427738874e+01
6.400357936543532844e+01
6.236136574509986019e+01
5.672697196631118999e+01
6.017437608191585952e+01
5.955219470179140728e+01
5.707012945273574900e+01
5.733889804367426990e+01
5.109146200948384120e+01
5.067751322912518219e+01
4.872508935742337144e+01
4.811620710185528793e+01
5.073221044655152667e+01
5.623906302171323546e+01
5.359964513491820526e+01
5.277497216418458947e+01
5.254427881790568478e+01
5.755763917936650387e+01
6.151881847672891013e+01
5.935192414937483818e+01
6.796255885773379646e+01
6.538560332738032344e+01
6.747779885548692391e+01
6.522191727439337683e+01
6.527722674219168653e+01
5.769697346392003112e+01
5.212330098375829124e+01
5.466204163486553114e+01
4.740255740622004765e+01
4.859500441429668882e+01
5.254393743141288553e+01
5.113503826800146612e+01
5.236514615171130060e+01
5.408473120660725897e+01
5.227526841862957951e+01
5.726769489889674247e+01
5.776362123984279151e+01
6.041626011363857884e+01
6.124469591035673233e+01
6.321555122938919169e+01
5.937784361476749950e+01
5.981390323069579296e+01
5.413668454287351750e+01
5.216336787736234015e+01
5.352545802167890798e+01
5.203205527063314406e+01
5.480036042201998470e+01
5.704302311935982317e+01
5.477402941939603664e+01
5.391875427565804557e+01
5.074787781483261284e+01
4.918818544962263672e+01
4.806847994237966759e+01
4.586321617993925059e+01
4.774072155895042613e+01
4.654841100794967446e+01
4.826130322467604117e+01
4.675693311970518806e+01
5.001725361623876154e+01
5.223231980233430249e+01
5.182908039936716449e+01
4.972902589301914134e+01
4.789056076066979273e+01
4.466821634680269426e+01
4.425473096281490371e+01
4.745717978493184575e+01
4.755164829753680067e+01
4.658069584383847683e+01
4.613734791423670600e+01
4.278072278626073199e+01
4.738221799045037130e+01
4.481687138252416958e+01
4.375280661891996203e+01
4.408326717850873422e+01
3.880465099246372773e+01
4.049014406343624728e+01
4.804622595964919896e+01
4.704206149113781521e+01
4.550652036641397302e+01
4.785420504401928810e+01
4.913967141695132312e+01
4.831021992646402197e+01
5.349199245196285091e+01
5.073808167567148075e+01
5.551587501155545112e+01
4.825211157457032840e+01
4.776572402492536185e+01
4.863841461411328737e+01
5.380723992880579232e+01
5.402718834571891193e+01
5.234068854217132838e+01
5.039319415950927095e+01
4.836466300740244861e+01
4.228451023470864101e+01
4.409029801853284170e+01
4.588284865230181708e+01
4.404660835837881905e+01
4.382610168651009275e+01
4.742143635343564512e+01
4.299430868166335529e+01
4.476127004132291631e+01
4.403667257162406656e+01
4.265372374674136324e+01
4.288459384771038430e+01
4.159695916306847607e+01
3.882692890236147321e+01
4.119462212068425089e+01
4.525831037689502523e+01
5.013296280260915694e+01
4.831006492260355856e+01
4.688974454484282717e+01
4.445813475895432276e+01
4.372306187039099257e+01
4.256451903174325224e+01
4.442745563897704386e+01
4.215187359934161293e+01
3.689262725551776612e+01
4.261041426666783138e+01
4.745277328126249472e+01
4.281777590095789066e+01
4.005728745151982650e+01
4.452481957383098887e+01
4.747640184615860193e+01
4.597248917428106552e+01
4.769071341245555828e+01
5.270025792951926746e+01
5.095640379005778442e+01
4.755415472051960535e+01
4.718615824636138001e+01
5.042150335706374875e+01
5.190611433338839475e+01
5.059718239529278350e+01
4.739688759056641487e+01
4.295754753794298608e+01
4.687220772735962271e+01
4.405377123581693866e+01
4.483659217774594197e+01
4.754035703386421829e+01
4.859553499240532659e+01
4.351917591829903387e+01
4.586643821211397665e+01
4.568501369862016759e+01
4.725040290743341131e+01
4.899104775074038542e+01
5.492042214135440759e+01
5.796517578852674291e+01
5.400244928760897523e+01
5.169410643985884946e+01
5.072567662555037060e+01
4.862713665538747421e+01
5.197201352318351297e+01
5.448913744039258944e+01
4.827377904629074834e+01
5.229593892998865812e+01
5.527665672142354936e+01
5.491311227451183896e+01
5.129937448854608562e+01
5.502387463864681649e+01
4.702986868883011340e+01
5.028801959174140990e+01
5.016366385107920678e+01
5.150071426799546970e+01
5.393085119628548796e+01
6.058216543715089841e+01
5.348549486526933094e+01
5.377799141911278014e+01
4.431468656659101413e+01
4.194563369564839661e+01
4.481571842208308709e+01
4.322176427317818082e+01
4.476711685765074833e+01
4.539147457854322454e+01
4.665949974669279499e+01
5.033217719326410844e+01
5.230673893959686893e+01
5.206029710837722746e+01
4.960057031326582688e+01
5.166518185850667066e+01
4.510314199708916050e+01
4.576234156638734163e+01
4.457999147681488239e+01
4.686817273483344337e+01
4.919908473435875607e+01
5.064163399442889357e+01
5.301975910721115781e+01
5.462288281661015077e+01
4.838329860969579244e+01
4.687192834231503724e+01
4.608836793956684375e+01
4.671364274017698648e+01
5.000162168433904952e+01
5.043393818780823779e+01
5.283715996504322021e+01
4.842708926424616322e+01
4.127302419457621596e+01
4.595482611785259763e+01
4.644229864734868585e+01
4.920479266216234748e+01
4.861592166013990379e+01
4.853499404958954955e+01
4.193581917452902275e+01
4.202955158713007222e+01
4.189063106945618387e+01
4.530985011395406303e+01
4.537504783720093826e+01
5.371880686196217880e+01
5.704578970437281527e+01
5.288091126751200477e+01
5.612384630245087180e+01
5.693628310208615062e+01
5.100703817427693565e+01
4.791436668589609837e+01
4.517852162402711969e+01
5.089584173754342089e+01
5.277546185351059194e+01
4.988019040066438237e+01
5.540594496117533652e+01
5.473544152877416735e+01
6.207485109688491320e+01
6.250516125804949752e+01
5.712621470471196261e+01
5.902184487775905808e+01
5.329090913498914972e+01
5.081145353354331462e+01
5.009128340225768738e+01
4.818632641268901295e+01
4.369306015730648340e+01
4.196377360394983214e+01
4.057944493637235439e+01
4.472397409394007184e+01
4.935678935259375777e+01
5.119736135592555826e+01
5.105673854752574670e+01
5.161235509838436286e+01
5.859433824858093232e+01
4.982203465287422972e+01
4.843722174476217646e+01
5.035384690973786093e+01
5.836958847174702925e+01
5.224401510586513808e+01
5.341802754692017174e+01
4.691138786511360337e+01
4.681799105794752336e+01
4.999404504833110252e+01
4.665700243190334362e+01
5.115372742686753327e+01
4.691094703050094239e+01
4.977828720981634802e+01
4.798194929258022512e+01
4.389547610644410724e+01
4.563381749390438813e+01
4.649713220168921879e+01
4.421773746614465495e+01
4.738687482492297676e+01
4.463107901125225396e+01
4.909446075895125006e+01
5.471735314558972618e+01
5.021489127834679778e+01
4.619791583602246732e+01
4.575064174549969209e+01
4.437686750223607390e+01
4.203290041942084088e+01
4.017551052349450913e+01
4.238131239997865407e+01
4.570463654767259953e+01
5.070855439006110288e+01
5.408555431934591695e+01
4.817342589484498205e+01
4.922477226843172815e+01
4.979786724035094636e+01
4.978453476650170018e+01
4.469881761334661974e+01
5.019099154469015645e+01
5.052168790585558611e+01
4.591898326461627278e+01
4.314285328931241281e+01
4.710103162390866771e+01
5.165960366896368328e+01
4.825730755077528045e+01
5.424516392903034046e+01
5.484619146854237925e+01
6.010719708195298239e+01
5.539259275527712845e+01
5.183792598049313938e+01
4.918304802991071512e+01
4.739451571560088183e+01
5.337976549205782817e+01
5.150825484040062463e+01
5.084880806926268093e+01
5.982573038393285003e+01
6.091687889242741960e+01
4.980917149623943629e+01
4.850712533961672790e+01
4.907528268245834369e+01
5.188260019193329242e+01
4.846118534759035867e+01
4.831534773879760536e+01
5.163573186945264837e+01
4.732865073084641949e+01
4.371328481390845155e+01
4.662679159740847012e+01
5.286461688249338664e+01
4.992680851165410871e+01
5.116925331173337099e+01
5.182056333448776542e+01
5.631619797368264813e+01
5.823881774947903267e+01
5.989008569121080683e+01
6.089353249215469077e+01
5.814430025366986143e+01
5.330096456239220259e+01
5.339515469607126619e+01
5.594705101301879324e+01
6.926673643603353980e+01
6.684279384494016085e+01
6.770474025465640011e+01
5.795126851504084442e+01
5.500405342146012089e+01
5.450208859646254922e+01
5.209474542173904155e+01
5.080534051008787344e+01
5.707114332854492744e+01
6.440730247340383130e+01
5.887922220728937361e+01
5.498707987626278282e+01
5.356670953824855985e+01
4.948423190237317471e+01
4.771634111755740548e+01
5.115229202968481559e+01
5.837195872785967055e+01
5.274445042553151808e+01
5.074488577720487825e+01
5.110127308226511644e+01
5.269098821282109668e+01
5.223262900215059545e+01
5.291781864190998164e+01
5.646804448755771944e+01
5.855267236979067746e+01
5.712890517954500780e+01
5.694497684538050208e+01
5.589047118199738406e+01
5.524573574677719279e+01
5.872797006190088354e+01
5.994772074486738944e+01
6.179361643456309849e+01
6.155419861524055136e+01
5.709595677597998531e+01
5.448171795160197206e+01
5.550790058494222734e+01
5.404903200587219203e+01
5.401874171387453316e+01
4.864143116539059264e+01
5.155933699629229494e+01
5.261167238946008240e+01
5.293781957417040474e+01
5.400781497298438438e+01
5.139477108497857927e+01
4.476479511337784345e+01
4.075987798591980038e+01
4.613495128379960164e+01
4.771568786606091095e+01
4.671760485166974064e+01
4.982243281855038930e+01
4.968522855327500309e+01
5.700302225322096206e+01
6.282940432507531625e+01
6.489159034891072508e+01
6.084816066248479416e+01
6.053317072118170472e+01
6.421239967275337790e+01
6.002907129501256378e+01
6.328189906071705195e+01
5.781743560483909050e+01
5.514254231450008348e+01
5.846838384120916743e+01
5.899167573257558672e+01
5.634269500519480545e+01
5.868097242801163560e+01
5.164993199986194838e+01
4.366975701255686459e+01
4.783344294050485246e+01
4.897445304265936983e+01
4.715489058792972799e+01
4.642727287937913161e+01
4.503019237736273084e+01
4.391729902112503225e+01
4.311898575264482503e+01
4.787969772758422948e+01
4.828835591475223055e+01
4.622369964688654420e+01
5.344217228108453099e+01
5.043726078047893679e+01
5.696238573813982242e+01
5.541749833020728744e+01
5.830535818476624854e+01
5.601299761843790037e+01
4.754058718487782187e+01
4.790810161764246544e+01
5.575774360622572345e+01
5.079954717104948969e+01
5.252854802847357263e+01
5.363999716732060108e+01
4.900415876610877319e+01
5.126333592987841570e+01
5.272908957308646194e+01
4.801517422930401580e+01
5.458025052661382404e+01
5.698968989708308186e+01
5.741963780170270581e+01
5.918581080605819267e+01
5.773643399884914373e+01
5.267949174240778376e+01
4.213790152784972065e+01
5.240990843373808161e+01
5.262700891468045938e+01
5.311287075132795366e+01
4.884929654092097451e+01
5.150932449715585904e+01
5.706239962654645126e+01
5.313446677534693663e+01
5.702007344302268876e+01
5.998607712166201367e+01
5.375486659919689458e+01
5.218018243750414342e+01
5.134554368148595671e+01
5.007542397026806924e+01
5.437757417765305945e+01
5.339812597133053629e+01
5.624125637916680631e+01
5.571925522482379023e+01
5.631604204704145644e+01
4.929073559478222677e+01
5.065342135192548056e+01
4.723855517515201541e+01
4.969399635631005197e+01
4.798874144540101838e+01
4.452825556044151512e+01
4.747640501076256214e+01
5.024367129368385321e+01
4.210268406452494361e+01
4.235228559727581654e+01
4.516831113482091808e+01
4.683786885156773394e+01
4.870631934782893069e+01
5.097634391790217023e+01
5.109675542426147388e+01
5.908242908690183981e+01
5.562993543054489720e+01
5.167616144361950603e+01
5.245384334590452369e+01
4.339777048137971605e+01
4.238733257684501865e+01
4.274734322647141482e+01
4.488256480744642118e+01
4.340444069453165099e+01
4.454449780794110580e+01
4.378444586965012775e+01
4.822239696511793738e+01
4.954058053798924277e+01
5.415536605338189702e+01
5.884207885344728339e+01
5.136718498916096109e+01
6.282218168618894083e+01
6.608531612799581012e+01
6.425024631171538658e+01
5.339648801010628887e+01
5.441549379331468117e+01
4.488443973568250556e+01
4.270085562101251497e+01
4.885151969751272816e+01
5.035624102733369511e+01
4.422256455878406456e+01
4.427781368267909556e+01
4.582613377860894133e+01
4.689614786842715688e+01
4.937349224812088266e+01
5.518096354749015831e+01
6.076556593633923598e+01
5.549487520194264079e+01
6.000398019310190278e+01
5.305748390852784269e+01
4.838486102158610436e+01
4.532464734740662493e+01
4.352362371996358092e+01
4.517207582108478903e+01
4.263113468314278975e+01
3.844649463053959693e+01
4.274229701607126941e+01
3.898304379141654863e+01
4.113939065518498950e+01
4.231837205038299032e+01
4.704631272955687393e+01
5.145985277269471680e+01
4.793748647663461782e+01
4.583457062740275489e+01
5.114212916787663943e+01
4.828432726359578453e+01
5.365728505722789521e+01
5.761044918501140444e+01
5.178436890856134767e+01
4.885241934873953795e+01
4.305331371558271769e+01
4.403765203032372710e+01
4.436428114344069940e+01
4.670235031894553401e+01
4.711369622249848277e+01
4.285092631418332587e+01
4.371809862453579854e+01
4.209835744811815061e+01
4.685980018588444551e+01
4.582647000687421013e+01
4.582814621858676674e+01
4.547433532959067293e+01
4.504088925602960813e+01
4.640329222229120631e+01
4.716382206244735187e+01
4.077328267244479321e+01
3.982607720788510619e+01
3.662658738729355434e+01
3.645712556756406286e+01
4.341309201985213662e+01
4.076528192870132017e+01
4.070976966259421204e+01
4.354473686645606278e+01
4.275694701150884214e+01
4.791807407778200911e+01
4.563242301618475949e+01
4.971063109289843851e+01
4.538137358720810255e+01
4.507975897626011630e+01
4.066268394344758974e+01
3.983807979843697211e+01
4.358891583927552205e+01
4.166129552344401787e+01
4.346580001900756685e+01
4.704124571038937574e+01
4.208279377987767589e+01
4.524178873400742162e+01
4.704208426196978365e+01
4.021032937080119041e+01
3.991422767846965058e+01
4.378755843298818462e+01
4.601489181933249739e+01
4.005541986148505629e+01
3.672965833466069085e+01
4.036381495877659376e+01
4.461465236511845944e+01
4.074255062354303192e+01
3.665617228936128669e+01
3.985177463834168066e+01
3.705576678873211449e+01
3.977565880333636983e+01
4.166429988222888881e+01
3.847585935501383148e+01
4.014850333226313950e+01
4.158267084685434867e+01
4.894954356127969675e+01
5.258466670189424974e+01
5.046449886516348471e+01
4.716117820719011888e+01
5.072745832254313569e+01
4.992188817441257243e+01
4.333116962137329864e+01
4.963393391548851952e+01
4.980986953977746623e+01
4.839338350593872917e+01
4.597953072767305116e+01
4.152131865370873243e+01
4.099755848500738153e+01
4.547408070329394292e+01
4.850481773790201601e+01
5.255051901137391468e+01
5.464255770425366876e+01
5.010704243431156613e+01
4.836312597738073293e+01
4.280053034310741822e+01
4.355222589746967543e+01
4.619970660790707484e+01
4.249927017553459052e+01
4.114956374552290441e+01
4.324316854493043394e+01
4.148308243857172073e+01
4.237348346267214794e+01
4.392946197933076746e+01
3.817815309167419002e+01
3.808028584499616898e+01
3.731790875095931881e+01
3.467585832449108807e+01
3.842242155835017314e+01
4.034221463601856073e+01
3.710475545605111591e+01
3.847421711475653439e+01
3.830421869870664153e+01
3.526655513562362643e+01
3.491021867122452704e+01
3.687179206851043034e+01
3.722370468610455418e+01
3.307904314966334169e+01
3.073926917437752948e+01
3.476519024379763323e+01
3.890803615466894883e+01
3.705899021655510239e+01
3.994765429173377669e+01
4.162861160566481544e+01
3.990936794109757102e+01
4.439890570423598604e+01
4.499339160483615530e+01
4.618843221983097891e+01
4.097588044764088266e+01
4.633102484696176759e+01
4.783617088492594860e+01
4.201776285871942207e+01
3.724110514457455423e+01
4.087654942897648880e+01
4.227951339031264411e+01
4.501556557734851083e+01
4.988066032713865638e+01
4.360621208541043359e+01
4.535361306673902959e+01
4.882200660196807718e+01
4.478379964719197659e+01
4.219714999102388475e+01
4.149143727684591454e+01
4.352263180239201290e+01
4.793774048006359578e+01
4.515864956848937339e+01
4.378602248921854567e+01
3.968940319947744655e+01
4.222350016967219943e+01
4.425825221950631772e+01
4.484965280068907134e+01
4.486269302230187606e+01
4.311935938270366364e+01
4.123353873673388392e+01
4.259997420982706018e+01
4.418338431007916256e+01
4.452344403000788731e+01
4.648349327154598143e+01
4.116152293466750933e+01
4.824470629977702174e+01
4.603109607174535256e+01
4.394245395965393897e+01
4.437896496981065297e+01
4.346337420222869952e+01
4.511352425879051253e+01
4.607580229412246808e+01
4.753432618808060539e+01
4.224705493933439726e+01
4.520602400231651075e+01
4.194104619339612583e+01
4.145754126825359975e+01
3.698133792434776979e+01
4.052068425908927907e+01
4.213452717110286017e+01
4.307925060187402266e+01
3.881794060567124660e+01
3.795490161570877063e+01
4.041313671623586146e+01
4.342620616240578357e+01
4.540294434445013394e+01
4.495364398454299959e+01
4.356463678745531354e+01
3.900285558706492850e+01
4.156368509610697970e+01
4.164152965441839882e+01
3.964383624658730554e+01
3.840939995216062641e+01
4.562129397791557750e+01
4.657330103405529798e+01
4.246975114770561532e+01
4.381503696033128392e+01
5.626508495846396585e+01
5.422357306717604075e+01
4.990017946764356793e+01
5.063200441116155304e+01
5.030123568461281280e+01
4.902941507121089160e+01
4.556146564617862538e+01
3.722332316848413569e+01
3.635377191121490625e+01
3.598597150310556003e+01
3.658735116991035596e+01
3.608207999146652156e+01
3.924075693954854671e+01
3.446556741265217028e+01
3.130884309274739508e+01
3.062917749937586720e+01
2.953892639821070887e+01
3.432614914267880124e+01
3.363731835720814445e+01
3.843430566611386467e+01
3.526123338503501969e+01
3.687816095957847295e+01
4.271859429669486730e+01
4.796149130757083157e+01
4.556064150105071775e+01
4.420889728478881153e+01
5.106123908607259665e+01
4.957050368400692264e+01
4.991524621495050695e+01
5.053183615353418645e+01
5.126267980704530203e+01
4.258580151170673389e+01
4.401109239779139415e+01
4.412533665864350496e+01
4.566360463658490687e+01
4.406354580501108131e+01
3.906354288860624990e+01
3.751781480741745156e+01
4.687861313189877421e+01
4.578693778727318886e+01
4.463263012244764383e+01
4.755295593925027475e+01
4.820156289456600263e+01
5.234999212457883999e+01
4.971969705775348558e+01
4.362618375542769655e+01
4.386640398976106781e+01
4.044404184147288106e+01
3.773402461791231843e+01
3.475527891286282767e+01
3.725779948799579699e+01
4.122522214442448529e+01
3.517331275570943916e+01
3.429670389178469492e+01
3.801202238048186643e+01
4.440491954569533561e+01
5.152830781580335184e+01
4.782486714872011646e+01
4.378381354564551486e+01
4.558203599371768178e+01
4.055040508880873062e+01
4.528370492472914322e+01
4.838852149598422159e+01
4.196026922505479462e+01
3.981657150843805937e+01
3.731538257759173405e+01
3.755990097565986474e+01
4.049749231396555160e+01
3.419953472701777741e+01
4.474267631736071849e+01
4.156499202158073558e+01
3.825331954044490601e+01
4.030903893188180120e+01
4.312555153834665589e+01
4.144841086820095200e+01
3.397872799651130293e+01
3.263840564498161712e+01
3.391599657290525727e+01
3.728173875818622918e+01
3.632479226920292348e+01
3.462742519165312416e+01
3.629276958657219154e+01
3.708750192087234154e+01
3.196530534074164720e+01
3.599380032323959711e+01
3.612210349089225758e+01
3.665289322731652533e+01
3.754555652049174341e+01
4.070069744006440970e+01
3.975157948506122096e+01
4.581111476262072557e+01
4.013539142828358308e+01
4.043459775864746319e+01
3.745084466656369671e+01
3.497234064364124606e+01
4.083191218589922755e+01
4.077282002070518274e+01
3.768817163020223404e+01
3.771196396038858012e+01
4.123291611557943526e+01
4.315767087348154973e+01
4.197191322612695075e+01
3.870716046058101512e+01
3.808415250249998962e+01
3.545054239246911010e+01
3.950388550893600836e+01
4.072338429033405305e+01
4.101657185948885598e+01
3.925419336803663128e+01
3.451098463646290071e+01
3.125673300803164878e+01
3.283977236258910892e+01
3.643182245357963467e+01
4.081319695644577195e+01
4.754062254381841512e+01
4.834542722541874582e+01
4.484295699958708781e+01
5.359957630116114302e+01
5.476443634948770267e+01
4.758684686965369792e+01
5.021183637123351673e+01
4.614812818857021171e+01
4.001714064010206329e+01
4.210909465726668088e+01
4.186361934122664508e+01
4.198790506057546423e+01
3.677239869075238943e+01
3.701248429980377352e+01
4.028094439197307253e+01
3.660587259101159674e+01
3.850960773216633015e+01
3.816341530241555802e+01
4.132778824575217413e+01
3.812661401400693961e+01
4.031524117669156482e+01
4.170415062024492414e+01
4.024340597520734519e+01
4.683891317536111387e+01
4.833242733260239987e+01
4.239362775450882737e+01
4.320991791514005342e+01
4.351969590444267055e+01
4.361133707322975539e+01
4.649611448116790058e+01
4.316173310083859604e+01
4.087161369794199572e+01
3.672874309776943846e+01
3.927061190183702166e+01
4.379676604216479063e+01
4.267176192751489339e+01
4.311411608945558527e+01
4.890022541914865428e+01
4.460165069205808663e+01
4.248391380209292834e+01
4.810093181274927332e+01
4.402419062587879495e+01
4.219981965713476768e+01
3.934423439845513570e+01
3.720108451077991418e+01
3.944815003503208573e+01
4.232301144898158185e+01
4.180204718810765740e+01
4.077577127322698658e+01
4.122280002672495414e+01
4.312043054466050052e+01
3.758938207314938040e+01
3.621859594403641580e+01
3.555622647455967211e+01
3.853206510294035780e+01
3.670622256323903798e+01
3.304492136898919341e+01
3.168364101035068003e+01
3.418948352738490826e+01
3.184522291879036970e+01
3.194844784456558529e+01
3.216459629291271227e+01
3.573091748663635059e+01
3.844094728817516682e+01
4.081041811925690865e+01
3.572461000233561634e+01
3.136423516980705273e+01
3.279942705774787015e+01
3.224252102867596648e+01
3.412709431665857807e+01
3.175393277595007646e+01
2.994361344403844072e+01
2.924979337525162038e+01
3.094687488183911839e+01
3.067353781923224076e+01
3.247174318225244605e+01
3.327544447874502964e+01
3.678891262607071866e+01
3.857308604438220812e+01
3.673379267843482410e+01
3.485570419224256256e+01
4.030430450964245637e+01
4.396900367710253477e+01
4.258119910033639144e+01
4.415828371298794508e+01
4.484947615330462156e+01
4.386259575601273752e+01
4.649510301794252598e+01
4.136871220029674134e+01
4.178862404516781481e+01
4.394126202003608483e+01
3.840800974859894268e+01
4.121115845404316502e+01
3.866972258496489445e+01
3.493197029792069230e+01
4.143116854518565617e+01
3.974563622118071038e+01
4.463298701595914508e+01
4.024450551493467287e+01
3.968360457765524529e+01
3.735405173720027250e+01
4.098452802791998550e+01
3.919174140459019640e+01
3.938941337151244682e+01
4.008130461054727789e+01
3.598210110681737461e+01
3.767795803761539020e+01
3.892596234352616591e+01
4.129236547451216666e+01
3.650700388463572921e+01
3.529905751669075897e+01
4.273899697211942339e+01
4.137303062480004456e+01
4.220629245170971444e+01
4.539039421103655769e+01
4.566443412217384434e+01
4.618642671198818306e+01
4.417550076723671992e+01
4.136813424420510898e+01
4.582859533449422429e+01
4.510715585087654489e+01
4.439051080709914743e+01
4.304277962356540144e+01
4.871038286140662876e+01
5.194451076019306868e+01
4.925926656330671705e+01
4.925771102551856728e+01
5.346892690944950743e+01
5.133623112454016280e+01
5.417702384545562921e+01
4.395339649940135729e+01
3.839105704000593988e+01
3.656345196161052513e+01
3.616714294272077268e+01
3.679133982817777593e+01
4.235785689294276324e+01
3.988329263651289835e+01
4.153327796924634896e+01
3.915683804113201916e+01
4.106520776051132060e+01
4.165199440472409975e+01
3.984174625240343204e+01
3.641674408283965647e+01
3.800680602815706521e+01
3.913941264963320066e+01
4.225437885051971421e+01
4.716938849511551979e+01
4.970299580960512031e+01
4.990017683155154771e+01
6.179019960888175689e+01
5.688734129074475732e+01
5.430069914667500797e+01
5.074197073137961667e+01
4.581381343675219853e+01
4.276750757349511645e+01
4.730295671758717901e+01
4.776719853021789675e+01
4.798265408532878951e+01
4.075728094078011310e+01
4.434353932521446495e+01
4.223222139058468372e+01
4.773225310652659914e+01
4.795025004667638058e+01
4.854857632862849215e+01
4.589906627474459100e+01
4.207405746887592812e+01
3.870983388004019332e+01
3.629716341081019237e+01
3.345663754075601304e+01
3.537034440783004641e+01
4.079012563980266748e+01
4.128161699494805248e+01
4.033413992166354944e+01
4.365128963299565612e+01
4.409099061176356571e+01
4.216096732194585428e+01
4.260368584098003453e+01
4.030081965442056458e+01
4.229628998937155870e+01
4.059287914617412696e+01
4.052033780141403696e+01
4.074643538557848643e+01
4.877676283199784280e+01
4.894886347259996029e+01
4.375926226428709498e+01
4.212342747194217196e+01
4.230068195968680556e+01
4.610306378838061647e+01
4.048925341191684169e+01
3.774560450139026102e+01
3.767811130087271465e+01
3.771503313792492662e+01
3.664660204705926105e+01
3.910594411167800644e+01
4.552153878021834288e+01
4.374534999964028970e+01
4.587674295445960837e+01
5.007402642654393077e+01
5.244247730615938252e+01
5.501663734602352918e+01
5.640638809497269079e+01
5.218385120192876769e+01
5.348422293608579281e+01
5.126255204149288858e+01
4.803923360454436420e+01
4.858389862630693301e+01
4.566850671065877521e+01
4.938271317828237272e+01
4.785958084309027072e+01
4.803800737227733464e+01
4.311648675715644430e+01
4.115095163622198982e+01
3.941162732541977221e+01
4.464199801999103556e+01
4.639499534232135858e+01
4.625350431652970684e+01
4.333819146311429904e+01
4.271997179802519184e+01
4.554624403571231994e+01
4.368290838917963015e+01
4.394999556464408386e+01
4.498147636385393611e+01
4.242672459482895420e+01
4.143593080248928118e+01
3.827082081989374984e+01
4.122431449214658983e+01
4.539401291538667493e+01
5.121462066933727186e+01
4.780707414996747673e+01
4.344141767821852795e+01
4.621823135682487305e+01
4.767742762734612683e+01
4.886957754323092473e+01
4.901996487113910206e+01
4.729269554506876005e+01
4.652813775869674373e+01
4.804278846547943260e+01
4.821596839659693501e+01
4.909564816763655415e+01
4.622864407277623400e+01
4.775904294632022129e+01
4.283608057371449718e+01
4.903559026021746803e+01
5.211149852745484878e+01
5.544197505542694415e+01
4.812585171142202967e+01
4.627512925515067366e+01
4.726992489737244796e+01
4.642093798328881604e+01
4.729743626330805739e+01
4.555989209192728850e+01
4.247227089940243161e+01
4.328661243952873861e+01
3.694784627173817171e+01
3.679845813813253130e+01
3.934928502886834423e+01
3.902079841169817342e+01
3.556732838651964101e+01
3.388719258720669814e+01
3.688725875026073453e+01
3.216889073975986690e+01
3.943596151564822350e+01
4.225761137862035355e+01
4.020019484902794460e+01
4.656994260043919098e+01
4.356839123287401350e+01
4.041845209519419058e+01
4.050342337464257980e+01
4.293838956266122153e+01
3.857231446174706235e+01
3.832764741752568938e+01
4.085173235345813225e+01
3.887796492753813737e+01
3.636288115309168489e+01
3.806655980783953908e+01
4.092205836026931820e+01
3.744581612503490931e+01
3.819410337346526774e+01
3.971371698200619704e+01
3.726878586697862517e+01
3.831611465964650165e+01
3.565137817177559043e+01
3.377576611928751760e+01
3.501178809173952544e+01
3.457233554405888754e+01
3.548693844031650713e+01
3.213253720749051467e+01
3.337712941075151463e+01
3.384363792231938817e+01
3.512258774218073398e+01
4.347218431416742135e+01
4.250167252122809458e+01
4.053987391910566629e+01
3.838883321308363605e+01
4.166756431824011031e+01
4.216372479882188173e+01
4.120116112558731913e+01
4.119114348577260643e+01
4.348498472874249643e+01
4.195651294316779456e+01
3.928518502661991363e+01
4.193087814985983641e+01
4.278501566227517827e+01
3.994635950742157604e+01
4.408385566378597531e+01
5.328966118217402936e+01
6.482152621467129450e+01
6.005123844820787582e+01
5.485968712287515814e+01
4.272267076431327837e+01
4.201851129198107770e+01
4.128582797904618218e+01
4.281117317647526477e+01
5.052931314705362098e+01
4.788106934140544269e+01
4.856254208309461262e+01
5.138798819371198334e+01
4.630091210207454822e+01
5.140117225872401008e+01
5.075385105857347412e+01
5.268907667015342611e+01
4.903021402022275765e+01
4.578638782130607154e+01
4.303547062641170839e+01
3.993553173002307943e+01
3.801956619399710746e+01
3.921279078935349816e+01
3.477418080619769114e+01
3.697307341834273586e+01
4.007767946759212663e+01
4.331119140611586005e+01
4.017306124775873855e+01
3.820599048352946880e+01
3.636715270516036469e+01
4.263200562730608567e+01
3.944856039143925841e+01
3.099294522895370108e+01
3.476478300002668220e+01
3.592686630873133424e+01
3.886682807365390602e+01
3.786050727905579549e+01
3.628870589761328347e+01
4.073093274067479541e+01
3.875296479312191167e+01
4.459934125065115751e+01
3.751583610616340536e+01
3.861210081038265685e+01
3.459553956329969537e+01
3.963990589275726961e+01
4.247718259195169566e+01
4.285507088723874602e+01
4.327891197594441763e+01
4.419580078937213585e+01
3.799333958212985607e+01
3.875866955502826272e+01
3.884646031193826587e+01
3.816046375749687058e+01
4.250896412240069111e+01
3.778791901448160928e+01
3.892959379570081779e+01
3.548651657430501416e+01
3.389254974913882990e+01
3.414706703174762481e+01
3.196057951411257747e+01
2.965441580145840916e+01
3.008778114018310390e+01
3.378190077294812710e+01
3.674122962507767909e+01
3.623257705244200366e+01
3.815061752359135028e+01
4.511604391123672997e+01
4.101950095610508384e+01
4.351284438532621834e+01
3.890798138653837412e+01
3.847967711221777876e+01
4.528842860300198225e+01
4.913322622412699303e+01
4.830336737615273535e+01
4.680989887926712356e+01
5.247348178476239156e+01
4.747618400972926622e+01
4.641954342805007627e+01
5.438144782652410925e+01
5.277217315138741327e+01
5.110186022089646229e+01
5.237502362688284308e+01
5.522847051221279457e+01
5.387606007823055876e+01
5.667216982389289370e+01
4.654034584224244497e+01
4.527758418568298282e+01
4.427004055573166141e+01
4.821583190432292554e+01
5.093724465044437721e+01
5.421270132385065921e+01
4.422719058011465876e+01
4.277620617552685900e+01
3.968652688525996552e+01
3.731164364009037371e+01
4.223691717524436484e+01
4.359917471611650086e+01
3.390828584648088651e+01
3.780456679966438571e+01
3.920877132316056191e+01
3.869457149067019230e+01
3.909965949854459666e+01
4.108028280163532742e+01
4.659030551065624337e+01
4.895340781980100076e+01
4.685548949981622258e+01
4.198669852176765716e+01
4.187601718718831023e+01
4.624935048086616973e+01
4.630904671636108105e+01
5.133232455477930500e+01
4.658197276938185638e+01
4.228021177707036315e+01
4.806373164174269874e+01
4.557675649380113470e+01
4.959795756153283008e+01
4.178677799183792274e+01
4.399031559390737556e+01
3.944556029524559904e+01
3.872021384454889414e+01
4.615353183531696857e+01
4.897011007064455157e+01
5.562245946948789310e+01
4.576864733818521103e+01
4.042718159441137971e+01
3.753797401906201259e+01
3.184282896587980360e+01
3.232317210194754153e+01
3.539072418261827124e+01
3.979056118157965471e+01
3.436297146131744285e+01
3.518823537530299461e+01
3.260611535986071630e+01
2.812732968278159973e+01
2.668862628226867528e+01
2.547402613314927322e+01
2.371307990807141408e+01
2.230574306025952680e+01
2.755348300216526880e+01
2.748020855891933678e+01
3.279671830539832911e+01
3.683611800339088660e+01
3.572338121826372515e+01
2.955301875199670292e+01
2.902150096453337369e+01
2.861701068197202602e+01
2.817826546340024052e+01
2.802922963386280841e+01
3.016380213272572064e+01
4.017986951327004874e+01
3.731469388470353010e+01
3.652937313804659425e+01
3.470182619146928715e+01
3.653678089353454084e+01
4.097652867270848276e+01
3.724049874208884603e+01
3.427572990938821818e+01
3.762742276697378685e+01
3.443417232000430772e+01
3.356767896760445069e+01
2.970639912980699293e+01
3.056860881989959111e+01
2.879802604141739408e+01
2.932082840627071008e+01
2.848865567363174378e+01
2.788808809813095735e+01
2.957738224665027005e+01
2.677395189478493975e+01
2.688960127090336982e+01
2.682692020782295828e+01
2.772345579371059188e+01
2.561117722224093640e+01
2.364931324928113554e+01
2.768606218569707522e+01
2.848706254197259469e+01
2.716801105779001801e+01
3.001716496602694662e+01
3.278324689974728301e+01
3.153820680928233244e+01
3.337231076098412075e+01
3.017272969182821996e+01
3.316559095913813593e+01
3.425159743410774382e+01
4.371106581325724960e+01
4.223651541521309127e+01
4.091302788425031878e+01
3.842685665072733769e+01
3.630398995817373020e+01
3.655932077083809872e+01
3.924353874483225724e+01
3.485365631397537811e+01
4.185235891748229875e+01
4.776248536632180475e+01
4.338249892834749488e+01
4.713000985982910862e+01
5.061770602946167230e+01
4.433422581146038510e+01
4.176473461857336389e+01
4.103834289068477403e+01
3.799785855795500567e+01
3.394309087479896192e+01
3.817972331986334211e+01
4.415170066016133177e+01
4.643338405192233154e+01
4.230328195764032273e+01
3.906762349609223151e+01
3.736470282526470754e+01
4.446916679723842947e+01
3.866668185209648811e+01
4.321393281722685487e+01
4.060797277531565896e+01
3.422410551337911500e+01
3.344889250341101672e+01
3.772682182477468160e+01
3.448207787146703396e+01
3.710753456534506967e+01
3.827738749442588073e+01
3.821284285681689141e+01
3.652550988376512464e+01
4.119834420878804337e+01
3.812149888808743015e+01
3.221064759129637167e+01
3.474223304620145569e+01
3.675392743626419190e+01
4.282693260461402218e+01
3.908017583001949191e+01
3.831816564439389339e+01
3.744937754146351239e+01
3.540117743720518462e+01
3.818264093385736402e+01
3.577270873142826701e+01
3.567396030622828818e+01
3.635074341072757420e+01
3.812615642779041991e+01
4.037508825941272050e+01
4.120205979627210979e+01
3.440949663654070889e+01
3.197513181735427779e+01
3.018316586893551801e+01
2.812757056609537898e+01
2.969624748063042929e+01
2.729451237406565767e+01
2.830997120395428368e+01
2.769683978122273871e+01
2.860278968787791243e+01
3.241732855027989046e+01
4.019937213785587460e+01
4.005579958451513534e+01
3.675509554073978080e+01
3.267006118225995692e+01
3.099079606151541100e+01
3.360571162691699953e+01
3.521173331874457801e+01
3.557542014537418140e+01
3.561600490569747279e+01
3.158822801205138830e+01
3.091288390355016702e+01
3.080189520623373411e+01
3.333569963988369977e+01
3.297114219090136800e+01
3.262315577469757955e+01
3.333746622845082186e+01
3.699226349352279897e+01
4.319363064442730149e+01
3.651997115501987423e+01
3.355478612193077481e+01
3.332861565296938977e+01
3.379840991536801909e+01
3.512601772097328734e+01
3.295257377582318270e+01
3.670924892947656559e+01
3.982220645359690536e+01
3.337899427748680381e+01
3.081516633412050155e+01
3.465091137385593356e+01
3.679933655062867359e+01
3.997538448278773870e+01
4.439793718825272606e+01
5.302467681617320494e+01
5.163325788275417949e+01
3.894936626929403189e+01
3.805567601335112471e+01
3.743923312431310535e+01
3.950382889466268921e+01
3.777880235609507764e+01
3.147859585977239405e+01
3.081706911635841095e+01
3.325015311670599516e+01
3.525477744935068358e+01
3.934227767263011089e+01
3.480988581046524644e+01
3.536006134786453714e+01
3.588531669167519311e+01
4.080466512332503726e+01
3.620489987500670281e+01
3.175323722942824034e+01
3.233701616682645863e+01
3.737755377875127749e+01
3.559449483254297775e+01
3.834175098673431847e+01
3.823052789067789803e+01
3.735740676997614429e+01
3.562929954485696982e+01
3.449889183239581314e+01
3.555062794030200024e+01
3.788810102919327960e+01
3.621422704302004547e+01
3.418031827705545567e+01
3.079204368034141481e+01
2.700893603768444962e+01
2.520537967728920492e+01
2.583407486991051982e+01
2.634528890750627639e+01
2.936519190468427354e+01
3.012112988556837578e+01
3.422392725838037819e+01
3.328279348114506320e+01
3.665100263275792258e+01
3.669700080075171655e+01
3.372430198525386658e+01
3.166447092438227173e+01
3.590498602599414824e+01
3.810470926444152440e+01
3.843775970575846657e+01
4.220631888920723185e+01
3.929227828571590209e+01
3.934112123451459553e+01
3.686416127134407361e+01
3.232103288222240423e+01
3.243016312701846715e+01
3.657779561147065550e+01
4.308316387105745804e+01
4.573537348047284468e+01
3.990186432978188691e+01
3.478475356118062223e+01
3.379788300475484419e+01
3.312801210687468512e+01
3.375561472055855461e+01
3.616465494266977032e+01
3.828561445834647259e+01
4.230971633807158838e+01
3.680757394545508276e+01
3.894948464328632554e+01
4.276055212107776526e+01
4.708937541448536024e+01
4.728325281566655036e+01
4.076165124999082678e+01
4.053725148642909204e+01
3.862831185836459724e+01
3.772073999086909879e+01
3.846389996139982514e+01
4.565761748571402023e+01
5.237832494919905457e+01
5.287690045603508793e+01
4.254870081268639126e+01
4.249499756595712086e+01
4.002262992280720511e+01
4.249528154402978686e+01
4.900357960578170946e+01
4.946989604560751275e+01
5.170690844731186075e+01
5.584881686245510224e+01
4.805983190670121274e+01
4.658526738482489549e+01
4.733338894584290557e+01
4.327301057543617446e+01
4.145466666091029140e+01
3.992641253132298118e+01
3.758865804752934281e+01
3.739336805900131111e+01
3.592462858191993291e+01
4.082156573295183222e+01
3.567567771809883226e+01
4.179226627496119306e+01
4.170620963760668332e+01
3.663204278289507698e+01
3.649249041489471779e+01
4.607209824742134430e+01
4.546690841724017673e+01
3.976288679533456616e+01
4.106041386523348535e+01
4.241504981053105183e+01
4.005802516723171181e+01
3.889201322565489960e+01
3.957454714638083004e+01
4.193670175216676199e+01
4.565860211229468035e+01
4.178521441727806263e+01
4.658226042653283372e+01
4.090965714200995507e+01
3.807775619616455742e+01
3.388824191765405658e+01
3.765725485640330561e+01
3.756628261552399550e+01
3.611960014246816542e+01
3.748842793906583637e+01
3.758995165720008202e+01
3.271803119564280848e+01
3.832065986929242030e+01
4.739340581994827062e+01
4.864702315426300316e+01
4.948446308707947594e+01
4.532203928340060628e+01
4.505687098688577663e+01
3.669012140913609699e+01
3.997053029201258312e+01
3.743190816470496429e+01
3.817273350959586509e+01
3.492640585310856238e+01
3.859475529491535184e+01
3.675836254240197576e+01
3.780998354914198245e+01
3.722232057631602231e+01
3.379056874349305417e+01
3.359090998726389898e+01
3.771349540738065542e+01
3.393700745645436001e+01
3.118945706279435015e+01
3.116043330556830782e+01
4.100121050125559918e+01
3.930105205312986527e+01
