1.661964083957096534e+02
1.659539122891207228e+02
1.657481126279167825e+02
1.652605121011978611e+02
1.642761406385283749e+02
1.634170508797931234e+02
1.628625620956825912e+02
1.623063428472729584e+02
1.615664729286362444e+02
1.607889341123758982e+02
1.601778613183032576e+02
1.596456743099129483e+02
1.590098706287995469e+02
1.583573718380429227e+02
1.576320193978382633e+02
1.569776906255135316e+02
1.560660263128518181e+02
1.555487071739766520e+02
1.548345547003361844e+02
1.542497713686302632e+02
1.534806021448250704e+02
1.528558943787819544e+02
1.521254118268599029e+02
1.514592879051027126e+02
1.508222380788440375e+02
1.503353713175692974e+02
1.496994224233676221e+02
1.489642332429620240e+02
1.483522197923206249e+02
1.476722493205565740e+02
1.472572334395658515e+02
1.467091075469409418e+02
1.459256692834353828e+02
1.453065554836790341e+02
1.446936925654453887e+02
1.440690020293745022e+02
1.434912855130606602e+02
1.429060572932750688e+02
1.421205051961026697e+02
1.413455817010691362e+02
1.406687070455336368e+02
1.400969010257673801e+02
1.394419475396652786e+02
1.388187071802946093e+02
1.381404929982595888e+02
1.374612159791853401e+02
1.367507424811017245e+02
1.362315750354161139e+02
1.356609102802511018e+02
1.350801450381616462e+02
1.345910145595154290e+02
1.338664025031847302e+02
1.334147654724928600e+02
1.328807452127645661e+02
1.322063005238715334e+02
1.317223687106533419e+02
1.311572432833607138e+02
1.307135363792596081e+02
1.301840338687969734e+02
1.297021582101238550e+02
1.291931221457598440e+02
1.285353960360027088e+02
1.280594139399693745e+02
1.275412363369461133e+02
1.269849700797411032e+02
1.265138783234662583e+02
1.260368925653626491e+02
1.255283950314319412e+02
1.251014260943659622e+02
1.245642721379676630e+02
1.240243623394443375e+02
1.236817424560241676e+02
1.232435393700395707e+02
1.227943014052132327e+02
1.223821800937745223e+02
1.219893856771830229e+02
1.215404582450251496e+02
1.210804747028587798e+02
1.207854181110355682e+02
1.203638760979441855e+02
1.199431820332048773e+02
1.196908423421542125e+02
1.193542205095882167e+02
1.190826709255723443e+02
1.187350437999283486e+02
1.183799901845783467e+02
1.180212652328043390e+02
1.176454073769697573e+02
1.174220675430387786e+02
1.171539726613274865e+02
1.166911358598809727e+02
1.164064531682250134e+02
1.160619604036489960e+02
1.156924780263819628e+02
1.153082260416376670e+02
1.150859199600917862e+02
1.147230071596404883e+02
1.144326008238903682e+02
1.140295557904379535e+02
1.137147424895255057e+02
1.134063370305318870e+02
1.130251557260607882e+02
1.127857932694906111e+02
1.125453869726423761e+02
1.122276893674152518e+02
1.119634307155033071e+02
1.116740375056581058e+02
1.114432297594543257e+02
1.112116676362228702e+02
1.109107518328891615e+02
1.107897058201654517e+02
1.105291169408283594e+02
1.104374071822700643e+02
1.102246956848698858e+02
1.099890720465631091e+02
1.097307264307993506e+02
1.095124301381353860e+02
1.095154586973793727e+02
1.091631585187551394e+02
1.090088054844839860e+02
1.088596571048200587e+02
1.086481574657898364e+02
1.084565825005590511e+02
1.081716333233205631e+02
1.080009954685011593e+02
1.075738968697590678e+02
1.074137871306914889e+02
1.071295123419741060e+02
1.070119525988823312e+02
1.067814587685001584e+02
1.064898146824829013e+02
1.061944129150947873e+02
1.060041409416123486e+02
1.057293921445732252e+02
1.056342693192513593e+02
1.054348962148438318e+02
1.051117505718282104e+02
1.049616192949504665e+02
1.048354585099288698e+02
1.045052389364541625e+02
1.044282250565082393e+02
1.042581675618659034e+02
1.040950198154249478e+02
1.039351337178888315e+02
1.038397566437611346e+02
1.036572090284767711e+02
1.034445057737074762e+02
1.033881682961958006e+02
1.031620511672397953e+02
1.029901832180537298e+02
1.027818585949554802e+02
1.026013709497381683e+02
1.025036779107064149e+02
1.021925041987441318e+02
1.020695524193494208e+02
1.017908356465002981e+02
1.016614557950243949e+02
1.015255945944126097e+02
1.012871340577582089e+02
1.010803793074852734e+02
1.008278052929627080e+02
1.004739520679355707e+02
1.003562749868659978e+02
1.000709497135662360e+02
9.983283268181486392e+01
9.965294697624266007e+01
9.947061620276738836e+01
9.916646759659363397e+01
9.897980928917851884e+01
9.879123606164618820e+01
9.859518844374782987e+01
9.837783732068596976e+01
9.814842090732317104e+01
9.795289220570099076e+01
9.781859693619061602e+01
9.764802892758658004e+01
9.738515876450134101e+01
9.723728808958877323e+01
9.710933821358938189e+01
9.699628523637531430e+01
9.680115214799846513e+01
9.668521376885129825e+01
9.645595440844580537e+01
9.634881283147191766e+01
9.618703526575978913e+01
9.604493245677309687e+01
9.598022829611198858e+01
9.581382290462836693e+01
9.570936460493544473e+01
9.548601815940858728e+01
9.531504293061058775e+01
9.516318940749198418e+01
9.494329118992929750e+01
9.476038520080855676e+01
9.455368608163720978e+01
9.444537004758389287e+01
9.425652311658517135e+01
9.402939060595792853e+01
9.385676535192779113e+01
9.371048696567586944e+01
9.353960355270730531e+01
9.334371698114583182e+01
9.321649898606709428e+01
9.318631465757746923e+01
9.300033168926549365e+01
9.280230598375962359e+01
9.267445328358313361e+01
9.255862639439649797e+01
9.239804212988606480e+01
9.224280704739493331e+01
9.207308940474665349e+01
9.194469959407364001e+01
9.181061238663042445e+01
9.163890169177054190e+01
9.147507626864367580e+01
9.132845455110386013e+01
9.114948761371732644e+01
9.099546055937662459e+01
9.083312003028956383e+01
9.069553183559352760e+01
9.058165326192138878e+01
9.052611150378061211e+01
9.034299096351564629e+01
9.028388351019781055e+01
9.022826478887817814e+01
9.010413202487644924e+01
9.001812572576154992e+01
8.996144361577846382e+01
8.986477948828637352e+01
8.970629200726429531e+01
8.960691748184346750e+01
8.950086255413289393e+01
8.934330510461795427e+01
8.919086008352006445e+01
8.903152063186871601e+01
8.894215849112120509e+01
8.878881542779309655e+01
8.868693400660538373e+01
8.850363661369823376e+01
8.838959980103192038e+01
8.826089564967873002e+01
8.815134828654396415e+01
8.795599439378503348e+01
8.786096778810059504e+01
8.770578080477474714e+01
8.754975094018972470e+01
8.743358010807355640e+01
8.736290315549963736e+01
8.729459082005571702e+01
8.705424705861555879e+01
8.700120503768231117e+01
8.687620739232529843e+01
8.668775357921447267e+01
8.660890068975788836e+01
8.644011507627877222e+01
8.625865573895603688e+01
8.619902534846595188e+01
8.612213037788430370e+01
8.599479172971513208e+01
8.591287478510825792e+01
8.583563719158038907e+01
8.574209163268585598e+01
8.562647663137407505e+01
8.550100663604432327e+01
8.543545800396876189e+01
8.530738139741232828e+01
8.526677567459141471e+01
8.515116869943857125e+01
8.507165932934594821e+01
8.501005093188241801e+01
8.496557190207654742e+01
8.484581531742196603e+01
8.470628640700812184e+01
8.469075611522112013e+01
8.460484304922229626e+01
8.452484182520230149e+01
8.445214186923008981e+01
8.430077690470332641e+01
8.422331769808766921e+01
8.413034404184709558e+01
8.400901224955902080e+01
8.387286530473312496e+01
8.380223031765568464e+01
8.373965773909007737e+01
8.364688031927759937e+01
8.356874805111884541e+01
8.355004456177726979e+01
8.343171429050609333e+01
8.339088618862541580e+01
8.328372861323319398e+01
8.324399017541861667e+01
8.314249528360245733e+01
8.303362647005485542e+01
8.294837019468744188e+01
8.289132893149937331e+01
8.274575754945661288e+01
8.268118331468420479e+01
8.261165013867002926e+01
8.249004474752203464e+01
8.238918977869674620e+01
8.231855653247825444e+01
8.220315367896400005e+01
8.219322495041940613e+01
8.206204179805641274e+01
8.193756593959122370e+01
8.180834666328667026e+01
8.173782066089792409e+01
8.159390433733267400e+01
8.153671083861901536e+01
8.145506975778836534e+01
8.139598867179920205e+01
8.131241892094257651e+01
8.121500798013398992e+01
8.126067999634288697e+01
8.122035466831039230e+01
8.122509755388389863e+01
8.113620006313212230e+01
8.117138575710681891e+01
8.110022536545980643e+01
8.102798878328471233e+01
8.093667494115736361e+01
8.086631825691456754e+01
8.083180679493355569e+01
8.074574510835832086e+01
8.069958271431470109e+01
8.062416282371027876e+01
8.054701527346320233e+01
8.052905264102351168e+01
8.049830435654223493e+01
8.032628582146993779e+01
8.033425077520983848e+01
8.024738102697523345e+01
8.021053627050214629e+01
8.013027282538644158e+01
7.998023958696983016e+01
7.984975407389694624e+01
7.975006822918432192e+01
7.962772162683093313e+01
7.952786407941489699e+01
7.948159262905016931e+01
7.942598686394444485e+01
7.932613475800962988e+01
7.923144816630674825e+01
7.912713909160308390e+01
7.904004058272256827e+01
7.903504244205166174e+01
7.893879617813692562e+01
7.884686709747487043e+01
7.876852618560465658e+01
7.864511414257670197e+01
7.855013941676551781e+01
7.844790188367919370e+01
7.832692021937631921e+01
7.827864132056417645e+01
7.818132199613015132e+01
7.803606475898170913e+01
7.795311540671445982e+01
7.789962165358457469e+01
7.781286168649246804e+01
7.769684590554008707e+01
7.764964608029525550e+01
7.743621257259589186e+01
7.735996416102938156e+01
7.721600561227019455e+01
7.707402845627612464e+01
7.694997508455239199e+01
7.689570099971658124e+01
7.674799852321415017e+01
7.659331887236106695e+01
7.655323184094375222e+01
7.650302200242943229e+01
7.645733380290464254e+01
7.643663001701995086e+01
7.635232830969469831e+01
7.634971196769379276e+01
7.630463455399087991e+01
7.625095539927637844e+01
7.618258050361698963e+01
7.610465113087467159e+01
7.609389540910407845e+01
7.605771897627758449e+01
7.599101916587927974e+01
7.592974380008237745e+01
7.593112804409018679e+01
7.585463723488446419e+01
7.577375867994064151e+01
7.571380666775738177e+01
7.560588281906878194e+01
7.552190366300899882e+01
7.543963948617235360e+01
7.531881756572404640e+01
7.520518194535507916e+01
7.511992802067781838e+01
7.495756236916436421e+01
7.482226231922457771e+01
7.479747354293007788e+01
7.464737665313455750e+01
7.455598285975406725e+01
7.446647919455614328e+01
7.437578543406588949e+01
7.431652093425583416e+01
7.431006844795471977e+01
7.419224763585047810e+01
7.416847229652535134e+01
7.411364494150998894e+01
7.404916222882647503e+01
7.401389982180563720e+01
7.400787340738634157e+01
7.401493384488584582e+01
7.396027136204997987e+01
7.391977110261981920e+01
7.391656817668906854e+01
7.380639840773022797e+01
7.373858862256903990e+01
7.369136407289875024e+01
7.359005541963189501e+01
7.348567203621315969e+01
7.338282788747179097e+01
7.329384305261443444e+01
7.321696740141696580e+01
7.302500578586092672e+01
7.301025488362520832e+01
7.293293182099355931e+01
7.287871453781785647e+01
7.284874100966266042e+01
7.271046594398960394e+01
7.266770717514972944e+01
7.258813082545155737e+01
7.244894898442505848e+01
7.242831732484386009e+01
7.229654431603452736e+01
7.220396498963881982e+01
7.213448795265874480e+01
7.202987863212653963e+01
7.196971906458173862e+01
7.188119333894110241e+01
7.181003422366381983e+01
7.177672130123933414e+01
7.167843534199808175e+01
7.158875203393789377e+01
7.152426159311173137e+01
7.146154919481446655e+01
7.142292227580821873e+01
7.131085929986520000e+01
7.127985659515381656e+01
7.114651163762090391e+01
7.105360470542002815e+01
7.099161643415939693e+01
7.088441442582340812e+01
7.077850040943327770e+01
7.063871406831979982e+01
7.055827446570680195e+01
7.045384986363777102e+01
7.032781072007909984e+01
7.024863439195738124e+01
7.021428857758530739e+01
7.015335078234207344e+01
7.007720519899666556e+01
7.002530862042183912e+01
6.998510242883182286e+01
6.992103006460058623e+01
6.988287471540807871e+01
6.989553864839147934e+01
6.986851774453103303e+01
6.985276130065723521e+01
6.985816983341972275e+01
6.991799673090493172e+01
6.990438258016600059e+01
6.992598411811634662e+01
6.995607705874085980e+01
6.992384592458455472e+01
6.990746509140410581e+01
6.993022652973263575e+01
6.989315840237195232e+01
6.990519377854369054e+01
6.990131598643097277e+01
6.988339674460115702e+01
6.983212440424158274e+01
6.980663205540605531e+01
6.975145860820323662e+01
6.969681088056307772e+01
6.969419870134839812e+01
6.969198698831939964e+01
6.961852119741013212e+01
6.958209815852424640e+01
6.950765227683507419e+01
6.943442615492996595e+01
6.941025774741456189e+01
6.932625020033384544e+01
6.930773763395393416e+01
6.921177897162095860e+01
6.919858297941151193e+01
6.910860502111675885e+01
6.911759544152445756e+01
6.907559560636622109e+01
6.901198368891338930e+01
6.895352664972418211e+01
6.882325667753013931e+01
6.878609226568650570e+01
6.877171466939134348e+01
6.872811645958280735e+01
6.877258432632669383e+01
6.869837852536055323e+01
6.872662261638464543e+01
6.866112727312599873e+01
6.862764778445031766e+01
6.861558584016495388e+01
6.862812663539129687e+01
6.848580825426937224e+01
6.850161624177388831e+01
6.846440234128672842e+01
6.833674753286526027e+01
6.837190152218194328e+01
6.830288311034765059e+01
6.819555581053168680e+01
6.811007393545823163e+01
6.797553345079310816e+01
6.787417331322693315e+01
6.778160558786682088e+01
6.768810175806629559e+01
6.762738885688412438e+01
6.755542742390700539e+01
6.741953082349728277e+01
6.735445269482903541e+01
6.731938228829262982e+01
6.725065374127653683e+01
6.722908738240812454e+01
6.717833392729244224e+01
6.710782387412898231e+01
6.703476652845240835e+01
6.695862613857386236e+01
6.689296303892747630e+01
6.684874658197935560e+01
6.677378836196608347e+01
6.665480314838328013e+01
6.659356858928055090e+01
6.650542894123842075e+01
6.644679145413682875e+01
6.635084934410575386e+01
6.630851898425692070e+01
6.627998766030124500e+01
6.626096508174711630e+01
6.615973987887295493e+01
6.607559081066632700e+01
6.601803084961011336e+01
6.587182971119332819e+01
6.582708578034265656e+01
6.577420372898781409e+01
6.565039079521903886e+01
6.558513700542150104e+01
6.554347623607985440e+01
6.544491490419913760e+01
6.540529712423246167e+01
6.534398772175448755e+01
6.534454526660749707e+01
6.528170384829766704e+01
6.527007198397694765e+01
6.525259733229854930e+01
6.522580082958772607e+01
6.523567973194398917e+01
6.520401092648178576e+01
6.514173591475025660e+01
6.510670622333768165e+01
6.507551596707263286e+01
6.503522704904469265e+01
6.501816978689758741e+01
6.498265841927518238e+01
6.500502323161087759e+01
6.494183205387196267e+01
6.495439983954459251e+01
6.493471630633686686e+01
6.489923668851000116e+01
6.488815166128453882e+01
6.484433105780026096e+01
6.485148201494708076e+01
6.476790159750115095e+01
6.479243814081085873e+01
6.475797529026952759e+01
6.470320786100427313e+01
6.465175827300107869e+01
6.465309564085954719e+01
6.459144256010446838e+01
6.458467842115265967e+01
6.460113807859015367e+01
6.459162149444460965e+01
6.457392288882914499e+01
6.449263381482211344e+01
6.444072558161768427e+01
6.439391526646079456e+01
6.431228183651619190e+01
6.429738511439418858e+01
6.426236923884121666e+01
6.419200097963317830e+01
6.411964001270263225e+01
6.401347885850701402e+01
6.394843705599748773e+01
6.392153271724428265e+01
6.386443796946589657e+01
6.383915701733240411e+01
6.374361329963424794e+01
6.371960371648017230e+01
6.359524257392310886e+01
6.349206958933164913e+01
6.347784543761254383e+01
6.347785248801404379e+01
6.334767028303441094e+01
6.336382498917722472e+01
6.334778151405434699e+01
6.328644029267586291e+01
6.328483147379721885e+01
6.329994635068732123e+01
6.329510310469978407e+01
6.327505635963482433e+01
6.331068133235621076e+01
6.330229906132867512e+01
6.322478063617256794e+01
6.317672261857523353e+01
6.312574134751927346e+01
6.307640180185990886e+01
6.298244976810808993e+01
6.290055140773774411e+01
6.285283508729239799e+01
6.270118044788046063e+01
6.265543102882926974e+01
6.260157827472941250e+01
6.259728941637706612e+01
6.251989654851964673e+01
6.248348519379457855e+01
6.247931647056839211e+01
6.245474021310895552e+01
6.238763613816773557e+01
6.233958301360912913e+01
6.229301060001656509e+01
6.231141412763752641e+01
6.229833526014293454e+01
6.232205398005757502e+01
6.228147135226987530e+01
6.218357004496297691e+01
6.215596287663353081e+01
6.215345537201263681e+01
6.220595081642963464e+01
6.218357696213627861e+01
6.214454501215428195e+01
6.215070348303648018e+01
6.210234454636727008e+01
6.209067890082930319e+01
6.212413900452913396e+01
6.213165831728791488e+01
6.212016467262482422e+01
6.212814670382221038e+01
6.214227283545955771e+01
6.215564514649994265e+01
6.211458724172020851e+01
6.219587479460518153e+01
6.217757927492078096e+01
6.209963736595721429e+01
6.211659737353416233e+01
6.214580032019269851e+01
6.219530155071977617e+01
6.214104151705549128e+01
6.215745352128222834e+01
6.217486142769395485e+01
6.212466191969460994e+01
6.215154934592622737e+01
6.210553036989556119e+01
6.201387265981284003e+01
6.198073451877697693e+01
6.195741914914790271e+01
6.192305356361877955e+01
6.192921758477802996e+01
6.187050768131663148e+01
6.185964201051145750e+01
6.179115428375516217e+01
6.175249172650969598e+01
6.179522294013846562e+01
6.176879880856697724e+01
6.179070353481964872e+01
6.176497955952805796e+01
6.182360336578569360e+01
6.181770224767166866e+01
6.184396307788293257e+01
6.183445858225835678e+01
6.179602755337241859e+01
6.176501773334254608e+01
6.172635116652175924e+01
6.163100234030707725e+01
6.158537639059772317e+01
6.152873972006821646e+01
6.147854096116982703e+01
6.148624692705780603e+01
6.145537463777051812e+01
6.146578663756648098e+01
6.148135383518607711e+01
6.141794703416686474e+01
6.141580281900800742e+01
6.138940970884303283e+01
6.138190079224481366e+01
6.135453285304113535e+01
6.133289207454509295e+01
6.137043352875711832e+01
6.138270784963736304e+01
6.139421337318991334e+01
6.143502084484750725e+01
6.142977961966462885e+01
6.138226533028464615e+01
6.137535809315424018e+01
6.138080964947139506e+01
6.136954386800940142e+01
6.133439708109477806e+01
6.136821573089023474e+01
6.133348410067057443e+01
6.132043571781856173e+01
6.129036929088153585e+01
6.133262945523405563e+01
6.130381080370975866e+01
6.124932625116164786e+01
6.120159173256664076e+01
6.114808513465661832e+01
6.111018847120435993e+01
6.109397937788217092e+01
6.108866834177401017e+01
6.107472419757200299e+01
6.108911651002573961e+01
6.108100197050672620e+01
6.102483503389250075e+01
6.098785574072524440e+01
6.090943056160973867e+01
6.084211623538817548e+01
6.077426659458160429e+01
6.070770921232127648e+01
6.060601277331557668e+01
6.054606777367821735e+01
6.050040229624374888e+01
6.045392007763467745e+01
6.043231673566894102e+01
6.040111853464170366e+01
6.028853580226902409e+01
6.021586297174839331e+01
6.017725715644620976e+01
6.012339778757016973e+01
6.010192762937936806e+01
6.010176013857358868e+01
6.006659855671995274e+01
6.002134561731324425e+01
5.999166672422220614e+01
6.002159289318412050e+01
5.997289895145210181e+01
5.997723600187224946e+01
5.995904500569888285e+01
5.991127626956173913e+01
5.984388192426776243e+01
5.980204295798142056e+01
5.974097127409518748e+01
5.973761172350974391e+01
5.971731328722690080e+01
5.969010416774631267e+01
5.969579074211553404e+01
5.968407602316052873e+01
5.965806403756806020e+01
5.966872930299499700e+01
5.957928713498351669e+01
5.955963659276348210e+01
5.946364098403706322e+01
5.938472695234136722e+01
5.927994984817122059e+01
5.918221414160167626e+01
5.914148340736517184e+01
5.908304485029283626e+01
5.910670427318767395e+01
5.915108972442497048e+01
5.911960351677537062e+01
5.918175681779074893e+01
5.920061601649242533e+01
5.923847777222619726e+01
5.925182110244220723e+01
5.933099072937066154e+01
5.939268944700163644e+01
5.941379118495184741e+01
5.948254672323000847e+01
5.949266356811941137e+01
5.956100778938575502e+01
5.963008779369021539e+01
5.968604554827952313e+01
5.970177856053636134e+01
5.967596383495823886e+01
5.967567077763534655e+01
5.967711179290981960e+01
5.974840234107254844e+01
5.971816753917747889e+01
5.968256475456867349e+01
5.968557785741396060e+01
5.965168874860574277e+01
5.969857223075482011e+01
5.969908308458310131e+01
5.964818661055532800e+01
5.963048164552214558e+01
5.958505924135075560e+01
5.952795901135283430e+01
5.949044037187691458e+01
5.945615452057617034e+01
5.939663213099036909e+01
5.933187574350149873e+01
5.936328880934370034e+01
5.940040614343887881e+01
5.942981875630673017e+01
5.936046557643900456e+01
5.934256705672652288e+01
5.926681508266793941e+01
5.916097917667328687e+01
5.911754177878294314e+01
5.906383319931043019e+01
5.905144046446207540e+01
5.900453111886010049e+01
5.893319831160037836e+01
5.887332286930558922e+01
5.887794203455982256e+01
5.884508509508302154e+01
5.873492708274466167e+01
5.864120300803597985e+01
5.855539449645726080e+01
5.848494542255489392e+01
5.847160008885712301e+01
5.847119743780798728e+01
5.842692933117133691e+01
5.837508965890543777e+01
5.829767619642526455e+01
5.822912753717779566e+01
5.823809161944223689e+01
5.823935709240467418e+01
5.820766970886697322e+01
5.823623079706003836e+01
5.821376865457272487e+01
5.821200833967375843e+01
5.823146218023713061e+01
5.817127067944790753e+01
5.810857773798429804e+01
5.811693107425045923e+01
5.809831933712347052e+01
5.803274587857563205e+01
5.795520759492983842e+01
5.789080997106064785e+01
5.784274307699303108e+01
5.775797741014955022e+01
5.771632411472830881e+01
5.769904154587980827e+01
5.756734550925742866e+01
5.751113617952172774e+01
5.746816304728898217e+01
5.741329784312751627e+01
5.741655552640277449e+01
5.737281369035811451e+01
5.734179332986458633e+01
5.727155280507969337e+01
5.717812938707346859e+01
5.714014507483278749e+01
5.714262948243634099e+01
5.716231125261439416e+01
5.707686320046228445e+01
5.701586312330019268e+01
5.698959166006274302e+01
5.693034088615983279e+01
5.691830269386885277e+01
5.687826343969371834e+01
5.694241254578857792e+01
5.686910903606075607e+01
5.686374790488800812e+01
5.686458591029527554e+01
5.684750230109799674e+01
5.683801891917248383e+01
5.685457499565474393e+01
5.685768644625677126e+01
5.683071448223909528e+01
5.682851439948369432e+01
5.682706165076501748e+01
5.681521408725216560e+01
5.679061228579886489e+01
5.678719186699877497e+01
5.676438164992903523e+01
5.674320432556638849e+01
5.672817149905834100e+01
5.668409989941061866e+01
5.663323296645103255e+01
5.664110303504586597e+01
5.654839921411799963e+01
5.654707190114292814e+01
5.648491352892209960e+01
5.648573399319979416e+01
5.646420238371044320e+01
5.641008489023814576e+01
5.633548704046206268e+01
5.628153300551146287e+01
5.626817665639029542e+01
5.624573731077376237e+01
5.622675830600186941e+01
5.618512063338068430e+01
5.609361636361457926e+01
5.596133631487617777e+01
5.590867166223031148e+01
5.583345462397708303e+01
5.575759308368046163e+01
5.573366371362175187e+01
5.562327121549183317e+01
5.557864396435729049e+01
5.547191370039953284e+01
5.542720288845910659e+01
5.541201033869571546e+01
5.534565964696286500e+01
5.531204720343147585e+01
5.530902862550184551e+01
5.527728118739047147e+01
5.519388321093580174e+01
5.515689020373123697e+01
5.512727599976226145e+01
5.504764164951259886e+01
5.502920638413630883e+01
5.497056690901325737e+01
5.492795725743316382e+01
5.493107151786703923e+01
5.488746181902737931e+01
5.481039093375458293e+01
5.472900432414445504e+01
5.468907447880069839e+01
5.462747570621495896e+01
5.459471517665609497e+01
5.460539461097243219e+01
5.456563852956655580e+01
5.447865314803216563e+01
5.444980069432460823e+01
5.439347279550025149e+01
5.446114751590229730e+01
5.449424235693464169e+01
5.450108537629883187e+01
5.445608547126885668e+01
5.448657373462699383e+01
5.447672287794482315e+01
5.455979284674561569e+01
5.453992981328292444e+01
5.448822922141958003e+01
5.445673275871521923e+01
5.441786932637634067e+01
5.446461122640987895e+01
5.442743471172786940e+01
5.440834588604463562e+01
5.440702481805598723e+01
5.435626491120371639e+01
5.439063504464231613e+01
5.443572691273763553e+01
5.445795412306535610e+01
5.440408551806080339e+01
5.442526238212717260e+01
5.445290384826797947e+01
5.449928362638416957e+01
5.444659072817361789e+01
5.449839297585506159e+01
5.446359154795970170e+01
5.447579787913559102e+01
5.445342598366105591e+01
5.445088655922047849e+01
5.444766206763770811e+01
5.443842958911201180e+01
5.443245713913102435e+01
5.449082779218556993e+01
5.450383874015489027e+01
5.451583674559250170e+01
5.451747395763428727e+01
5.447921798096030699e+01
5.446109278235435625e+01
5.445950166971611139e+01
5.446869954081194010e+01
5.446135248293720821e+01
5.443930977618017408e+01
5.444024073958276944e+01
5.443519922417252843e+01
5.447033431010206783e+01
5.452105725155644222e+01
5.450660189452830906e+01
5.451622380348634778e+01
5.449503508975028865e+01
5.446763857101085193e+01
5.448580491546941573e+01
5.447361557733485427e+01
5.453326307497606962e+01
5.448861663754862406e+01
5.445859586749326553e+01
5.447979801253523391e+01
5.448092152740517236e+01
5.446134821185785313e+01
5.445228557605011588e+01
5.443892326727385012e+01
5.446123216206825646e+01
5.447660435781052257e+01
5.443711209932501305e+01
5.442564707964821480e+01
5.444040784336610983e+01
5.439887625496920975e+01
5.440993020017834425e+01
5.438792982713918889e+01
5.440595356086043211e+01
5.443706108407197775e+01
5.439629061689630163e+01
5.440440466814273179e+01
5.435989433219452138e+01
5.439997189697479030e+01
5.440453099456066610e+01
5.440791130105459672e+01
5.437843474467354099e+01
5.434445775125457345e+01
5.430633509529698699e+01
5.434429001897827760e+01
5.432446086481620284e+01
5.438284104289405008e+01
5.443605438346533987e+01
5.445353897870116811e+01
5.447511388958841394e+01
5.451837993063961108e+01
5.456448649438768683e+01
5.459937784976327890e+01
5.459673117227590211e+01
5.451801425540618595e+01
5.455802100535068178e+01
5.451738379026661363e+01
5.451646585425844904e+01
5.449347517711908750e+01
5.448754845647345491e+01
5.449002970053723516e+01
5.449330882675151599e+01
5.450458715871192084e+01
5.449296028649025203e+01
5.445053434890760258e+01
5.445833679321485477e+01
5.447272948670842396e+01
5.444174538957189213e+01
5.441519002973356578e+01
5.441154379027637589e+01
5.434911291983565462e+01
5.435163984183996888e+01
5.436182533984390375e+01
5.434093259229206296e+01
5.440521372344194617e+01
5.440478798398889637e+01
5.440794872639548174e+01
5.443945482107348965e+01
5.442026077059065159e+01
5.441865376857155923e+01
5.442135142590473151e+01
5.438989379607164665e+01
5.442644946730380440e+01
5.439620312093958887e+01
5.440324115505524105e+01
5.430918540692017160e+01
5.426574733055430499e+01
5.424129248823631855e+01
5.415708898223806500e+01
5.413722901966860945e+01
5.409887226859988374e+01
5.398790100964214389e+01
5.398135525544637403e+01
5.391204372515990428e+01
5.392839084684680273e+01
5.388204611472451688e+01
5.384457324194709571e+01
5.385788418589680049e+01
5.382604027406900116e+01
5.383644053600114177e+01
5.377893230322123941e+01
5.375636830632209495e+01
5.370719303981097426e+01
5.367504867630214704e+01
5.364934431553986371e+01
5.361317777080061120e+01
5.354863469966395684e+01
5.351180126851504326e+01
5.351948408953273884e+01
5.347448661699806394e+01
5.345987761067197397e+01
5.341401943298036059e+01
5.338690199568356576e+01
5.337654423857301822e+01
5.335188941154516584e+01
5.333698141806326021e+01
5.336172562878874004e+01
5.330378711779178502e+01
5.326838979588330147e+01
5.329042272408595693e+01
5.327080226579975886e+01
5.326229673863203828e+01
5.321448032008646578e+01
5.312029956405639552e+01
5.307249891220101290e+01
5.307111097626101071e+01
5.299078570575653657e+01
5.300841336145180094e+01
5.298946595599844045e+01
5.293064443990133583e+01
5.289484274335872982e+01
5.287175515955637195e+01
5.291775656992450649e+01
5.291249685289762539e+01
5.297026355910306705e+01
5.302616755212076072e+01
5.304199949179869122e+01
5.300851381410172536e+01
5.301598930796998133e+01
5.303613684929168670e+01
5.306391126302957417e+01
5.305371571302408285e+01
5.307505881348085097e+01
5.307660154724418078e+01
5.305868927894351827e+01
5.306662280204857041e+01
5.304799705352431261e+01
5.302446206180208321e+01
5.303922822806108428e+01
5.302093395086694727e+01
5.301335526976514956e+01
5.303784009789280418e+01
5.305085884191805690e+01
5.305764592495956578e+01
5.301523417367157265e+01
5.300265401439163071e+01
5.303713340013890587e+01
5.311066100336964979e+01
5.311816705045180953e+01
5.314607044637077138e+01
5.309531902586618912e+01
5.306918742954616874e+01
5.305362146968026593e+01
5.303325411714354942e+01
5.305928596323382607e+01
5.304433481031571063e+01
5.306371130429309346e+01
5.303018004171544675e+01
5.304724809959214582e+01
5.302257985435086596e+01
5.307454967377039878e+01
5.307186474350159955e+01
5.308258974465466906e+01
5.310027677991054418e+01
5.307519820969931601e+01
5.302457271606940026e+01
5.303206458421071545e+01
5.299146234915079390e+01
5.299081466927862749e+01
5.300714057440443128e+01
5.293319347464066738e+01
5.294136442190445280e+01
5.290288318096924058e+01
5.296388478773025810e+01
5.299914594365030496e+01
5.295960634300809744e+01
5.293346133093739070e+01
5.290499465843964799e+01
5.289782442267707552e+01
5.291451178727649562e+01
5.291381445701497199e+01
5.294371083002982203e+01
5.289077607144607640e+01
5.289980390018112644e+01
5.292857607254986618e+01
5.289512562096605564e+01
5.293038150372110806e+01
5.293088450961461433e+01
5.290992389492002701e+01
5.281330072969624467e+01
5.274533680803261149e+01
5.275342469050400496e+01
5.270917688391796929e+01
5.266110816221188884e+01
5.258489749769573507e+01
5.250089199970045684e+01
5.248360514780041086e+01
5.246257666365151806e+01
5.248317772941389592e+01
5.244298162904480876e+01
5.246955748093906635e+01
5.244864008612218953e+01
5.246083829982693914e+01
5.244412747974372024e+01
5.246253407899443033e+01
5.247411637855707767e+01
5.245097426826443154e+01
5.245294459236387752e+01
5.248193384578305398e+01
5.247881747185957835e+01
5.242746666550816315e+01
5.238806644183232208e+01
5.236320336679568754e+01
5.240004660316832741e+01
5.235084572606235298e+01
5.235954056391236122e+01
5.229280486005689710e+01
5.230462571141102757e+01
5.225456181191364635e+01
5.220927017560320849e+01
5.218165857960120491e+01
5.215633892962457452e+01
5.213776242207060818e+01
5.213654704765684755e+01
5.216522579328817244e+01
5.217985824895879432e+01
5.220049767990184364e+01
5.215949748358148952e+01
5.214342694696409097e+01
5.219707999479640392e+01
5.220796932840976012e+01
5.217341868320378495e+01
5.215128726676297788e+01
5.215462131407943502e+01
5.219903689212271303e+01
5.216664380994416916e+01
5.214103145110997417e+01
5.206175631423663219e+01
5.207266652766286796e+01
5.207290102016286681e+01
5.204813514903991489e+01
5.207309946243131549e+01
5.198895477130261611e+01
5.190693399320825563e+01
5.191029947654811139e+01
5.187787686734316139e+01
5.186250111191618117e+01
5.185066553614252172e+01
5.180239779703767766e+01
5.175836762341643293e+01
5.170563801512616209e+01
5.165661431997923358e+01
5.160570415797212718e+01
5.157253505403475913e+01
5.148420715390110303e+01
5.145538945664654307e+01
5.137867671123269986e+01
5.137753609594930282e+01
5.129711078260550039e+01
5.128822422391365876e+01
5.129569628387156399e+01
5.129264466075178319e+01
5.128876084752121756e+01
5.125535415774356807e+01
5.120978049224206075e+01
5.116716448604189083e+01
5.111863698038721537e+01
5.114589273699456129e+01
5.109894331793212530e+01
5.105532846135997715e+01
5.107161246482663586e+01
5.104210688690543662e+01
5.103233013815420094e+01
5.096049775916694813e+01
5.093311316611788442e+01
5.093981129703401223e+01
5.094170445263252844e+01
5.089510398892734599e+01
5.088201640437522144e+01
5.086691903459488628e+01
5.087040224782295184e+01
5.083700139164736242e+01
5.081213607222503015e+01
5.074194166380817705e+01
5.073300340101304329e+01
5.076094892838454342e+01
5.080096914189331159e+01
5.084512283118080234e+01
5.088677319761767848e+01
5.083449167570746852e+01
5.085259482301839995e+01
5.087359765446617388e+01
5.084061357207236398e+01
5.083459849336345115e+01
5.082803356044572496e+01
5.080634257843643553e+01
5.083880754175672934e+01
5.085444432680933602e+01
5.078741217983323253e+01
5.079690475715161568e+01
5.080928226132395054e+01
5.084039203853277655e+01
5.086261395219043635e+01
5.081226353375373606e+01
5.086725448842142328e+01
5.085498084031969768e+01
5.081679458378996372e+01
5.081858173848023341e+01
5.085494026908953913e+01
5.085060341498468262e+01
5.087405947471530965e+01
5.088444038755643106e+01
5.089932539243343257e+01
5.087163994587483273e+01
5.089612973279695041e+01
5.089815853888129737e+01
5.085170570972529447e+01
5.092336170385728877e+01
5.088221238961978088e+01
5.083920575051210733e+01
5.078915693091791894e+01
5.075228832377404586e+01
5.072347908652422177e+01
5.070340775450319626e+01
5.072078483748489930e+01
5.073999861475518003e+01
5.072505582330533969e+01
5.069102778178844915e+01
5.063858621203627308e+01
5.061164773787764659e+01
5.063814762930669389e+01
5.064878716345170773e+01
5.062741750662313223e+01
5.062598059176846732e+01
5.065353160990775194e+01
5.060684211501342844e+01
5.061646355131416897e+01
5.063456481117767538e+01
5.061361737777112779e+01
5.064253800958217511e+01
5.066604147706724603e+01
5.068770397456987098e+01
5.072230897664216087e+01
5.070530401263239639e+01
5.065555939856545109e+01
5.063977430985339367e+01
5.058523335819290168e+01
5.056979015971374025e+01
5.051795722944857658e+01
5.046985316118755094e+01
5.044130198243298224e+01
5.039369377128634397e+01
5.038877312055577562e+01
5.036572853719815157e+01
5.033454427853951785e+01
5.034112954929921102e+01
5.031349769787532722e+01
5.032447821400641885e+01
5.032418569236828176e+01
5.030793973694903087e+01
5.027436267112001644e+01
5.025145853792124484e+01
5.028553479003930704e+01
5.029314644868544093e+01
5.032956671438177665e+01
5.032997039486141233e+01
5.029241186488616222e+01
5.024219765992194198e+01
5.023849538030572148e+01
5.017733710188687013e+01
5.012934895512070455e+01
5.006070813521775875e+01
4.997014198324665557e+01
4.991539292529633798e+01
4.985599930182991102e+01
4.982526029974399506e+01
4.976526920264498699e+01
4.970401465671527319e+01
4.966629367617962743e+01
4.960332563198694800e+01
4.953526466108144888e+01
4.949526739963435773e+01
4.943147929017448661e+01
4.939474714321401905e+01
4.931978154442810336e+01
4.930831524237807173e+01
4.931124017790248359e+01
4.928526915125946317e+01
4.926047166113913534e+01
4.925412062416742742e+01
4.926322786277346211e+01
4.933352280846784765e+01
4.936764268469428174e+01
4.937203726801166681e+01
4.934631799852010658e+01
4.930481156760909300e+01
4.929422061586962656e+01
4.935871316845302914e+01
4.939524368479395378e+01
4.940873805177753297e+01
4.945453410229059443e+01
4.936837739574089312e+01
4.941061822770277701e+01
4.943579470051646041e+01
4.948851503742039171e+01
4.952134272160760986e+01
4.949796719352408303e+01
4.943403048648563924e+01
4.946560790685836650e+01
4.945112043522512835e+01
4.945526413877085758e+01
4.941968376801440144e+01
4.945488460995393609e+01
4.949455945468056939e+01
4.955301984225567224e+01
4.956511159039989423e+01
4.959772059535360000e+01
4.962528450097041599e+01
4.962966599517995547e+01
4.963593961729420556e+01
4.956303737912168117e+01
4.947588224790155920e+01
4.946279914889577611e+01
4.944945023146665619e+01
4.942788264159473499e+01
4.937141324978726686e+01
4.937774228631607798e+01
4.936987825964929044e+01
4.932511863676859321e+01
4.936723036736205472e+01
4.933761367868925873e+01
4.929083637515138605e+01
4.925803403089097543e+01
4.916324297175472680e+01
4.912865553662309281e+01
4.911692314952328786e+01
4.912263439359092843e+01
4.905525072189530533e+01
4.904307312480163006e+01
4.902843306093917874e+01
4.903962700401635999e+01
4.908218074775352591e+01
4.908977721154432317e+01
4.906504131196874852e+01
4.904713934046001356e+01
4.904606408765288705e+01
4.899869535727915348e+01
4.904947051465769903e+01
4.902008644602609166e+01
4.902826168249723082e+01
4.899796889204207417e+01
4.900429343286916861e+01
4.896396966922524996e+01
4.893962212684842683e+01
4.893959796923873284e+01
4.892996375371645001e+01
4.890917807226144021e+01
4.888352450651347425e+01
4.886769721998960136e+01
4.887516041571210224e+01
4.885601147415425771e+01
4.893612405336961046e+01
4.894329244495265385e+01
4.900411025826544886e+01
4.902791611917479031e+01
4.901241062074994659e+01
4.896232050030658201e+01
4.892072228440344617e+01
4.896038518343215884e+01
4.899347448518476256e+01
4.902615531836045193e+01
4.895922779593710317e+01
4.893412351377339320e+01
4.888575342958642267e+01
4.887603789446227864e+01
4.890414361960674228e+01
4.887209030550395283e+01
4.885764681477226645e+01
4.883771439967043193e+01
4.880813883720431079e+01
4.888313162683065372e+01
4.884128380141551418e+01
4.889929551444657108e+01
4.890546429319937261e+01
4.890015275670768347e+01
4.883678481174803210e+01
4.884882534902566675e+01
4.888767531660816701e+01
4.890506595101782494e+01
4.882687882811111280e+01
4.881369204306050591e+01
4.876788452430328391e+01
4.878280711738244690e+01
4.881458110673541739e+01
4.875938780615990709e+01
4.874840813491633185e+01
4.875714883517816389e+01
4.874489927281975099e+01
4.876548467583558732e+01
4.879570500913077780e+01
4.878310240638661810e+01
4.879384345277816948e+01
4.878880009270550033e+01
4.873321324786135733e+01
4.878800867908367422e+01
4.879919748987812511e+01
4.876829747524019609e+01
4.871479491650190141e+01
4.873313705738870283e+01
4.866966440077796818e+01
4.862647324356344569e+01
4.858685223981746049e+01
4.848433887575524892e+01
4.844035440226249989e+01
4.833997961209006178e+01
4.828866230514432090e+01
4.828389515574811242e+01
4.823265108473016483e+01
4.820729578353763856e+01
4.815345316318131097e+01
4.808061722142870309e+01
4.801918236814487528e+01
4.801328584802718780e+01
4.798837163275480577e+01
4.796138986247102309e+01
4.789424550792201529e+01
4.782789116138727792e+01
4.785229805331866970e+01
4.778543740235203074e+01
4.775064252490799532e+01
4.770600158960039039e+01
4.770176918421499579e+01
4.767325193176247922e+01
4.756543211087532796e+01
4.752856368908123841e+01
4.747788885183712182e+01
4.747236007602694485e+01
4.750557425125953870e+01
4.746153125576130094e+01
4.743270341858374195e+01
4.739576340121754328e+01
4.740206974292023290e+01
4.740801424441386303e+01
4.744596038906971813e+01
4.746088937907117611e+01
4.741789495788863462e+01
4.745665806237705198e+01
4.745774246726828949e+01
4.744028065451328757e+01
4.742925332413815909e+01
4.740347749894919360e+01
4.740066047808291927e+01
4.740204941296520502e+01
4.738267884192240587e+01
4.737317816046046204e+01
4.733495374845043102e+01
4.730299739848782536e+01
4.730186692588785036e+01
4.729760192391703555e+01
4.724010916013970984e+01
4.729223986152469905e+01
4.726249075299492830e+01
4.731184717214223667e+01
4.728008936449795385e+01
4.728823702189454536e+01
4.733761520463615113e+01
4.736645895701055053e+01
4.738783047168356433e+01
4.733686452070052297e+01
4.738043956282906777e+01
4.741769169658174121e+01
4.738209972675817738e+01
4.733120246765621886e+01
4.728616559893066551e+01
4.731458674171325640e+01
4.730704322112551807e+01
4.732160985392123820e+01
4.728988543446418191e+01
4.727230804167960088e+01
4.725012279313041574e+01
4.724243283352183909e+01
4.722164622220542896e+01
4.716734928406902583e+01
4.706155554913225814e+01
4.701512165992028258e+01
4.699715164665071399e+01
4.703642964460090070e+01
4.702949222890345027e+01
4.698541448081773808e+01
4.697453967566572430e+01
4.695106941609999751e+01
4.690201325817157851e+01
4.688195772453997279e+01
4.684688077353518310e+01
4.684672001151964338e+01
4.677631437735399800e+01
4.678706244115840462e+01
4.681545735775946326e+01
4.677389396681439848e+01
4.676107087155224207e+01
4.670782519445861425e+01
4.669740985660056509e+01
4.666885676475674671e+01
4.664737143178838608e+01
4.662325939420491494e+01
4.660509866239625154e+01
4.659637534631670519e+01
4.658867656229026721e+01
4.659163358829591317e+01
4.662586518918219269e+01
4.664747545118004268e+01
4.660598038070009608e+01
4.658381685885623824e+01
4.658053758706053316e+01
4.657213730906482851e+01
4.659452186746715796e+01
4.661744868821748611e+01
4.666853938549345315e+01
4.666329955747337266e+01
4.666967574096445759e+01
4.669228255724781462e+01
4.673294739034962220e+01
4.674714434986122313e+01
4.677876284674680107e+01
4.674538663245157721e+01
4.672485752563937211e+01
4.676105488364190421e+01
4.677414960846490288e+01
4.673359649360693169e+01
4.673714931518272664e+01
4.672922181366477190e+01
4.673222463314230879e+01
4.677980950918301772e+01
4.678018941300674527e+01
4.675174069753225581e+01
4.676063727763452249e+01
4.679551194471159192e+01
4.683107469363132935e+01
4.680959714610868616e+01
4.682449796317913382e+01
4.679846316817097573e+01
4.682107800447528945e+01
4.681449872412922986e+01
4.685478725113044618e+01
4.684270693403388464e+01
4.685076026241690528e+01
4.686692542138408868e+01
4.687712562447917719e+01
4.688879518635668830e+01
4.688538040039555455e+01
4.692139369007042404e+01
4.688257319583568972e+01
4.688200152579817370e+01
4.689790302017831181e+01
4.691953113885725912e+01
4.696930378741531342e+01
4.692903455262659662e+01
4.688995506787509981e+01
4.692101711337500092e+01
4.688063338968331806e+01
4.692147463955483033e+01
4.687458924773083169e+01
4.681421449400370705e+01
4.680687175800319011e+01
4.675292126795231695e+01
4.677035947691819473e+01
4.675719035806380930e+01
4.675312752940597960e+01
4.670342183262959423e+01
4.668840835224173702e+01
4.660147939242324355e+01
4.660590038359898557e+01
4.662939464316871607e+01
4.659276160105185483e+01
4.659723550053124086e+01
4.657760926877489993e+01
4.655512660379079648e+01
4.655892556904456825e+01
4.654189034110265055e+01
4.653698560293136666e+01
4.652025380548111144e+01
4.648271604253803702e+01
4.647536592837966651e+01
4.648644566052523430e+01
4.647133051374672874e+01
4.640653249545620440e+01
4.635548449896301548e+01
4.634814096472906186e+01
4.630935381399751094e+01
4.633170078832062444e+01
4.634563158541368466e+01
4.633984636356155562e+01
4.630937324165428493e+01
4.637664238140865081e+01
4.647436639850127449e+01
4.649743953026568732e+01
4.653820453021307912e+01
4.647213118962801559e+01
4.653413558728875898e+01
4.657003755139776757e+01
4.665459741071645539e+01
4.670822587112996160e+01
4.669304348976815078e+01
4.669224298587252520e+01
4.673492999448146890e+01
4.674008802293999310e+01
4.676539431598624219e+01
4.681154016152127895e+01
4.678396755297134746e+01
4.673462466902357448e+01
4.672948152582858938e+01
4.674422640259952288e+01
4.677368953404686636e+01
4.673701705113341376e+01
4.675645120912377450e+01
4.673597214703023894e+01
4.673322255653150847e+01
4.674130886725514955e+01
4.674453487177081001e+01
4.673321057506514364e+01
4.672831193805116357e+01
4.670069789633331681e+01
4.671641504849779380e+01
4.670918129030728494e+01
4.672252005833587418e+01
4.674891512600520826e+01
4.677292642754837715e+01
4.680406746361054360e+01
4.674438657188490254e+01
4.676259466808802756e+01
4.669439649661705261e+01
4.673380696380925059e+01
4.675751481592236303e+01
4.674405512210413605e+01
4.669726165770134685e+01
4.669695005537545285e+01
4.665540276968694400e+01
4.663714729597720066e+01
4.658426489441794160e+01
4.658757107916026285e+01
4.654819350018910740e+01
4.652105876206863400e+01
4.649863513892754696e+01
4.645304951927308679e+01
4.639577378153944665e+01
4.643402177730045821e+01
4.640612451820229722e+01
4.636890682956929766e+01
4.634632727569901789e+01
4.631184383908655633e+01
4.631175109208658114e+01
4.632710965953319260e+01
4.635855771617259791e+01
4.630707650649296880e+01
4.628167094653259284e+01
4.624986040244458962e+01
4.626827857502560448e+01
4.628703362514475828e+01
4.629245131834987603e+01
4.625835815318368560e+01
4.625981255348767007e+01
4.628964152092652995e+01
4.627208935448288685e+01
4.627044403544169882e+01
4.621142658957072769e+01
4.621498934996721886e+01
4.620914056200689402e+01
4.622422910786311689e+01
4.622189239455044429e+01
4.622952742699307294e+01
4.622973058957104797e+01
4.619959224696848565e+01
4.620468471371436436e+01
4.620412037999867749e+01
4.620685281936980715e+01
4.618770034389326895e+01
4.615868418616004476e+01
4.611509682678455846e+01
4.608392049175004956e+01
4.611061920674952574e+01
4.614918225867958768e+01
4.619211994210564853e+01
4.621501648247460992e+01
4.623709119180145422e+01
4.623175505612096003e+01
4.619936502868422679e+01
4.615567800473908022e+01
4.612401138113478538e+01
4.615228138515592349e+01
4.611154857504668314e+01
4.608171551301645508e+01
4.600828251925568679e+01
4.598755006646121757e+01
4.595463892120330485e+01
4.595334587131335979e+01
4.592629323130272212e+01
4.589305521056988368e+01
4.587960670016973097e+01
4.586239299190672369e+01
4.589588876902469394e+01
4.594433076999185062e+01
4.595751714232524421e+01
4.592398997812837536e+01
4.589875090900846999e+01
4.581440669498129381e+01
4.582626197672189505e+01
4.582814927583368103e+01
4.585228699344170877e+01
4.575114396706106845e+01
4.569826331617506554e+01
4.566580023959534174e+01
4.562352018260796171e+01
4.566068391422147243e+01
4.565407265161756101e+01
4.567844871234621706e+01
4.563989647690184626e+01
4.562681269774154202e+01
4.560104369053480156e+01
4.564389224383142363e+01
4.558291417282430302e+01
4.558106391807639568e+01
4.554820129722417477e+01
4.554784387212682617e+01
4.556507676620427816e+01
4.556342221990623642e+01
4.558950878973506349e+01
4.554214629614672560e+01
4.552715749196018891e+01
4.553311356194502224e+01
4.550895054533617667e+01
4.545354965256056090e+01
4.543974976562787305e+01
4.539649920230740321e+01
4.537153415012956970e+01
4.535026761781197280e+01
4.534867218525664612e+01
4.530350412547065275e+01
4.532970995587665186e+01
4.530495774562488265e+01
4.533167314258018621e+01
4.536970832769706874e+01
4.536457184784826779e+01
4.537860054578171543e+01
4.536695263747668605e+01
4.533818710041835232e+01
4.532367164642410273e+01
4.532955504759637932e+01
4.530800064284751727e+01
4.534951079807326124e+01
4.529945332639113076e+01
4.532038716182477600e+01
4.528681108180611403e+01
4.526136831956020501e+01
4.529312031474060518e+01
4.532294911432967410e+01
4.535116366245192410e+01
4.534820403062725092e+01
4.533825654260787275e+01
4.528091368666971306e+01
4.527761685841681327e+01
4.535251853386659349e+01
4.535896737125899847e+01
4.531672973558280404e+01
4.529383719121840102e+01
4.522413085257151977e+01
4.523033979714502095e+01
4.526717313482563299e+01
4.527240289793969907e+01
4.527798430911510508e+01
4.524051472970030829e+01
4.524468205178135349e+01
4.523931420382365332e+01
4.524341518112785820e+01
4.522294880072890066e+01
4.519876916657817389e+01
4.523320713158107509e+01
4.520057795186774996e+01
4.523769151790843068e+01
4.524785296080398922e+01
4.531718760887775943e+01
4.530783907641616537e+01
4.533978776329753657e+01
4.537501953072061411e+01
4.534330919849757180e+01
4.539940945444726594e+01
4.548490508302154467e+01
4.555130641420505100e+01
4.556628693329226110e+01
4.559299004249596976e+01
4.562234955915727852e+01
4.562173382883339201e+01
4.559420452801138168e+01
4.561129503276163177e+01
4.562269853437521050e+01
4.559605967129736825e+01
4.556055198225786995e+01
4.557821482459942786e+01
4.551928957527165664e+01
4.553845555897319741e+01
4.560825184781701580e+01
4.563364884766308904e+01
4.562018636557397855e+01
4.560703933438917090e+01
4.560967802869767951e+01
4.562881790663948323e+01
4.570182210292068703e+01
4.571682457231814567e+01
4.567965691769450132e+01
4.559804145995760649e+01
4.559648297793453509e+01
4.558259052512950404e+01
4.560541869991209296e+01
4.561305156860384358e+01
4.558978505809798065e+01
4.556608369891677768e+01
4.555607405244754204e+01
4.552035315798718784e+01
4.546805848588578414e+01
4.549276805071373531e+01
4.551857158558681959e+01
4.546066294830320942e+01
4.542911177657011024e+01
4.539101761335859209e+01
4.537433168316749743e+01
4.535324452612636748e+01
4.533747708730571446e+01
4.526917796969689078e+01
4.522837902548529598e+01
4.520547887350814165e+01
4.523592740229323539e+01
4.519378429967888167e+01
4.516373226582585687e+01
4.510972283884902367e+01
4.503490344293660286e+01
4.504483339771864792e+01
4.501613223111587558e+01
4.500174189231203314e+01
4.494661150145491035e+01
4.492908006485713912e+01
4.489589778044221191e+01
4.493750559331735417e+01
4.494235952320655514e+01
4.492945036285748728e+01
4.485202091923755319e+01
4.483142118451056746e+01
4.480604967539132133e+01
4.482197722718862565e+01
4.480596910350549678e+01
4.478191613278355732e+01
4.474060291460740046e+01
4.472487702315627445e+01
4.475192360105285871e+01
4.472509406766871365e+01
4.466780471750695369e+01
4.463018906948818199e+01
4.459838202736531798e+01
4.461412947171861276e+01
4.463411593585965420e+01
4.465321442344600911e+01
4.458815824151191975e+01
4.456112084480513147e+01
4.456115628352755209e+01
4.465049171160437425e+01
4.468280945063416709e+01
4.466732460730886345e+01
4.468160350571726980e+01
4.466297418815991449e+01
4.470483281025967415e+01
4.469753329428423427e+01
4.478104373500037383e+01
4.474138308490313420e+01
4.471376423938993838e+01
4.471278480074652606e+01
4.477774488103607098e+01
4.479310627990922455e+01
4.478579989458125254e+01
4.474665722556245839e+01
4.470456236807397232e+01
4.472705631671961868e+01
4.474892720386119294e+01
4.479289136306521613e+01
4.468199038048359739e+01
4.462361464915400688e+01
4.458349891980750357e+01
4.458967803032821564e+01
4.462090990925943856e+01
4.461854369924510166e+01
4.456030395791514565e+01
4.456159162418931174e+01
4.450631031176578034e+01
4.452215822932866729e+01
4.453126983524783356e+01
4.452551046549238833e+01
4.452178594236496423e+01
4.444674384325531236e+01
4.446440777608178507e+01
4.449211963556793137e+01
4.448883121883530833e+01
4.446835865694494316e+01
4.443126335340766531e+01
4.439975502011484565e+01
4.438818284621772392e+01
4.437044503154323394e+01
4.435686475403119999e+01
4.431875136306855723e+01
4.431935434686598541e+01
4.431958051617996119e+01
4.425259774971380011e+01
4.421339221618060122e+01
4.421198904960855458e+01
4.420247981428708783e+01
4.425156815141289712e+01
4.428065266426190050e+01
4.424908836321667138e+01
4.426506329568695719e+01
4.424883512441680722e+01
4.428007942534197383e+01
4.429420199722262907e+01
4.424582400185413888e+01
4.421959688465896932e+01
4.430040159678228662e+01
4.429430366631972049e+01
4.431690862184310475e+01
4.430185551499845786e+01
4.429700357236573893e+01
4.426163716503646839e+01
4.425297747999397302e+01
4.422168050815671592e+01
4.415973012442663759e+01
4.411117711789872686e+01
4.411313111683762855e+01
4.418116408501093417e+01
4.416500495540038429e+01
4.412803578987614372e+01
4.408130901719222550e+01
4.403147796640045897e+01
4.402582579969504906e+01
4.401162492677184446e+01
4.400646238812834099e+01
4.398973632077879614e+01
4.399170414082758640e+01
4.397712696085557127e+01
4.397625243805722306e+01
4.400065659667581741e+01
4.403983901102854048e+01
4.399995040556532899e+01
4.399899954423296577e+01
4.399294646969202205e+01
4.395004136315069587e+01
4.399236086209683094e+01
4.399967025556576772e+01
4.408873988789370912e+01
4.406575086198918711e+01
4.403401251466522837e+01
4.403375710903100781e+01
4.409262221354031652e+01
4.415214671504639909e+01
4.416338459855153076e+01
4.414135447316807870e+01
4.415562006283146701e+01
4.418471363959662312e+01
4.422412774747139252e+01
4.426108920263261126e+01
4.425367063990265848e+01
4.423131407962712558e+01
4.420878415382594540e+01
4.420584377521227282e+01
4.424920502298616043e+01
4.427578713886258299e+01
4.427177138462046457e+01
4.421484899115604605e+01
4.422141903338696522e+01
4.426488867539449501e+01
4.435611657770801486e+01
4.435532395116551641e+01
4.436033662460881999e+01
4.431229117940259954e+01
4.429947604069698741e+01
4.433304906006091528e+01
4.436917803193976084e+01
4.435512205646403316e+01
4.429665639626352203e+01
4.423630824590346577e+01
4.427048918519733434e+01
4.426090457587784499e+01
4.422530965761418997e+01
4.420882807878857790e+01
4.413273331817291734e+01
4.418665712734556195e+01
4.416423349115031272e+01
4.412139321041036766e+01
4.407309154781585647e+01
4.402084426535657258e+01
4.401677626326179649e+01
4.403182855994683109e+01
4.401628855885385150e+01
4.395655901097457274e+01
4.391706044431137457e+01
4.389289594183576781e+01
4.387034343907078693e+01
4.383262661315395547e+01
4.383452802773293655e+01
4.384666721954670976e+01
4.381918408827755229e+01
4.378449660110791086e+01
4.379268029158905762e+01
4.384722931958191339e+01
4.385342805215278617e+01
4.386599349656361824e+01
4.380719151531788924e+01
4.382819007031170599e+01
4.382037759497141138e+01
4.382576887195750714e+01
4.382548843325911747e+01
4.382971645142404071e+01
4.384445400035924933e+01
4.384663962674976290e+01
4.385965183113656707e+01
4.387686136872367371e+01
4.389876925894061799e+01
4.387088148452682645e+01
4.393126261820862055e+01
4.393065905057750342e+01
4.397739593866462826e+01
4.398359725223606631e+01
4.397520233262768841e+01
4.395810277986143433e+01
4.400907414772440518e+01
4.404213027086680654e+01
4.410315569140514214e+01
4.411416545177620208e+01
4.413713761769589894e+01
4.414210213548020789e+01
4.410622394329136142e+01
4.420174154323301252e+01
4.420088870025875849e+01
4.418782246342583164e+01
4.418557172671305722e+01
4.423340356871548096e+01
4.423564045686934065e+01
4.422733017332709693e+01
4.421870845538076367e+01
4.409822373636045256e+01
4.409271074551433856e+01
4.410383146905481055e+01
4.411246241195268425e+01
4.415028701550166801e+01
4.411679979837379761e+01
4.406632488406636128e+01
4.403237480966711814e+01
4.401929793190442552e+01
4.409050218034951740e+01
4.411102294052620465e+01
4.413269038917367482e+01
4.416347752632881907e+01
4.416560490131965366e+01
4.420280031802556664e+01
4.421436406180817613e+01
4.427550355195573673e+01
4.426310759035892062e+01
4.430956975299753253e+01
4.434311428169385039e+01
4.440428093159258793e+01
4.438559026388103490e+01
4.444217619334422409e+01
4.445959964163462530e+01
4.455817976153902293e+01
4.459290337497201762e+01
4.462399863206083950e+01
4.469188873017151309e+01
4.472997493351435594e+01
4.475159430560594132e+01
4.482189278668441546e+01
4.479508459945945020e+01
4.479968759294486347e+01
4.475924287483798025e+01
4.476336068669822055e+01
4.475749692398322566e+01
4.476578602855197175e+01
4.472887514813152166e+01
4.472706915445120757e+01
4.478015123184024304e+01
4.486163766713625733e+01
4.487693717976419805e+01
4.486660999241485115e+01
4.483982438685377758e+01
4.482290838571623226e+01
4.484792864680052560e+01
4.483694133614336863e+01
4.483628302508067520e+01
4.476782977080040382e+01
4.473212119136833564e+01
4.470650873993067620e+01
4.473622127439036689e+01
4.471886598188286399e+01
4.469591928847833628e+01
4.462953881834626912e+01
4.459999863342179083e+01
4.462068114909128980e+01
4.462820642953163031e+01
4.465739302334918648e+01
4.463016858533796238e+01
4.460666381296597649e+01
4.452502227107483179e+01
4.452277993015778890e+01
4.448190904819595204e+01
4.449652380428332066e+01
4.447056836479280406e+01
4.441137990100076394e+01
4.443558629097422141e+01
4.445420902664037044e+01
4.447044936775941437e+01
4.443955094311779419e+01
4.436985414501351954e+01
4.433988130680306483e+01
4.433122045227138130e+01
4.434105110464407318e+01
4.431205599272484363e+01
4.428778858578075273e+01
4.424608674606469805e+01
4.419312862330843217e+01
4.424182584220444880e+01
4.426416649139703452e+01
4.422812642931309313e+01
4.417188195188676758e+01
4.417350421641588554e+01
4.411192651036230927e+01
4.410330296192135791e+01
4.401307346204312410e+01
4.402705268237303926e+01
4.401142768988466258e+01
4.402298705843894311e+01
4.397174541517079405e+01
4.397177458678262241e+01
4.397815794448110438e+01
4.395979947965613377e+01
4.396703081720156803e+01
4.390848433092227054e+01
4.387721681261662354e+01
4.382910337300984338e+01
4.382783527689002057e+01
4.382297675811636140e+01
4.377305330412023210e+01
4.376216620258649925e+01
4.371382309800070232e+01
4.361036372297080987e+01
4.356650933447420471e+01
4.349765522097942494e+01
4.342103679063106370e+01
4.339351393443622840e+01
4.331420280517872357e+01
4.326250220565758298e+01
4.324172386440243798e+01
4.314802604872211589e+01
4.307814770751472366e+01
4.298967182748190652e+01
4.296724984256851343e+01
4.297742167055678664e+01
4.301236319379435002e+01
4.294445582606493872e+01
4.293156435708227292e+01
4.291443189739035091e+01
4.298200715684592410e+01
4.295494902382529290e+01
4.295357975140736784e+01
4.291090037056275008e+01
4.291699608446731418e+01
4.290379932805603858e+01
4.286689577521388372e+01
4.285562356911987081e+01
4.280198648974860021e+01
4.278842830343282344e+01
4.284551511628320952e+01
4.285344217958676438e+01
4.282223507619881531e+01
4.280111554429153387e+01
4.280680641063646164e+01
4.285134258607078550e+01
4.285284086004963910e+01
4.287453368247305008e+01
4.286909970318794905e+01
4.281801708800249884e+01
4.280728387120045397e+01
4.285052677370365615e+01
4.287641291970279411e+01
4.290050657541279833e+01
4.287962300635368962e+01
4.285616667605017227e+01
4.294019273816803661e+01
4.298615284646400170e+01
4.298538916359075301e+01
4.301668730067986246e+01
4.302447723558878323e+01
4.301570232935742411e+01
4.308019843572743923e+01
4.318068010754211627e+01
4.317967907072728906e+01
4.312867983568757779e+01
4.314029656808180846e+01
4.313363514975023350e+01
4.319591507651568207e+01
4.323158925359729921e+01
4.322996784245668067e+01
4.319134718031245512e+01
4.316308904139965819e+01
4.317445697421056394e+01
4.321989776486125123e+01
4.324160064143230642e+01
4.318074113432503225e+01
4.314107848836438563e+01
4.310487965550912293e+01
4.312656581718634641e+01
4.312000661016178782e+01
4.307664049441447673e+01
4.300951180984100120e+01
4.300506494858918671e+01
4.301599063053677696e+01
4.306185801713120753e+01
4.305474952183737258e+01
4.305278052020106117e+01
4.299970487779611972e+01
4.300453738724828412e+01
4.306971241834884978e+01
4.307463201222417837e+01
4.305236077081574564e+01
4.303537366244243145e+01
4.308195443447784356e+01
4.310181430359279631e+01
4.313777695105116550e+01
4.307229363295174096e+01
4.307218296277258673e+01
4.310750674902458002e+01
4.317234019962290148e+01
4.320390619008440325e+01
4.317689808209480162e+01
4.312800894285621212e+01
4.315021984263741217e+01
4.316653447077480621e+01
4.317238134254841242e+01
4.316492240918964995e+01
4.315935424874932380e+01
4.314464855847144520e+01
4.319806976468347415e+01
4.321327066595569022e+01
4.323481313350506383e+01
4.321402581140421972e+01
4.318731893853690451e+01
4.321371271987367635e+01
4.319114000454743518e+01
4.319618083943893794e+01
4.317670106446786349e+01
4.315294232597599233e+01
4.314841670812249674e+01
4.315943108073182088e+01
4.314795884098754186e+01
4.309725689752806232e+01
4.307616856138110251e+01
4.304099132242003378e+01
4.302673844315174989e+01
4.301321702008494441e+01
4.299559096374691336e+01
4.295705784618861856e+01
4.298497219419792970e+01
4.295520694918350557e+01
4.296427704876638387e+01
4.293534140737261851e+01
4.291579414453438801e+01
4.294874944717810195e+01
4.295951628899636887e+01
4.300655409714725153e+01
4.298195989269307660e+01
4.300676567091349511e+01
4.300404181715074259e+01
4.302353746155602465e+01
4.299943321791264594e+01
4.300497758216652500e+01
4.297694427623087421e+01
4.299732565587428468e+01
4.300577322249089463e+01
4.294953936359259217e+01
4.295882783525644300e+01
4.295390710686518076e+01
4.301203131817437963e+01
4.301285441779904772e+01
4.302295480237233960e+01
4.300443639002082818e+01
4.297821205697805169e+01
4.298413841877381003e+01
4.296485706798675608e+01
4.295943783160405616e+01
4.296039292958014499e+01
4.290974213457617026e+01
4.295998396322123369e+01
4.298976496608378994e+01
4.299551188960338521e+01
4.296737778682526709e+01
4.295777117899517350e+01
4.293580347654445006e+01
4.292333708074511378e+01
4.294768988753045136e+01
4.295309486950803546e+01
4.292304457147849206e+01
4.293712220064551843e+01
4.292841005980294966e+01
4.294676346735870709e+01
4.297664093548560516e+01
4.293802165908333990e+01
4.285487708648083327e+01
4.287499324405793999e+01
4.288178041716663103e+01
4.293980888352240299e+01
4.294364756145328954e+01
4.292059298686927349e+01
4.293586674995022889e+01
4.300185833488161791e+01
4.302693669950927102e+01
4.298188033068091585e+01
4.293979983967943781e+01
4.292418412334948385e+01
4.289584136881818210e+01
4.296666849528896392e+01
4.296276406940946657e+01
4.298551185484677717e+01
4.299688151415580251e+01
4.303379479999896517e+01
4.303190010081333128e+01
4.299799781506654028e+01
4.302334432364774131e+01
4.298730643758171510e+01
4.292756123399951207e+01
4.298844354546044144e+01
4.300353844344412835e+01
4.302994815822666652e+01
4.303392842859575040e+01
4.304071749387136236e+01
4.305142713309796676e+01
4.301859405041725637e+01
4.301350966544769960e+01
4.301643491558338894e+01
4.297104504271719350e+01
4.293621338324395253e+01
4.293117433522679960e+01
4.293267624631201329e+01
4.288862180763226917e+01
4.291247922063110565e+01
4.289480124339392120e+01
4.289348596752411424e+01
4.287988462010367385e+01
4.285462901419528237e+01
4.284758690674585324e+01
4.282803047919902895e+01
4.288015961308033042e+01
4.291537347875754449e+01
4.294585336008031362e+01
4.297698695100122990e+01
4.294524637467454653e+01
4.287715906042571845e+01
4.283982943941031607e+01
4.291844812719659785e+01
4.295576670104459538e+01
4.293827183557576177e+01
4.291345294041364156e+01
4.287310959069508698e+01
4.288209060046339260e+01
4.293597064584010781e+01
4.299634851139362013e+01
4.295253935562781322e+01
4.294526453393520882e+01
4.291162447639887034e+01
4.296627576452094388e+01
4.299236208112922242e+01
4.296429329401762942e+01
4.293149098408746056e+01
4.291640623544083866e+01
4.291164014712550312e+01
4.293357804873851791e+01
4.298003816670875921e+01
4.294021568609403516e+01
4.293223966196926966e+01
