9.616399467875376672e+01
9.675463237755293733e+01
9.702395975979131038e+01
9.741266250373833202e+01
9.796987475835351233e+01
9.814800029561837391e+01
9.828181143702744293e+01
9.847124189047059417e+01
9.870842931913094276e+01
9.907320255689305100e+01
9.948154236945769924e+01
9.971771605358371460e+01
9.991502025396569309e+01
1.002884753570458116e+02
1.005015517497924264e+02
1.006571529628016179e+02
1.008125060065955978e+02
1.009037764153529935e+02
1.011682647066250951e+02
1.014250339672120589e+02
1.016846244163377975e+02
1.018497697024485689e+02
1.020589448925258864e+02
1.024180079365238072e+02
1.027403160530241166e+02
1.028968068989005076e+02
1.032469463989163359e+02
1.035166282519412988e+02
1.038294509480960528e+02
1.040957996124012936e+02
1.042503184218883803e+02
1.043098535145887524e+02
1.044850674391018828e+02
1.048123541416091058e+02
1.050466216376364912e+02
1.053106523034558819e+02
1.054231069447724423e+02
1.054748973570886079e+02
1.056858965197938289e+02
1.059073367188317576e+02
1.061162610024253752e+02
1.062237075026389164e+02
1.062955833148942446e+02
1.065435305383492448e+02
1.067312599355978335e+02
1.069130983577105525e+02
1.071027994585335676e+02
1.074816390800322239e+02
1.076733319737273149e+02
1.079459580347435264e+02
1.080887344848915319e+02
1.082307857789560614e+02
1.083768544725575111e+02
1.085773411540803579e+02
1.086888728118982499e+02
1.087840152462265877e+02
1.088372634989487722e+02
1.090330663593618965e+02
1.094287059637401143e+02
1.094492363696721640e+02
1.095434657794016005e+02
1.097750339225940905e+02
1.099767185971816730e+02
1.102090443677714688e+02
1.103691262745597754e+02
1.104020810691265808e+02
1.107441328803743659e+02
1.109341173279515260e+02
1.110001691652520748e+02
1.112767249606258559e+02
1.113242311209885003e+02
1.115016346037931783e+02
1.115745426872255024e+02
1.116767667914632085e+02
1.120178258513650462e+02
1.121882177068073361e+02
1.122683355265858296e+02
1.123740091118527857e+02
1.124580073204497666e+02
1.125522190741975663e+02
1.127383165694355682e+02
1.128772092232937894e+02
1.130875470700987080e+02
1.132488115122262684e+02
1.131889592012807384e+02
1.129939802974766820e+02
1.131743308135128103e+02
1.133896652319026828e+02
1.135451980227350788e+02
1.136791251764833817e+02
1.138861844504534702e+02
1.139680136136840929e+02
1.141342613186089778e+02
1.143030102867405020e+02
1.143583593130810954e+02
1.144438417862910029e+02
1.146201617169070630e+02
1.146308548379734731e+02
1.146893238387328893e+02
1.147365559301043163e+02
1.146887119506992008e+02
1.148769517493521164e+02
1.149715781819072475e+02
1.150090442479085908e+02
1.150988546737459046e+02
1.151656137393989070e+02
1.153261427440896227e+02
1.153313373005687907e+02
1.154407502156725371e+02
1.156871626186151900e+02
1.157273512813202814e+02
1.157828969843009048e+02
1.158098256804117909e+02
1.158585250654848977e+02
1.159814580480745008e+02
1.160335716944414912e+02
1.162023268815779886e+02
1.163156222167246483e+02
1.164642321026278040e+02
1.163896975750551235e+02
1.163760809509847292e+02
1.165133020009969300e+02
1.164915292934148567e+02
1.166405371481722995e+02
1.167820150937512409e+02
1.169550152091353681e+02
1.170866709546573219e+02
1.171802190653343843e+02
1.171523539663104287e+02
1.172923241024619614e+02
1.174321365532456838e+02
1.174118487507871862e+02
1.174674633081131674e+02
1.175909623966594495e+02
1.176320892550217536e+02
1.177714805063989871e+02
1.178222609780987540e+02
1.179999918642864287e+02
1.179964324240549587e+02
1.181252312218741594e+02
1.180526471278735556e+02
1.180324013514675556e+02
1.181631421044529020e+02
1.182671852234684877e+02
1.183606609333802169e+02
1.184991310860599754e+02
1.185826722759941987e+02
1.185773397767025159e+02
1.186794383124696282e+02
1.186870784518967952e+02
1.188130292475659360e+02
1.189996046189945673e+02
1.190350552798216484e+02
1.191590287896390237e+02
1.192678383049131412e+02
1.194001158244177816e+02
1.194254748210504289e+02
1.194804632457822038e+02
1.195744359326344579e+02
1.195919794006395449e+02
1.195492430348774633e+02
1.196949931619516292e+02
1.198219300149161057e+02
1.198680702020775186e+02
1.198163622332659060e+02
1.199046256498815666e+02
1.199697902160751113e+02
1.201405460057418821e+02
1.201489192466737563e+02
1.201335165602898201e+02
1.202830760586364249e+02
1.202636375348750306e+02
1.203776381521912526e+02
1.204256245873311286e+02
1.204024244579070739e+02
1.204951121210633431e+02
1.206298720378338203e+02
1.207136943057104901e+02
1.207741750454866860e+02
1.208812303259469871e+02
1.210123399294154183e+02
1.210541569135790922e+02
1.211253757393084811e+02
1.211644326763493211e+02
1.213306676464937652e+02
1.214090080210750955e+02
1.214855855217635821e+02
1.214341440738335933e+02
1.214830924999174755e+02
1.216103683360206702e+02
1.215278749854393823e+02
1.215711496483570500e+02
1.216409734563253409e+02
1.217874180943339155e+02
1.218442608285681388e+02
1.218588329220506665e+02
1.218348741728693909e+02
1.219127084735346926e+02
1.220418120744084263e+02
1.220236015103429139e+02
1.221809972806356228e+02
1.221160095860929573e+02
1.223271325265514804e+02
1.222885055279391082e+02
1.223602828702468344e+02
1.222959912451381967e+02
1.222266713610145388e+02
1.223285962856150633e+02
1.224144534881733932e+02
1.224404152606067413e+02
1.225363267334177522e+02
1.226037088055561668e+02
1.226901097902079130e+02
1.227257349507838455e+02
1.228934510238094333e+02
1.229602193067847793e+02
1.229840493868052818e+02
1.229542878817683089e+02
1.229056781445849111e+02
1.229688164948036757e+02
1.230067750590997804e+02
1.229686085347565836e+02
1.231786613017044090e+02
1.232304061239232738e+02
1.233947063331119836e+02
1.233743587887655764e+02
1.233693670900760111e+02
1.232822701596822554e+02
1.232819047750041648e+02
1.233823906763785914e+02
1.234124711790358901e+02
1.235335015154631151e+02
1.237584931847727177e+02
1.237792755776291074e+02
1.237827718814394444e+02
1.238138418341379889e+02
1.239135931285556893e+02
1.239086513328076080e+02
1.240378430045452518e+02
1.240820207391073353e+02
1.242533573742756090e+02
1.243471954831360335e+02
1.243979329945241119e+02
1.244190749315241646e+02
1.245935365314523438e+02
1.247291774107965381e+02
1.247058991820704676e+02
1.246355877861524561e+02
1.246341182549176096e+02
1.247031136444549873e+02
1.248809349366011787e+02
1.249658967641985328e+02
1.250448139056186108e+02
1.250365517547397189e+02
1.250149760351866632e+02
1.249538424451899061e+02
1.251236725452318836e+02
1.251534612838146359e+02
1.250331347251506457e+02
1.250633030720431833e+02
1.251744781437049596e+02
1.252542490660989216e+02
1.253084783545019860e+02
1.253327056340051655e+02
1.253581626043436614e+02
1.254340156370729034e+02
1.254197424082435077e+02
1.255336134023202987e+02
1.255024270248306379e+02
1.256265027388711957e+02
1.257744540880117086e+02
1.258987161568180397e+02
1.260160554426707478e+02
1.259100544316517869e+02
1.258856115140069249e+02
1.258134693728044482e+02
1.259148623399798339e+02
1.259998356051639661e+02
1.259867529844982244e+02
1.260716177868262093e+02
1.261917488343522109e+02
1.261745814257439235e+02
1.262298384107163827e+02
1.262985001020519888e+02
1.262734441400087491e+02
1.263345451739470207e+02
1.263503628226124960e+02
1.264163647517254532e+02
1.263023253317140018e+02
1.263928510522324729e+02
1.264463393216549321e+02
1.265699711145404507e+02
1.265606418000731281e+02
1.265685296841890448e+02
1.266834243567368929e+02
1.266585244339572114e+02
1.266732321730825248e+02
1.268431439050427656e+02
1.268307441284181039e+02
1.267872407225189590e+02
1.267569831371481115e+02
1.268594356160419636e+02
1.267510123829017772e+02
1.267304001564124576e+02
1.268938143046109985e+02
1.270683374449091900e+02
1.272005206762172662e+02
1.272177421936947610e+02
1.273313674446364416e+02
1.273686770211825916e+02
1.273182281824308859e+02
1.273421839872819987e+02
1.275339571223436508e+02
1.275188401838210552e+02
1.274677648037094713e+02
1.276014930954283102e+02
1.277325259967319369e+02
1.276438414165517514e+02
1.276020602234282535e+02
1.277145895393731223e+02
1.276897023542967702e+02
1.277555516012491097e+02
1.278120174123643409e+02
1.278377027567567410e+02
1.279464027623727276e+02
1.278538546757610135e+02
1.278009756349946713e+02
1.277311193125261326e+02
1.277051261375364106e+02
1.278104693563744405e+02
1.279326797303448586e+02
1.280052825159068846e+02
1.280157408280994673e+02
1.280462120286003653e+02
1.282373872803904931e+02
1.282805896873235838e+02
1.282822091012597809e+02
1.282415374749548391e+02
1.282441171679815852e+02
1.281491338524025707e+02
1.281915914801156191e+02
1.283830445045523163e+02
1.285094871625972530e+02
1.285616705655471605e+02
1.286156282651362233e+02
1.284876290008431852e+02
1.284733256666719967e+02
1.285315300702296497e+02
1.286022357195172106e+02
1.287231696175705338e+02
1.287962049983889017e+02
1.288303084356803652e+02
1.289290453683574356e+02
1.288790079199999354e+02
1.288507694650230349e+02
1.288991930638604799e+02
1.289201241934356972e+02
1.289051073383924120e+02
1.289914075250121641e+02
1.290984452447570163e+02
1.291095320414844139e+02
1.291610453381105685e+02
1.291931572299667152e+02
1.291642044590008709e+02
1.292096193744142454e+02
1.292106435590081048e+02
1.291807130600709002e+02
1.292976828524635096e+02
1.293696855976144207e+02
1.294380279995151000e+02
1.293844161646816247e+02
1.295192599410227956e+02
1.295702502708590771e+02
1.295209079902914766e+02
1.295452342501275780e+02
1.294638923925705285e+02
1.294768124385068688e+02
1.294889055102727866e+02
1.295425813490582243e+02
1.295521631951654626e+02
1.293674650944321627e+02
1.293865010905396389e+02
1.295207104084462628e+02
1.295332154486859793e+02
1.294934111534452370e+02
1.296303530557949557e+02
1.296027313261414520e+02
1.295747742795918782e+02
1.297067617574280121e+02
1.297121166835326278e+02
1.296732322417182104e+02
1.297492154079999409e+02
1.298319657177836461e+02
1.299918985140222389e+02
1.301342136752280112e+02
1.301609695199305463e+02
1.303078565233487609e+02
1.303236316361591491e+02
1.304597285396272639e+02
1.304378442713396851e+02
1.305329322849229072e+02
1.305196914984036880e+02
1.305397767485481495e+02
1.305367291798320935e+02
1.305564153469926794e+02
1.306549561221828242e+02
1.306577948905937205e+02
1.307003538947887193e+02
1.308111129325716320e+02
1.307963441449953734e+02
1.307617220057100837e+02
1.308428763290285417e+02
1.307970343826873147e+02
1.307607723627772600e+02
1.307710200690185047e+02
1.309226635990142142e+02
1.307767147250445134e+02
1.308390793066394906e+02
1.310042626927155993e+02
1.310968955370198614e+02
1.311466367371041031e+02
1.310560825377895640e+02
1.311073012916743892e+02
1.311050561279350006e+02
1.311526617227388556e+02
1.313966742636566494e+02
1.313393780630457854e+02
1.313204949647542037e+02
1.313028847800952690e+02
1.314142449360382727e+02
1.313884753157709895e+02
1.313339668370400375e+02
1.315134078856766564e+02
1.315769906196951240e+02
1.317402807831888083e+02
1.316884243976050755e+02
1.316985084195149796e+02
1.316849030250892270e+02
1.316045753538374754e+02
1.316202842292417472e+02
1.316379266948973168e+02
1.316339400677543665e+02
1.315820379692700044e+02
1.316005294272334254e+02
1.316174822703936229e+02
1.316812075930421884e+02
1.316527692834731340e+02
1.316014472211252837e+02
1.317093936642348240e+02
1.317594930409664755e+02
1.318264595264577963e+02
1.317693291587000886e+02
1.317145423742292110e+02
1.317214222592831732e+02
1.317754650434672214e+02
1.316561545280925998e+02
1.318252487027956761e+02
1.318214631352612685e+02
1.319591169439331964e+02
1.317950272921696353e+02
1.318379645227136621e+02
1.319357864811218519e+02
1.317867719597520022e+02
1.317809523273373600e+02
1.318412855203137326e+02
1.319227607222957488e+02
1.318121065402730210e+02
1.319447410100826801e+02
1.318956328387956773e+02
1.318332356498540037e+02
1.319222174729501376e+02
1.320132908394822948e+02
1.322046069077024129e+02
1.320635612275474102e+02
1.321368591241372883e+02
1.321700822727906655e+02
1.321577780776749194e+02
1.321852426974798789e+02
1.323441978774090444e+02
1.323295912743411122e+02
1.323911837003668381e+02
1.323549078238336847e+02
1.324310200331059946e+02
1.323444807290645713e+02
1.324201831229794664e+02
1.325685111104096734e+02
1.326563236216667860e+02
1.327126084188273580e+02
1.328285723104864644e+02
1.328682913338274432e+02
1.328270329564502958e+02
1.329555898548951234e+02
1.330371133025216466e+02
1.330102255329815364e+02
1.329643327049837751e+02
1.331036882865455198e+02
1.330838747238009319e+02
1.329568544077635295e+02
1.329530275506810995e+02
1.330926238829462136e+02
1.330692077844792891e+02
1.330546514435433210e+02
1.330571982170885690e+02
1.329809801486733534e+02
1.329448012700549953e+02
1.329628480524931717e+02
1.329486542022083881e+02
1.330096198311721025e+02
1.331166848003811651e+02
1.331347043273980546e+02
1.330290819958138968e+02
1.331328189149286061e+02
1.332369446105334987e+02
1.333055002411675218e+02
1.333072450285693549e+02
1.333834952010605832e+02
1.333572198737552128e+02
1.333846863371337292e+02
1.334052804898018678e+02
1.334408586928238094e+02
1.333496636904993409e+02
1.333971157730834420e+02
1.335668618382665329e+02
1.335878897933456528e+02
1.337047323800679806e+02
1.337819285901407227e+02
1.336264920313876132e+02
1.336959445483473417e+02
1.336669374862483153e+02
1.336908809342331494e+02
1.338022873452264037e+02
1.338576170555688520e+02
1.338311714527706044e+02
1.338513545330155523e+02
1.338274922624553085e+02
1.336875153547448747e+02
1.338656749073356593e+02
1.339696390514843642e+02
1.337290536189496208e+02
1.338844292475812097e+02
1.337245348037232588e+02
1.338406308253254053e+02
1.339326065813333457e+02
1.341229506375819085e+02
1.340338997846544657e+02
1.339874090605812000e+02
1.339401572734674914e+02
1.340014547068761601e+02
1.340171356356140393e+02
1.340592808264544828e+02
1.341045299811380005e+02
1.342166739844417123e+02
1.342240244244159726e+02
1.341597565745733789e+02
1.342213994519376001e+02
1.342083346345002610e+02
1.341905137263936467e+02
1.341551979613711296e+02
1.341099408305869645e+02
1.341682758731717797e+02
1.342169603450552700e+02
1.342243484219926017e+02
1.342071845555494747e+02
1.343218441147623423e+02
1.344230398426105069e+02
1.343459889567363064e+02
1.344509258153154292e+02
1.344435675193919906e+02
1.343846366640552219e+02
1.344774872985182128e+02
1.344240001926688137e+02
1.342341225628042025e+02
1.343147193921314795e+02
1.342228039733577134e+02
1.342409671907040831e+02
1.343894457397034046e+02
1.343771402843645717e+02
1.343803134169176872e+02
1.343619267900264163e+02
1.344354816504075814e+02
1.344126809212199021e+02
1.343957805032048611e+02
1.345096256696894841e+02
1.345579208343931441e+02
1.346033343407369216e+02
1.347440977899596248e+02
1.347201727319958309e+02
1.347391378505986950e+02
1.345842134345675447e+02
1.345618634265738649e+02
1.345544141909740290e+02
1.345921034309933191e+02
1.346799229670031366e+02
1.347124863762360860e+02
1.347643715530336124e+02
1.348420989670757422e+02
1.348603110528327420e+02
1.349187932083120245e+02
1.349164816349975524e+02
1.349434839127397936e+02
1.349618154884659305e+02
1.349686080213838864e+02
1.351019110398390524e+02
1.351599701767324007e+02
1.351555518662327700e+02
1.351160599782237171e+02
1.351973649399025987e+02
1.352491490411016173e+02
1.353499623649488512e+02
1.353606055832895265e+02
1.351896027530052322e+02
1.351326787336237487e+02
1.351909964831935440e+02
1.351507382159954318e+02
1.350584978161547269e+02
1.351077332623134737e+02
1.351299578472610676e+02
1.350821493175077421e+02
1.351862127221201604e+02
1.352157970771541784e+02
1.353059642727906464e+02
1.354134835625982021e+02
1.356378503223302801e+02
1.356094316654238696e+02
1.356231512485892097e+02
1.355850517858745263e+02
1.356280422416385534e+02
1.356488008939499537e+02
1.356567169050599375e+02
1.355850236505328610e+02
1.356596676433759114e+02
1.356178731647152347e+02
1.355893082343765457e+02
1.356329638073314356e+02
1.356132433541809803e+02
1.356281750519264619e+02
1.356852488966460157e+02
1.359262512967992791e+02
1.359911695290016951e+02
1.359761974724642926e+02
1.359557115950100865e+02
1.359548341148037878e+02
1.359875530789402376e+02
1.358557853447883872e+02
1.359593272153684609e+02
1.359869093451069375e+02
1.360308058766459567e+02
1.360011880008184448e+02
1.359227341610987310e+02
1.359087722744529856e+02
1.359727153277202376e+02
1.359697844708608159e+02
1.359702923859964017e+02
1.361025207888182251e+02
1.360292201767053371e+02
1.361134401593049006e+02
1.360822325364851793e+02
1.360335820220490461e+02
1.362158634166013940e+02
1.363739413644046294e+02
1.363507241667846586e+02
1.363686305325964554e+02
1.364805231936678354e+02
1.364800833902817203e+02
1.363730566563207844e+02
1.361669829919710821e+02
1.360980527272286906e+02
1.363040382239956045e+02
1.363487176897523909e+02
1.363478325165818887e+02
1.363779977916398707e+02
1.362732521095811364e+02
1.363271741951983813e+02
1.363448883702774879e+02
1.363302805259982051e+02
1.365159081302461175e+02
1.364443840281227551e+02
1.366045247058501957e+02
1.365345359269064431e+02
1.365237384424767413e+02
1.365545121960306290e+02
1.363910446267335601e+02
1.364037184454063265e+02
1.364218525866541825e+02
1.363831342031120641e+02
1.364042370017741632e+02
1.364219653057047594e+02
1.364308627438868484e+02
1.364524267173299563e+02
1.364663330056482380e+02
1.366068558247007445e+02
1.366376434841037337e+02
1.367177233530820502e+02
1.365599122253948678e+02
1.365342503626728217e+02
1.364964256429005616e+02
1.365136426411727086e+02
1.364825116824530937e+02
1.365197533367296217e+02
1.364742730502480867e+02
1.364735534705478983e+02
1.365224572985663372e+02
1.364834189291561870e+02
1.365233939109284051e+02
1.365824987018259833e+02
1.366346177396508779e+02
1.366606541428084540e+02
1.367699097944300206e+02
1.367620943665845630e+02
1.368357834424020893e+02
1.368137145456464907e+02
1.368238609805598855e+02
1.369615791377341054e+02
1.369935047241739881e+02
1.370905039917508361e+02
1.370339280819254668e+02
1.371406608117226256e+02
1.371463264099838852e+02
1.370356736044189461e+02
1.368368377618682530e+02
1.368691555833246127e+02
1.368338590416397835e+02
1.367987067971492365e+02
1.367581761677396059e+02
1.367590587625802812e+02
1.367449596388358373e+02
1.367479670587009082e+02
1.367470042451636232e+02
1.369106784611752516e+02
1.367812801073967819e+02
1.368706127678188125e+02
1.369243999126329356e+02
1.368881186865939981e+02
1.367931686418194488e+02
1.369043558190148531e+02
1.369050151494639067e+02
1.370335940922068403e+02
1.369569737611746234e+02
1.368976044389880258e+02
1.369733077101290633e+02
1.370734398893137325e+02
1.369988586670437485e+02
1.370410661336644011e+02
1.371524130463333506e+02
1.371935064152335713e+02
1.372139854594533688e+02
1.372539624602613060e+02
1.372342477321905676e+02
1.371962891767099109e+02
1.372997097258445081e+02
1.374623717160312140e+02
1.372124475686528626e+02
1.371558288992568464e+02
1.370755173924986252e+02
1.371445784402539800e+02
1.372533432675451195e+02
1.371641508258795170e+02
1.371862681588372084e+02
1.371738891748612730e+02
1.373018210285066232e+02
1.370822545072995808e+02
1.371386429295480980e+02
1.371727317505429369e+02
1.370703036840442053e+02
1.370787008134429357e+02
1.369268108536344641e+02
1.369180417068542965e+02
1.368914505342945915e+02
1.369232479066912447e+02
1.369374305415018966e+02
1.371099534173038705e+02
1.371685352638338884e+02
1.372334549896106637e+02
1.370511130297268778e+02
1.371083068276438439e+02
1.371629210249083144e+02
1.371832933571627677e+02
1.371654097517496780e+02
1.370859668889917771e+02
1.371174372182819923e+02
1.371417576847741202e+02
1.371523870498658937e+02
1.371824222306544527e+02
1.371639422484089152e+02
1.371719986882631019e+02
1.372123159339579104e+02
1.373332194873576952e+02
1.371873123705912008e+02
1.371807858416457577e+02
1.371804758698902447e+02
1.371659974603355465e+02
1.371789264793297036e+02
1.371786873972415890e+02
1.371457544441664140e+02
1.371533231125384020e+02
1.371636489436558008e+02
1.373487205968345108e+02
1.375513338520456443e+02
1.374851318076234747e+02
1.374768433677594714e+02
1.375584259468512585e+02
1.375305334749634198e+02
1.373649852291922286e+02
1.373752516996719919e+02
1.374225050889167790e+02
1.373874894407572924e+02
1.372820952513913255e+02
1.372960554896251040e+02
1.372861320385832471e+02
1.374185842703745664e+02
1.373649621773007254e+02
1.373555767244479568e+02
1.373980900267543745e+02
1.373940559325188246e+02
1.373559285530194529e+02
1.373373010306578408e+02
1.373260357573120416e+02
1.373349845426432410e+02
1.374332990210535854e+02
1.375604570351165705e+02
1.375762214156927428e+02
1.375682602263630372e+02
1.375570584529195912e+02
1.375394536566660975e+02
1.374958709477595846e+02
1.375513153847447256e+02
1.375292101399008402e+02
1.375727529526175204e+02
1.377104492641470017e+02
1.375904632773972480e+02
1.377167275790114616e+02
1.378216486806207683e+02
1.377634512639597801e+02
1.378270170494492390e+02
1.379076288802499448e+02
1.378734986876116579e+02
1.377122910526791202e+02
1.377204592085577985e+02
1.376862448595649653e+02
1.377699204866640912e+02
1.377851777240368278e+02
1.378682138064628191e+02
1.379556070668658379e+02
1.379771536392973701e+02
1.379208866978148080e+02
1.379016658035677096e+02
1.379341726388904021e+02
1.378124140281915118e+02
1.378171718501546366e+02
1.379585951692479853e+02
1.380410026516469202e+02
1.380147862994596437e+02
1.379411284465935239e+02
1.378549230099353338e+02
1.379365366336225520e+02
1.379199082964159686e+02
1.379374365695639995e+02
1.377804812376535892e+02
1.377289856540874950e+02
1.378871790501232795e+02
1.379183182020386482e+02
1.379219816278879875e+02
1.380712962521129157e+02
1.379340092295762190e+02
1.380998090721170399e+02
1.380464600659940970e+02
1.380561508274664675e+02
1.381912791420365636e+02
1.381407766311017156e+02
1.381549233162821224e+02
1.380256669219817525e+02
1.379856547045739887e+02
1.379531926382371125e+02
1.379708661633824249e+02
1.379583076180937837e+02
1.380908950165704709e+02
1.381798592343386645e+02
1.381999475031810221e+02
1.382241378595715275e+02
1.382505185919441999e+02
1.382137942465383560e+02
1.382292332092894185e+02
1.382035497505216313e+02
1.381316440476843184e+02
1.383443233577846456e+02
1.382560752645508160e+02
1.383324992776748843e+02
1.382826499749353957e+02
1.382832041542895638e+02
1.383051958272820912e+02
1.383958419077343081e+02
1.384857175523846422e+02
1.383511014650363506e+02
1.385362234061288405e+02
1.385061661360596474e+02
1.385400198561357001e+02
1.385366145074372355e+02
1.386293482188166877e+02
1.387093350750340903e+02
1.385595988839077961e+02
1.385682437813626109e+02
1.384367641978052745e+02
1.383546138650654598e+02
1.383631318400643408e+02
1.385469372820227534e+02
1.385352570863670678e+02
1.386561055168182293e+02
1.385443534560045862e+02
1.385725339312154745e+02
1.385282189071462255e+02
1.387398640149303901e+02
1.386074006433875070e+02
1.386218612120087812e+02
1.386094576321578131e+02
1.387865463527436987e+02
1.387884916853411710e+02
1.387726282523670420e+02
1.388739528487681980e+02
1.389216440620256776e+02
1.389039177876534836e+02
1.388308565098492977e+02
1.388806693641990933e+02
1.388052552363365351e+02
1.387598593267615854e+02
1.387651349526383058e+02
1.386293760244130624e+02
1.386631575788142072e+02
1.387037448970105800e+02
1.386798003955034062e+02
1.386410705304887188e+02
1.385834969221989184e+02
1.385757253899833188e+02
1.385497014643092371e+02
1.387499026717553647e+02
1.388066438650944292e+02
1.388166423528423934e+02
1.388388656451370480e+02
1.389975284704642888e+02
1.389709469570819351e+02
1.390489243885033943e+02
1.389522593800112418e+02
1.388991554346974908e+02
1.388158817800722318e+02
1.388304863968458278e+02
1.389133188183406276e+02
1.389584690999930956e+02
1.389217926869199005e+02
1.389393617070294624e+02
1.390182310357587880e+02
1.390002714831870207e+02
1.390618541968389366e+02
1.389669094085277550e+02
1.389599313622360057e+02
1.389616710172053047e+02
1.391294217073525488e+02
1.391190362408345891e+02
1.391804880949611345e+02
1.391216269778257129e+02
1.390936786088319082e+02
1.392670590920844802e+02
1.390636972436070664e+02
1.390393978248433200e+02
1.390541269822102208e+02
1.390372390775935969e+02
1.390879644801627535e+02
1.390868360227666756e+02
1.391166313693941845e+02
1.390482845652251171e+02
1.391939040580015501e+02
1.391965541303326575e+02
1.391632910110053558e+02
1.391792990125164806e+02
1.391782589925475691e+02
1.391177662922601712e+02
1.390795285154251815e+02
1.391490872034391089e+02
1.391624630117183017e+02
1.392673118204661478e+02
1.392931644221459919e+02
1.391592389847005222e+02
1.391455656189888543e+02
1.392136531363516667e+02
1.391383237964302850e+02
1.391001049844801400e+02
1.391470051286914043e+02
1.391359713132075342e+02
1.390980335036483950e+02
1.390968304578337040e+02
1.389871591212487374e+02
1.389184118296930706e+02
1.389140828258617830e+02
1.391168032548515328e+02
1.391647581346861386e+02
1.391455223226237194e+02
1.392082590406701570e+02
1.392711659260019701e+02
1.393425958106044504e+02
1.392879187202740070e+02
1.392360474514514408e+02
1.391998583688442750e+02
1.393325117420635593e+02
1.394123576223182681e+02
1.394630935826358211e+02
1.394025899661970413e+02
1.394417129172781529e+02
1.395340655933136986e+02
1.395063440103928656e+02
1.394447097943372000e+02
1.395924579116810946e+02
1.395811166541001000e+02
1.394646819040154071e+02
1.394909558875687878e+02
1.395951218352267915e+02
1.394641018389893929e+02
1.393046608855828765e+02
1.393207119468018504e+02
1.393100190013032318e+02
1.393893850762155466e+02
1.393579859760819204e+02
1.395283904981101841e+02
1.393805203458504991e+02
1.393391002515844548e+02
1.395211625595889586e+02
1.395537346373273238e+02
1.395841915264368538e+02
1.395981227239015539e+02
1.396482375562372056e+02
1.395791998822430742e+02
1.394456019677451479e+02
1.393705243826192941e+02
1.393881017896604817e+02
1.394239116809257553e+02
1.393984087521120045e+02
1.395407498073215322e+02
1.394906543718695673e+02
1.394632000422661235e+02
1.395404526949347428e+02
1.394986398413844313e+02
1.394958123467657458e+02
1.393112896166855137e+02
1.393359041920904247e+02
1.393983425880764173e+02
1.394075430042013011e+02
1.394866110482374495e+02
1.394751031768559528e+02
1.395590490826450605e+02
1.394605783819868634e+02
1.394781712108810723e+02
1.394992440132651268e+02
1.397053332477370020e+02
1.396415851650508557e+02
1.397463330791364911e+02
1.397704124359410116e+02
1.396896772833005684e+02
1.396961426967554303e+02
1.396710645918726641e+02
1.396789279322091772e+02
1.397242663196508090e+02
1.397054169266880592e+02
1.398052350947735079e+02
1.397130119003562072e+02
1.396720467187050474e+02
1.398940071847885349e+02
1.399666990061114404e+02
1.401021018129283959e+02
1.400823748868287169e+02
1.402307094426955132e+02
1.402681533187133596e+02
1.402179500219611725e+02
1.401739542319911607e+02
1.401180721068184596e+02
1.401251573579771446e+02
1.399858387648333462e+02
1.400941138814654892e+02
1.401582642425794916e+02
1.402215409043529348e+02
1.402663385651035810e+02
1.402231651623503694e+02
1.402262961924783156e+02
1.403899005365098560e+02
1.403497719541592801e+02
1.403531316637402711e+02
1.403727671423305878e+02
1.403323242419432120e+02
1.403067473199726578e+02
1.402800532201319754e+02
1.402638477751442849e+02
1.401977100793285445e+02
1.401846124448570095e+02
1.400575475418569624e+02
1.399860366858519285e+02
1.398429657017301508e+02
1.399666242524076551e+02
1.400554188269937299e+02
1.399885817699940560e+02
1.401497177732402974e+02
1.399688206243102968e+02
1.399769101707683774e+02
1.401432639004667635e+02
1.401057783886869004e+02
1.400406961979977609e+02
1.399939241188617416e+02
1.400450306604393802e+02
1.399284172533105846e+02
1.399261590864913387e+02
1.401466797744067208e+02
1.401581867841989606e+02
1.401606019785850492e+02
1.401735771048347772e+02
1.402451325990486737e+02
1.403352336393406574e+02
1.403362298930875909e+02
1.403419081888746689e+02
1.403170446609583166e+02
1.404210540920049084e+02
1.404422343204508081e+02
1.404493767568644103e+02
1.403839779056965824e+02
1.403712467420023984e+02
1.404112673337833144e+02
1.403717010957109892e+02
1.403146829385932506e+02
1.403042735956074978e+02
1.401295902965296705e+02
1.400406868398821700e+02
1.401852539745025013e+02
1.403082760992839155e+02
1.402836084265558725e+02
1.403532553094926527e+02
1.404209107631460256e+02
1.404146022330716050e+02
1.404160410347005268e+02
1.401886570446456801e+02
1.401302534343265904e+02
1.401560071005298482e+02
1.401953295403443747e+02
1.401143262344969287e+02
1.400556469416061134e+02
1.399473399942338858e+02
1.399327639248282651e+02
1.399685484709144419e+02
1.401066649986940433e+02
1.399556308970613543e+02
1.399416708221135082e+02
1.401263216735311801e+02
1.399250625193049871e+02
1.401835415519057619e+02
1.401225885590428959e+02
1.401758980406093258e+02
1.403201324088954323e+02
1.402962087162074738e+02
1.403529993289248523e+02
1.403666016393515577e+02
1.401629660129376589e+02
1.401578138522073971e+02
1.402424233343220976e+02
1.402196471626341179e+02
1.401604807390491203e+02
1.401779916394179963e+02
1.401667682734000380e+02
1.401217702374649150e+02
1.400726625673565877e+02
1.400384735914910266e+02
1.400826380571701861e+02
1.403283542659474676e+02
1.404530224967806475e+02
1.404879251681310279e+02
1.403592060814303863e+02
1.404243978435146971e+02
1.404983799050143602e+02
1.404377347750505862e+02
1.404229710007953997e+02
1.403693913284710391e+02
1.403384193989721780e+02
1.402984956099263059e+02
1.402847536862906850e+02
1.403127464365526862e+02
1.405387735467059258e+02
1.404133077291410245e+02
1.403239514919770272e+02
1.402672525443453537e+02
1.402897164235479863e+02
1.404211130195367048e+02
1.403573130287657023e+02
1.403394430519037428e+02
1.402984378634943994e+02
1.403492500282401352e+02
1.402885490497465639e+02
1.402655691272539684e+02
1.402798482386204455e+02
1.403343051755246904e+02
1.403439286850189660e+02
1.402053415809301953e+02
1.403020067469742855e+02
1.403955817080486099e+02
1.404111299540545019e+02
1.405216002515293781e+02
1.405529707527446419e+02
1.405283940683653157e+02
1.405890084889576315e+02
1.405720945082499043e+02
1.405629121682667346e+02
1.404535714146266514e+02
1.404019965508534540e+02
1.404717794787836738e+02
1.404779941244873669e+02
1.403955095448999089e+02
1.404030433625310934e+02
1.404799894626498258e+02
1.405113832166024395e+02
1.403683868765972989e+02
1.404017742277839886e+02
1.404157567401924211e+02
1.403511927297183774e+02
1.403546834978563425e+02
1.403238549375847697e+02
1.404100781204979285e+02
1.404956775771005084e+02
1.405319709712756548e+02
1.407105916292589143e+02
1.406292375244558173e+02
1.406351068817769772e+02
1.405652930503125049e+02
1.405830892565943486e+02
1.406290743201969917e+02
1.406179746896159202e+02
1.405836023539890220e+02
1.406599786259095310e+02
1.407249591360290708e+02
1.407575661244405012e+02
1.407761868460824246e+02
1.409238655671898925e+02
1.408503165709063580e+02
1.409123331712857237e+02
1.408749831729716107e+02
1.408266613450261673e+02
1.409051383931643215e+02
1.408966937303147802e+02
1.409082676577561983e+02
1.409601747629752708e+02
1.410086562545886864e+02
1.409491649914589857e+02
1.409834230430186608e+02
1.408046997350527647e+02
1.408086564055477936e+02
1.407788610895671866e+02
1.406716679091658477e+02
1.407785656471675964e+02
1.408730342913192715e+02
1.409663298129847533e+02
1.409772701445031089e+02
1.407968135529264941e+02
1.409388525042973015e+02
1.407572946309019528e+02
1.408228631366418142e+02
1.409663935491018663e+02
1.409295546263900576e+02
1.409347014080997553e+02
1.410807296271871962e+02
1.411863321621521550e+02
1.413105091065319812e+02
1.412192452836423229e+02
1.411699249338532240e+02
1.411373500447029699e+02
1.411346149932514322e+02
1.410042236914722764e+02
1.409496956993842502e+02
1.410542861058874564e+02
1.409746709667948323e+02
1.410250010670236804e+02
1.411041167355534185e+02
1.410437471404821679e+02
1.410120519922446078e+02
1.412292604440651189e+02
1.410647735190329684e+02
1.410207210199236556e+02
1.408557131191097369e+02
1.407572130428371224e+02
1.409577880125945910e+02
1.409338044580549933e+02
1.408014469924330854e+02
1.407611649853415088e+02
1.409243303535864413e+02
1.409218466075257936e+02
1.411321796645685254e+02
1.411080902335255871e+02
1.409674644427140890e+02
1.411438237095823922e+02
1.409346025513056588e+02
1.409959348725346615e+02
1.409656315297111746e+02
1.409924976389018525e+02
1.409893517318267868e+02
1.411526567785950022e+02
1.409498392266364988e+02
1.411368016731767625e+02
1.410728558974829525e+02
1.411301476976040306e+02
1.412673822036288414e+02
1.412720761137771888e+02
1.412071692853500053e+02
1.411942947217822280e+02
1.414495935727015024e+02
1.415220517647574923e+02
1.414571750786960251e+02
1.414826929913511719e+02
1.414335918420764244e+02
1.416363589422689131e+02
1.416432752558676782e+02
1.417649653295082715e+02
1.416429260045405556e+02
1.415992743151027184e+02
1.415848611165345687e+02
1.415914784714145185e+02
1.415369995284933964e+02
1.417785270899740340e+02
1.415810345279684270e+02
1.415387637718797862e+02
1.415693348430041851e+02
1.415434143780757381e+02
1.416256649749593066e+02
1.415658397759794696e+02
1.416834897230499166e+02
1.417245205252914957e+02
1.418019694166032423e+02
1.419719432825616821e+02
1.419430319986579150e+02
1.419681732095252471e+02
1.419126247148602431e+02
1.417887045654528322e+02
1.418961722480612480e+02
1.419061404369471973e+02
1.419302348007986154e+02
1.419641580930312159e+02
1.419726202586953434e+02
1.418331440799616701e+02
1.417388226927574522e+02
1.417924408305716213e+02
1.417922892173330069e+02
1.419594751325481070e+02
1.417607214097680526e+02
1.417371817310394704e+02
1.419931621793462000e+02
1.419905824946623909e+02
1.419282923785704043e+02
1.419115286842566945e+02
1.419339797622284038e+02
1.419929678967222344e+02
1.419663652523164217e+02
1.417888955899196333e+02
1.419464038409312252e+02
1.419494873665478849e+02
1.420673586678647382e+02
1.421403744011358015e+02
1.421567604904768700e+02
1.422186768285276344e+02
1.422021711259887411e+02
1.422170052766218475e+02
1.422110438202430487e+02
1.422949782715887181e+02
1.422965125545472347e+02
1.423197906510786481e+02
1.423570441989539859e+02
1.421618147751994456e+02
1.419988830449664476e+02
1.420216511677529070e+02
1.421322142763183081e+02
1.421546896915997706e+02
1.422060401223820350e+02
1.422236638958551964e+02
1.422940134526417069e+02
1.423408538184839074e+02
1.422428862980053168e+02
1.421420848833484456e+02
1.421672478113461295e+02
1.421529296486239389e+02
1.421819131374908238e+02
1.421909174070035533e+02
1.421520681581473013e+02
1.421406300566835341e+02
1.421756274205616819e+02
1.421496601273131830e+02
1.422666065959789705e+02
1.422478086840226581e+02
1.423422706651138014e+02
1.423458208264873406e+02
1.423544553449550563e+02
1.423464004798017015e+02
1.423914033203250540e+02
1.422562929069318898e+02
1.422527518821774493e+02
1.422313472882303813e+02
1.422671139357804861e+02
1.421743166238758818e+02
1.421708183366456524e+02
1.421640036612177198e+02
1.421766604282698552e+02
1.421927268121879990e+02
1.421359879266800874e+02
1.420944552206615015e+02
1.420058564798180214e+02
1.421246093298345556e+02
1.420017694226103231e+02
1.421804350512992414e+02
1.423405835501047818e+02
1.423292748688929237e+02
1.422854838235344062e+02
1.421250219979592941e+02
1.420703953307953782e+02
1.421463936460743582e+02
1.422807651944294491e+02
1.423448760692411383e+02
1.423182321086201227e+02
1.423108701277976991e+02
1.423203923916850044e+02
1.423796817788453382e+02
1.423200011623643491e+02
1.422226869669376867e+02
1.422992356513157119e+02
1.422609745144153521e+02
1.421724136345900149e+02
1.423758691883297161e+02
1.424331450748172756e+02
1.424696358058858152e+02
1.425613541928548784e+02
1.424020469426647821e+02
1.423946189190479572e+02
1.423901248478322827e+02
1.424781027971254730e+02
1.424190500923048717e+02
1.424296517902984931e+02
1.425862350907432869e+02
1.424444086620667065e+02
1.423470622070662728e+02
1.425248711511941337e+02
1.424483373463787075e+02
1.424963897118430509e+02
1.423628503630899331e+02
1.423546259996681727e+02
1.423457247158279699e+02
1.423137927390568791e+02
1.423740596231874065e+02
1.425008543960602196e+02
1.423852258309153740e+02
1.424508451228152524e+02
1.423673696778831470e+02
1.423797050592315827e+02
1.425616439618694642e+02
1.425150130967641644e+02
1.424319258839612132e+02
1.424715088184859724e+02
1.423169393895461781e+02
1.424641205638320685e+02
1.425345967882560387e+02
1.424828160068944669e+02
1.424941692088626155e+02
1.424195942440446743e+02
1.422887103947623189e+02
1.422947772356246503e+02
1.422872389921240881e+02
1.422469346917084749e+02
1.422695741214312193e+02
1.422467512040065856e+02
1.422938019418539852e+02
1.423280837100177223e+02
1.422974836779309555e+02
1.423093279972987943e+02
1.422617156512132794e+02
1.423403449884642384e+02
1.423136243626227895e+02
1.422307879045518177e+02
1.421880802353910269e+02
1.421950240159290786e+02
1.423788392820379727e+02
1.423734202311141814e+02
1.425278167362524755e+02
1.425506325816379558e+02
1.425726497008101603e+02
1.426631607859842177e+02
1.426892134234804246e+02
1.426458165322325726e+02
1.427036266051577797e+02
1.425936356949522406e+02
1.426818899049843594e+02
1.425234740074817807e+02
1.425143287232707792e+02
1.425392085371387054e+02
1.425215663666705552e+02
1.425733473103892379e+02
1.425498413557119477e+02
1.425754447527432660e+02
1.424889372988266985e+02
1.424726666699158102e+02
1.425588427599321335e+02
1.426513126089072330e+02
1.427284335451263075e+02
1.426540748017910403e+02
1.428007575756581957e+02
1.429168703900051298e+02
1.428466128689221080e+02
1.428579902712191085e+02
1.427260362917921270e+02
1.427694193880585090e+02
1.427605434987735578e+02
1.429661296822333725e+02
1.429607489587173745e+02
1.428555227287079106e+02
1.429440832545483033e+02
1.431459455060006860e+02
1.430152799141149274e+02
1.429904269700656698e+02
1.430854533930633181e+02
1.430976245170789412e+02
1.431097624787420841e+02
1.432094602033604929e+02
1.432516019651896784e+02
1.431444932091068836e+02
1.432380972817932161e+02
1.432722738442712114e+02
1.432076518772258567e+02
1.431905467130207796e+02
1.433017773716686065e+02
1.433160647140786637e+02
1.434129251871885344e+02
1.433858159165339998e+02
1.432905469614873653e+02
1.433145154741810074e+02
1.435188827428781906e+02
1.435663393714790459e+02
1.435311512737470423e+02
1.436324566908316172e+02
1.434453674460644379e+02
1.435263193905776120e+02
1.436053492181178513e+02
1.435854741088323294e+02
1.435858871594525681e+02
1.436270941629693993e+02
1.436245926132150146e+02
1.436179758779984752e+02
1.433745183226091626e+02
1.435939799994254145e+02
1.435240387666875108e+02
1.435969145177837447e+02
1.436957022640596335e+02
1.437407902016151411e+02
1.437107484076733499e+02
1.439472586150667439e+02
1.439573670780151247e+02
1.438821813087548662e+02
1.439195813935194792e+02
1.439200579651501641e+02
1.439352246521131065e+02
1.438521610459692113e+02
1.435798301918638344e+02
1.435503044858267288e+02
1.437241875299145022e+02
1.437485013152989666e+02
1.438251406938740047e+02
1.439496260143395432e+02
1.439812599325111933e+02
1.440512875067712457e+02
1.439694910052182877e+02
1.439608288165884176e+02
1.439658973541874332e+02
1.439941853540056513e+02
1.439956746792519766e+02
1.440049964694047446e+02
1.439961385480758054e+02
1.437528039425286295e+02
1.437672717723147571e+02
1.437444703142842286e+02
1.437144473546703978e+02
1.439468567269992718e+02
1.439578782443291800e+02
1.439600481956627789e+02
1.439044316795868212e+02
1.438127464202982821e+02
1.437960981524459783e+02
1.437661088744048357e+02
1.437115915254123593e+02
1.437189444694285214e+02
1.437538484929775109e+02
1.437799018309699477e+02
1.438175095852957384e+02
1.439279997685298156e+02
1.437046265786570132e+02
1.436445508031571876e+02
1.435799368744183653e+02
1.434291157673704618e+02
1.435952185309988920e+02
1.435908153950277892e+02
1.434561484833797635e+02
1.434321986505495374e+02
1.435713623147464943e+02
1.434663166555742464e+02
1.433735543559674568e+02
1.434439783745345665e+02
1.433070358867073537e+02
1.432940760394373854e+02
1.433536899927998149e+02
1.433655383056354538e+02
1.433634827389627162e+02
1.435512166681976964e+02
1.434307099472531206e+02
1.434653307433150360e+02
1.435899346479831422e+02
1.434316404106051834e+02
1.435636603439170358e+02
1.435973497127745588e+02
1.435827780709058743e+02
1.435824795828972071e+02
1.437158548216199279e+02
1.438970386435086652e+02
1.438434289815523357e+02
1.436845026617648102e+02
1.436614113777476973e+02
1.436519837802080986e+02
1.437019173999395605e+02
1.437977663616723021e+02
1.437119401428342371e+02
1.437459779951746839e+02
1.437317047784084423e+02
1.437117536963357054e+02
1.437565060781627437e+02
1.436134626518906998e+02
1.435876494926048110e+02
1.435285144891327604e+02
1.434863958582942303e+02
1.436483622056234424e+02
1.436586368468786077e+02
1.436539068486052884e+02
1.437066559116548206e+02
1.436731510653097530e+02
1.436836376605743055e+02
1.438874811901549720e+02
1.437343384260969117e+02
1.437889359958594468e+02
1.438014710227445505e+02
1.437427198301723763e+02
1.437621807487886088e+02
1.437422615175432270e+02
1.436855838454900152e+02
1.437407680676485029e+02
1.437921880681256823e+02
1.437670866613138685e+02
1.437690603284088127e+02
1.437436030588723099e+02
1.437064600370422340e+02
1.437861385710945399e+02
1.438309458163674037e+02
1.437881069311709155e+02
1.439659699315395187e+02
1.440018575783655308e+02
1.439769484870030283e+02
1.440861586781847450e+02
1.441528394389401626e+02
1.441684820960356888e+02
1.440625476980634403e+02
1.440794793036831720e+02
1.440316921148039739e+02
1.440416836005246353e+02
1.440659781730212501e+02
1.440750058383108865e+02
1.442248029672079497e+02
1.442324767803901864e+02
1.440961169553745549e+02
1.441017438772508683e+02
1.439231825340876867e+02
1.440031639894413900e+02
1.438895520067718508e+02
1.439078814909787809e+02
1.441175707502309251e+02
1.439844534790084651e+02
1.441295922403842269e+02
1.441420319583033063e+02
1.441324263936342902e+02
1.443226066964755887e+02
1.443612288573376361e+02
1.444281309368325878e+02
1.444000235745671432e+02
1.445454339937598434e+02
1.444202646457252683e+02
1.445134595784135456e+02
1.446559899235643343e+02
1.443834842699869512e+02
1.441975697972694093e+02
1.442941498065453629e+02
1.442682090262772192e+02
1.445215444314742115e+02
1.444025951599006419e+02
1.445555834095101488e+02
1.446360016328287657e+02
1.445200109886235396e+02
1.443530395972015015e+02
1.443557182927468716e+02
1.444253981135284164e+02
1.444631524254801036e+02
1.443716206475476440e+02
1.443582712191852977e+02
1.441548322859584630e+02
1.442193938688461969e+02
1.441265293242213943e+02
1.439442857067828925e+02
1.439195904384820324e+02
1.439043213943963622e+02
1.438747973508386053e+02
1.438470522176815223e+02
1.438740321537596856e+02
1.439181787939986350e+02
1.437231947985345357e+02
1.437226663879472426e+02
1.440332079235215588e+02
1.441178512033341690e+02
1.438658972079569764e+02
1.436779835866374526e+02
1.438411399252859724e+02
1.438229099735096383e+02
1.438592504094321214e+02
1.439450798506750004e+02
1.438916723604724837e+02
1.438294466243547163e+02
1.439071130120602220e+02
1.438966521310478015e+02
1.437464916164388455e+02
1.437370054487509208e+02
1.437439906610032381e+02
1.437160071272897710e+02
1.438139705654074021e+02
1.438793199651914847e+02
1.437393533907206518e+02
1.438296385734190039e+02
1.437738457727481602e+02
1.439454067978995226e+02
1.439719233912510106e+02
1.439593274244729457e+02
1.439073106777950670e+02
1.437602377191547589e+02
1.437394015112544423e+02
1.438982526953706724e+02
1.439288613774948544e+02
1.441716898783562613e+02
1.441951860102154797e+02
1.441849901330384967e+02
1.441286013394337147e+02
1.441807282004620845e+02
1.441692282978702053e+02
1.440637142719064911e+02
1.441492033265839439e+02
1.443643296425841811e+02
1.444755819497258926e+02
1.443730789044983567e+02
1.444478170404737227e+02
1.444044459461524923e+02
1.444322137676969930e+02
1.444220138628681980e+02
1.444170330790126968e+02
1.445378863035995494e+02
1.445260776910194807e+02
1.445201972092004041e+02
1.445158121053290472e+02
1.445400466674389293e+02
1.444811325355580038e+02
1.443300874857458211e+02
1.443740627321238321e+02
1.444346387550778559e+02
1.443167029072093897e+02
1.442997991090874734e+02
1.441042181604646260e+02
1.441787947654715083e+02
1.443363016631659832e+02
1.444386332816293077e+02
1.443897202699627087e+02
1.443579307505700626e+02
1.443647887868980320e+02
1.443852586030856173e+02
1.444034779500420314e+02
1.443885018936301208e+02
1.444462449782805891e+02
1.444220997900911811e+02
1.444146900488629797e+02
1.443672636117127013e+02
1.443276959807992625e+02
1.443369693485195739e+02
1.443182393789096238e+02
1.444315826002766983e+02
1.445240692999635144e+02
1.444991397661063388e+02
1.443531285736345069e+02
1.443500254446331326e+02
1.443403235144326402e+02
1.443694629334548551e+02
1.444435414882540556e+02
1.444240916102079098e+02
1.445075338756077201e+02
1.444821900402702681e+02
1.444404490080967491e+02
1.445373737964577003e+02
1.445665165035827329e+02
1.445670540873184393e+02
1.446307845055464441e+02
1.445905701351267112e+02
1.443548906239395535e+02
1.445587823838846191e+02
1.445991071588696570e+02
1.444738854034941085e+02
1.444266839728492187e+02
1.445770885782837638e+02
1.445729975554730231e+02
1.445547918341918319e+02
1.445255063178305193e+02
1.446193941332419968e+02
1.446143465944216473e+02
1.447249094391202959e+02
1.447615211520729588e+02
1.446447242439258218e+02
1.447515408882196084e+02
1.448259282083535595e+02
1.448342503847805176e+02
1.447921423672703725e+02
1.447780152445560020e+02
1.447436817092130639e+02
1.447310200220395302e+02
1.445731090023567731e+02
1.445573470503556450e+02
1.445870166315286269e+02
1.446445783400194216e+02
1.447516340288622132e+02
1.446489510871379025e+02
1.447403231135980093e+02
1.447725510822480715e+02
1.446703648953526908e+02
1.447058252511921239e+02
1.446205140322490763e+02
1.445455854005830076e+02
1.445443086004263193e+02
1.446440216330595945e+02
1.446948647822256078e+02
1.447162321405658645e+02
1.447170930316629835e+02
1.447168299523330006e+02
1.447925703598193081e+02
1.446641810417935972e+02
1.448411023619819957e+02
1.448891431526298561e+02
1.446777111741203328e+02
1.446341174201008641e+02
1.446883936243041262e+02
1.447449448580045157e+02
1.447473029863177771e+02
1.447975761500623832e+02
1.446343794031182597e+02
1.446531703781475073e+02
1.446582188852480897e+02
1.447629522859489271e+02
1.447380461521068469e+02
1.447498474938328172e+02
1.447723086713926648e+02
1.447545955584661783e+02
1.446569450071398819e+02
1.447632700557061582e+02
1.447602220380253755e+02
1.446282107502531744e+02
1.445496580335774013e+02
1.445309172979585810e+02
1.445261985435528231e+02
1.443152228215712114e+02
1.444029515569770297e+02
1.445785040638376984e+02
1.445326315259642627e+02
1.444750980729765217e+02
1.445998289845296938e+02
1.446051514644454699e+02
1.445666063453828372e+02
1.446190929797598983e+02
1.444940340366943872e+02
1.444108241412933467e+02
1.446151855560341630e+02
1.446595596698395241e+02
1.446622490447669520e+02
1.445208590373017046e+02
1.445225056439442426e+02
1.445214953107681879e+02
1.444087302030578996e+02
1.443502569226124308e+02
1.444913318679800796e+02
1.446805895027796680e+02
1.446552281990711890e+02
1.446798575782681837e+02
1.447482558864008695e+02
1.447273359432596465e+02
1.447453474769324941e+02
1.447172941470909109e+02
1.447655301238366690e+02
1.448117327027152896e+02
1.447670388206268228e+02
1.448413986057701095e+02
1.448618563745559129e+02
1.448858305949415239e+02
1.447749120092401256e+02
1.449233718440123937e+02
1.447872868365799945e+02
1.449796060523917163e+02
1.449887686759616088e+02
1.449467721177931594e+02
1.451184617290824690e+02
1.449057031428676225e+02
1.447823045055841931e+02
1.447457689675762822e+02
1.449224813631147981e+02
1.449236761011066221e+02
1.448491235626021023e+02
1.449053149434066370e+02
1.447363434440134995e+02
1.447182050521947190e+02
1.446999191164602223e+02
1.447111603102764263e+02
1.446942848414876721e+02
1.448503827970953353e+02
1.450163367934266603e+02
1.450406683963501564e+02
1.449666574196064062e+02
1.451474161192442978e+02
1.450525381117775794e+02
1.450587994999702346e+02
1.450938638097155717e+02
1.451946821438008897e+02
1.451123634820104371e+02
1.449379482881739989e+02
1.449766427910795699e+02
1.449300168986483470e+02
1.451505669584444149e+02
1.451883471581571428e+02
1.452052515964691395e+02
1.452204652927782718e+02
1.451390075759091474e+02
1.450245141691917752e+02
1.448534158277562085e+02
1.449020640747083917e+02
1.449068398897768191e+02
1.449201456076864076e+02
1.451435834749969160e+02
1.451127919191859235e+02
1.450602544074774300e+02
1.449004920396484977e+02
1.449178623555411320e+02
1.449033815721722647e+02
1.447040862172264042e+02
1.448962898139210438e+02
1.449562540011401381e+02
1.448545963833386168e+02
1.449401133597716296e+02
1.449826998583506281e+02
1.449128708445681468e+02
1.449490392708893864e+02
1.449679731271731100e+02
1.449682089419007980e+02
1.451481921894777543e+02
1.451952386298193005e+02
1.451732044018691568e+02
1.450904919005006093e+02
1.449141523096528488e+02
1.449141423948399847e+02
1.448580330076785572e+02
1.448607088305384138e+02
1.447393886097237043e+02
1.448694938265976475e+02
1.448614037413715039e+02
1.446468472871286792e+02
1.445301879652400885e+02
1.445277888524940693e+02
1.445631595336541864e+02
1.445828983654567992e+02
1.444984613672999103e+02
1.445878820331606391e+02
1.446662240550112983e+02
1.447334802395673421e+02
1.449003092459420827e+02
1.449094082769571230e+02
1.450091299392552742e+02
1.450046199955569364e+02
1.449877207518256057e+02
1.449751936562334151e+02
1.449666158277821637e+02
1.447386816443989801e+02
1.446919680346336463e+02
1.448924151096194350e+02
1.449080507379342748e+02
1.450032400195109403e+02
1.452060575425763034e+02
1.451347177326599649e+02
1.451292964214318033e+02
1.451110258828291251e+02
1.452188701801022717e+02
1.451554250860808111e+02
1.451315715384149598e+02
1.451335103894757594e+02
1.450839760121957625e+02
1.448977702549479147e+02
1.451619783620369617e+02
1.451909947078549692e+02
1.452320530086054191e+02
1.453053616202971341e+02
1.452902205632245511e+02
1.453255243918107737e+02
1.451013369914716122e+02
1.450769788911169371e+02
1.450818900218955321e+02
1.451401881489853736e+02
1.452335174210514310e+02
1.450404130605425337e+02
1.450670630227356241e+02
1.451964534245958589e+02
1.453342738918503301e+02
1.453426914559998977e+02
1.450860009447977745e+02
1.451723781731109000e+02
1.451559499411116860e+02
1.453399555206801779e+02
1.454129084398254577e+02
1.454657207100746064e+02
1.454721300023813910e+02
1.455413794315115297e+02
1.455781136792014081e+02
1.455672713264433469e+02
1.455639434068980620e+02
1.455536985279252633e+02
1.454674933252514677e+02
1.454705762184852915e+02
1.454396096161975720e+02
1.453572129834225279e+02
1.453323057095289528e+02
1.453653877795862286e+02
1.453579422318580043e+02
1.453410145674060630e+02
1.454199365712262306e+02
1.455518661255045458e+02
1.457084412069871178e+02
1.455150627498418885e+02
1.454389627373369649e+02
1.456194074032095500e+02
1.455148216215092134e+02
1.453367004212412610e+02
1.453790145220667114e+02
1.451287071433094411e+02
1.452721661005257090e+02
1.453145219096981293e+02
1.453082029459704643e+02
1.453349788218330048e+02
1.451461210109912656e+02
1.450365164069061450e+02
1.449383422539312676e+02
1.448055888643526430e+02
1.450883753493045560e+02
1.449308132509485461e+02
1.449249210478045882e+02
1.449749714158395193e+02
1.449858652184608445e+02
1.451677600160867030e+02
1.451539089710593089e+02
1.451832627456163323e+02
1.451475816267922880e+02
1.451374247036457916e+02
1.451965645485813070e+02
1.452656555419467850e+02
1.452817525105650986e+02
1.453191721459290306e+02
1.453207229424656362e+02
1.451462012983774343e+02
1.452052028048480281e+02
1.451857731695376401e+02
1.451841069425787509e+02
1.450314904441625004e+02
1.449751065836341866e+02
1.451814810023809059e+02
1.450388735030628879e+02
1.449762620539318050e+02
1.450750511036018793e+02
1.451276389003469092e+02
1.450851819047755669e+02
1.450503691393782049e+02
1.450445103918578980e+02
1.449722548452900242e+02
1.451762499439595615e+02
1.451244425775328750e+02
1.451460840126682967e+02
1.451467660239945872e+02
1.452808409857151446e+02
1.451995973570419096e+02
1.452632466960459681e+02
1.453226840316614243e+02
1.451081981451678757e+02
1.451426334354260348e+02
1.451878147034658753e+02
1.453114714641141632e+02
1.453686973792871129e+02
1.453371384740619305e+02
1.455457828959347921e+02
1.453855185264741863e+02
1.454458637808554613e+02
1.454617445662195223e+02
1.454615788698403946e+02
1.453529767437204043e+02
1.453579534089824392e+02
1.454704875291540418e+02
1.455116209024463103e+02
1.454236355717892479e+02
1.454141240134964050e+02
1.454664316338859749e+02
1.453701904788714785e+02
1.453404040868543348e+02
1.453316413238156883e+02
1.453658227145797639e+02
1.453203066358398701e+02
1.455228289308659839e+02
1.453076954405730135e+02
1.453865785178283261e+02
1.453949012677715018e+02
1.453105831107488655e+02
1.451785362190827300e+02
1.451603034326239481e+02
1.451451134683823909e+02
1.452164618037370758e+02
1.452954275802096902e+02
1.451855381499014470e+02
1.451017809024856717e+02
1.451434988375687283e+02
1.451219174348765932e+02
1.453246022945172342e+02
1.453027790541564457e+02
1.451044661381716310e+02
1.449315456906079191e+02
1.451288994755249746e+02
1.450802169540303339e+02
1.448993478315837251e+02
1.448907848451091809e+02
1.448591921751696248e+02
1.447919914559219308e+02
1.448379452832453467e+02
1.448192510724260842e+02
1.447654888664219470e+02
1.447077064011576795e+02
1.448853617545655084e+02
1.449436910955218991e+02
1.449356226623891644e+02
1.449539149275328782e+02
1.448156600696738963e+02
1.449221031805312521e+02
1.449336887571612067e+02
1.451144970789902118e+02
1.450879537259609720e+02
1.449748866455035454e+02
1.449224259063823297e+02
1.448886131605079868e+02
1.449252237353964574e+02
1.452995415652534916e+02
1.451277700847304857e+02
1.451073373770272212e+02
1.452022565937806746e+02
1.452079047664180962e+02
1.450363982118014690e+02
1.450394933469575562e+02
1.450647493997328752e+02
1.452683086177287066e+02
1.450727803814262415e+02
1.451531135738888452e+02
1.451172343453362430e+02
1.451318394759585431e+02
1.451989770069693577e+02
1.452139325404613999e+02
1.450615612272573856e+02
1.449396053941424611e+02
1.449734846954337399e+02
1.449690771267160585e+02
1.449524240739772836e+02
1.449513297012597377e+02
1.451212022519080733e+02
1.450321148861523568e+02
1.449641873474658382e+02
1.449379910857718698e+02
1.449295502846514978e+02
1.449195271210489864e+02
1.449043294366986743e+02
1.449651962105675409e+02
1.449844530548416515e+02
1.450147004445785797e+02
1.449488720426742816e+02
1.450744718640271458e+02
1.451564758742134984e+02
1.453564235944276959e+02
1.451932675869419143e+02
1.451848245671549194e+02
1.452038946950642355e+02
1.451858510569820737e+02
1.451491368427735722e+02
1.452151589949808965e+02
1.452019484968467964e+02
1.451423199475006811e+02
1.451509863553766309e+02
1.450619142394523351e+02
1.450811874978939215e+02
1.451133474094797293e+02
1.452628053314479075e+02
1.451171846075210681e+02
1.450772461839102334e+02
1.450283675246245139e+02
1.451909076381851094e+02
1.451867818615226895e+02
1.451890573271803646e+02
1.451121975203353713e+02
1.451076834378567639e+02
1.452038649955633502e+02
1.451863149280719938e+02
1.453614949354943633e+02
1.453497897716020475e+02
1.453817879357687843e+02
1.453345482442874186e+02
1.452982825480950453e+02
1.453667689353583512e+02
1.453955593143487874e+02
1.453165387407835567e+02
1.453768152083286793e+02
1.453404358321418783e+02
1.452407698945710877e+02
1.451976380646604241e+02
1.452041496154939750e+02
1.453218298799649801e+02
1.453181385771598855e+02
1.453403492538230637e+02
1.454435575588452707e+02
1.455260833406480003e+02
1.455417207618413329e+02
1.455301818772610716e+02
1.454352353695319948e+02
1.454379764071940713e+02
1.453926918177866980e+02
1.452483417991388421e+02
1.453732027949130270e+02
1.453773414752226927e+02
1.453212441471295904e+02
1.454567957700535601e+02
1.454872765026410093e+02
1.455742254412736258e+02
1.453598902970658173e+02
1.452734554123185831e+02
1.453424744259902752e+02
1.453277036980565242e+02
1.453140985586721854e+02
1.451471881383146183e+02
1.452256014542401772e+02
1.453402691284026957e+02
1.452432981640959895e+02
1.452838351555193128e+02
1.452573711013260720e+02
1.453607222446224512e+02
1.453984913094339788e+02
1.454047269191208045e+02
1.455508002356544353e+02
1.456018104120777821e+02
1.455135053649162558e+02
1.453460332913835771e+02
1.453223156509654643e+02
1.454852632827560797e+02
1.454974731125024618e+02
1.454792195945156266e+02
1.453179965160807683e+02
1.452767196965737071e+02
1.454313715014797879e+02
1.455318623710719805e+02
1.454816315404338809e+02
1.454891525887034902e+02
1.455136834830375392e+02
1.455724022520106189e+02
1.456123918527488286e+02
1.454803349982049383e+02
1.454827005780593652e+02
1.454804433607003489e+02
1.454442171196361357e+02
1.453607516617096564e+02
1.454257593554818584e+02
1.455647364556533034e+02
1.457083528902326748e+02
1.456177050769356924e+02
1.456250911592179307e+02
1.457252544437529025e+02
1.458726125336209805e+02
1.458914496891546548e+02
1.458965332683531813e+02
1.459294227688499745e+02
1.459702134890803791e+02
1.459098775866972062e+02
1.459302173584570710e+02
1.457859974245624812e+02
1.456497182591044748e+02
1.456660386589081781e+02
1.457204354315276191e+02
1.457576552928866249e+02
1.458859545083848275e+02
1.458466777372146623e+02
1.457220564632530113e+02
1.458922550806694289e+02
1.457659183933189695e+02
1.455604179203267279e+02
1.454794059707839153e+02
1.455309745010021629e+02
1.455893060513021169e+02
1.457578643724863241e+02
1.457380228404539650e+02
1.456709161259607299e+02
1.457877865177663637e+02
1.457314772247725898e+02
1.457584104622884524e+02
1.457147082649600520e+02
1.457800897082575489e+02
1.457737172526182121e+02
1.457559236851837454e+02
1.457884563741781960e+02
1.457602288124085419e+02
1.458034597954982132e+02
1.457407133485836255e+02
1.457346522931012203e+02
1.457688789707986530e+02
1.457216481754593076e+02
1.456057729576015447e+02
1.455498989520513362e+02
1.456916579348995811e+02
1.457383953539770403e+02
1.457847122672467890e+02
1.458008343910248072e+02
1.457819811359179027e+02
1.457138446742982580e+02
1.458405187756183068e+02
1.459138131524772461e+02
1.459390132899450236e+02
1.457986559692150479e+02
1.459177263214862421e+02
1.459427683832212495e+02
1.459361034355235063e+02
1.457445058065504497e+02
1.457950745867520936e+02
1.458080115980719427e+02
1.457687515413904009e+02
1.457551215251607459e+02
1.458817385901319881e+02
1.459514943779788609e+02
1.459219571178409751e+02
1.457358561366241929e+02
1.457774277200713016e+02
1.457617191629859690e+02
1.457168670598939570e+02
1.457204309895448375e+02
1.457301085350131586e+02
1.456899447324744017e+02
1.455048491645569300e+02
1.455157373076361864e+02
1.455593973959443019e+02
1.455511789239292568e+02
1.455669786216467685e+02
1.456483938055954184e+02
1.455976223633524569e+02
1.456603249530980122e+02
1.456306185803610731e+02
1.455981208843608670e+02
1.456785375006572565e+02
1.456366403350209282e+02
1.456060172774351713e+02
1.455365170643065937e+02
1.455321608233772679e+02
1.456020236334274216e+02
1.456049103432373215e+02
1.456333409786707875e+02
1.455840762665427803e+02
1.455803086250759009e+02
1.457471438559508101e+02
1.456688318141786169e+02
1.454701656873622824e+02
1.453824897192733658e+02
1.453695957992329113e+02
1.454248294177135108e+02
1.455463411087167742e+02
1.455368055665317115e+02
1.455298967769421949e+02
1.453474790068156608e+02
1.452968848581863597e+02
1.453828069516581252e+02
1.455014447616399025e+02
1.455166181329123845e+02
1.455318563553762772e+02
1.455576922527904173e+02
1.455029144626077482e+02
1.454606157316153201e+02
1.454853142780495716e+02
1.453951724032854997e+02
1.454463608754105621e+02
1.455134427700845663e+02
1.456219861102871107e+02
1.456173722458869690e+02
1.457641561261903860e+02
1.458412045353027793e+02
1.458072413812081152e+02
1.457359463434536622e+02
1.457233190727597503e+02
1.455547623700975066e+02
1.455471214893214267e+02
1.454534017861958546e+02
1.453878233128959607e+02
1.455419521253635367e+02
1.456005792820917577e+02
1.455608688969638820e+02
1.457600077631192050e+02
1.458048868774185394e+02
1.459287188839995508e+02
1.457888629935851270e+02
1.458175449769867669e+02
1.456102666055911925e+02
1.456453448366502812e+02
1.458064991319780006e+02
1.458571696561497504e+02
1.457703142517357833e+02
1.457656319243256746e+02
1.457683475610162702e+02
1.456818454746604345e+02
1.457150479017597888e+02
1.458347793553350300e+02
1.457829096139124090e+02
1.458909640408438975e+02
1.460373253269277143e+02
1.459876405641968518e+02
1.458635193201358504e+02
1.459922239885193278e+02
1.458070305581058506e+02
1.457289403906190444e+02
1.455571099553285137e+02
1.455779694778795772e+02
1.455556820618153893e+02
1.455310784427730368e+02
1.455910240960150475e+02
1.457501304583511512e+02
1.456501192246557252e+02
1.457460983813171254e+02
1.458823903055360347e+02
1.456736675541504269e+02
1.455088684048951109e+02
1.457034805574032248e+02
1.456975719374358675e+02
1.457612783600536375e+02
1.457354114497203739e+02
1.456877851676783564e+02
1.456409525415072608e+02
1.454649386796230033e+02
1.455218341623423441e+02
1.455517475311817179e+02
1.456759551534378261e+02
1.457016058617204521e+02
