8.093585395909418878e+01
8.023666021746629440e+01
7.994260496024641327e+01
7.963671509615434729e+01
7.926891867185409524e+01
7.893663477916926752e+01
7.856531256384882056e+01
7.804524298494996515e+01
7.755966601267951432e+01
7.696227275047812100e+01
7.635906978523307487e+01
7.592125711979765867e+01
7.551641332329427314e+01
7.531153091390891063e+01
7.501450091410458754e+01
7.480439687783490399e+01
7.459278027733331839e+01
7.422628318316918694e+01
7.397242837736320098e+01
7.369141538312344153e+01
7.360298073959221199e+01
7.339766396927235803e+01
7.323600871297556125e+01
7.301296016208681294e+01
7.280609733806764439e+01
7.248577714469544730e+01
7.202060825257751731e+01
7.176247393759068416e+01
7.161737178451595298e+01
7.147651888766310435e+01
7.112879712712499725e+01
7.085129594244355644e+01
7.089282769718738564e+01
7.058155552015985279e+01
7.029654916302843048e+01
7.011655392928282993e+01
6.969497974862510148e+01
6.943250091867408003e+01
6.922106034808449238e+01
6.892902696863392009e+01
6.881197426373350368e+01
6.865913216328617352e+01
6.848918410154381320e+01
6.827134967193414639e+01
6.805762051096836274e+01
6.787883185486496984e+01
6.773263500218473609e+01
6.763811833645596039e+01
6.745037571326089676e+01
6.725761790180396815e+01
6.705947270067034083e+01
6.676645224404543910e+01
6.652077765058390924e+01
6.639222130704706615e+01
6.618721789430367153e+01
6.598893618218114909e+01
6.563329135277599846e+01
6.555780232001296781e+01
6.545823975074657142e+01
6.534794724128529708e+01
6.526974611459179698e+01
6.514023718733669455e+01
6.501394031198766754e+01
6.479486501199227177e+01
6.469601744207533045e+01
6.452524485358100037e+01
6.439060523643533429e+01
6.436613095295055587e+01
6.426474645708934474e+01
6.416345771506662743e+01
6.413451795746551909e+01
6.405919126640660011e+01
6.398413768525330170e+01
6.372241181934598586e+01
6.349159607319932519e+01
6.336403106836115739e+01
6.338869086021445298e+01
6.318429288533130261e+01
6.315798688607547007e+01
6.318606906325794625e+01
6.307431857485728699e+01
6.302123472618703914e+01
6.283519193429754068e+01
6.280600178196186079e+01
6.265291555379717181e+01
6.267804245151150155e+01
6.253629724835929693e+01
6.223280231504176641e+01
6.215482930474378520e+01
6.206976530915675028e+01
6.192122080959313735e+01
6.180641008030846706e+01
6.165320523638705197e+01
6.153952372014519767e+01
6.145750345924109581e+01
6.126543930899563151e+01
6.111829762740732974e+01
6.105028075704511537e+01
6.099642758204648629e+01
6.088861029311748752e+01
6.073321234695853832e+01
6.073290634902161145e+01
6.073035135640641613e+01
6.059323990734180398e+01
6.059895068047888600e+01
6.045986465217968231e+01
6.039226531233471462e+01
6.022980102219916176e+01
6.010045659905851778e+01
6.003238996815311879e+01
5.996448576231907168e+01
5.998132977076175365e+01
5.986577818890199154e+01
5.964537963905204521e+01
5.952585696903611989e+01
5.949963641448906060e+01
5.941732845081893544e+01
5.941117103040285485e+01
5.928482361838972992e+01
5.928710644597176582e+01
5.921530376830705933e+01
5.903534168842578111e+01
5.893330747415524229e+01
5.886359224856080630e+01
5.882590380540109010e+01
5.871702704766757108e+01
5.867292660978336016e+01
5.854553592964970221e+01
5.841792971271699741e+01
5.838916243888616719e+01
5.823498324707465201e+01
5.802818139426349831e+01
5.799823305438432186e+01
5.799310660928157546e+01
5.797615386739025922e+01
5.799224885551576847e+01
5.784640093869149524e+01
5.773666477841030087e+01
5.768436705427237854e+01
5.760350376006993400e+01
5.747823293865281613e+01
5.736710507543921267e+01
5.737010590768015561e+01
5.754164621066272645e+01
5.741656449023624731e+01
5.715650429597525317e+01
5.713253205224601317e+01
5.705672265160332302e+01
5.696900314930424969e+01
5.697811922522816275e+01
5.693028740529359055e+01
5.690053385546842435e+01
5.676803657275935677e+01
5.663323679338387961e+01
5.648381069201117555e+01
5.648788592375372986e+01
5.647471214934499528e+01
5.645321472078057212e+01
5.657469077015585412e+01
5.646695261224249407e+01
5.640972558190484420e+01
5.635497244480806245e+01
5.623096644031055291e+01
5.605396245977449610e+01
5.605704963463524138e+01
5.595423150843730298e+01
5.597532155319710512e+01
5.599500114768138559e+01
5.604361246638117677e+01
5.598590077433873091e+01
5.588523450307502571e+01
5.587040280261265934e+01
5.584531820000181312e+01
5.584411288534240470e+01
5.577551762428545601e+01
5.557726605983498303e+01
5.544355158225507552e+01
5.526827831434617622e+01
5.527000575519004855e+01
5.525260599619883095e+01
5.523126918366330784e+01
5.519112439593360619e+01
5.507063136771754586e+01
5.503739225583643702e+01
5.502822451335293863e+01
5.498904362580513094e+01
5.492788612419545302e+01
5.479842345705817763e+01
5.480057648735416365e+01
5.479555535925094745e+01
5.476498123180552113e+01
5.471533991191724766e+01
5.468462546495899090e+01
5.462755663307402187e+01
5.455647922306270203e+01
5.451601578317911390e+01
5.440925680333667458e+01
5.435328664846408486e+01
5.439774569249921399e+01
5.437434818215810850e+01
5.423949115389294917e+01
5.417481071567090112e+01
5.410858540334891131e+01
5.424533028249494038e+01
5.426931465642596208e+01
5.407717969800559388e+01
5.401681641396484679e+01
5.407452292445615427e+01
5.409470320184971115e+01
5.399526916069546445e+01
5.386166561546711762e+01
5.391145498392673829e+01
5.378522617988357979e+01
5.373969392234798903e+01
5.367601452870508894e+01
5.361808755854566044e+01
5.354685604983377090e+01
5.349644758020854596e+01
5.352997454937692368e+01
5.356958443048560525e+01
5.347273055194868618e+01
5.335325479977054641e+01
5.332429610030435896e+01
5.326017725952191029e+01
5.325430834964615201e+01
5.323059906574764000e+01
5.327964774995659525e+01
5.330971844169219764e+01
5.330223870926402441e+01
5.317776858568996090e+01
5.317497382886813995e+01
5.307656625422733754e+01
5.302559813167041369e+01
5.285303871082252414e+01
5.282347465022575506e+01
5.280669513251771718e+01
5.278368063323893722e+01
5.276326209410758850e+01
5.264411350216504815e+01
5.272898674734229729e+01
5.267666749641603730e+01
5.265141421251915688e+01
5.263764731504155492e+01
5.260634953551468840e+01
5.262934173148391892e+01
5.259748454017297803e+01
5.262007008118772688e+01
5.256559949584016067e+01
5.259635142005861042e+01
5.256136283051527869e+01
5.249011145940755796e+01
5.241416096748409359e+01
5.227535077891094062e+01
5.224667475808511341e+01
5.223704223730602081e+01
5.229277916499656698e+01
5.213697625228410715e+01
5.207359206005460805e+01
5.216223012781291146e+01
5.211935700852030351e+01
5.205330195788300074e+01
5.217278184304183952e+01
5.214268432188342217e+01
5.211505232446040026e+01
5.201802351833740090e+01
5.189529549879538450e+01
5.174040784032886364e+01
5.178696226150279358e+01
5.170363488352977299e+01
5.167402258939944204e+01
5.162028832058304317e+01
5.144800173827215417e+01
5.143141273536215152e+01
5.132298904822632579e+01
5.138107633117353146e+01
5.141563565073436592e+01
5.133878317948455106e+01
5.125069019066921072e+01
5.120854779421103586e+01
5.114602289000101365e+01
5.119191665735105801e+01
5.113413182862467465e+01
5.130467540775234170e+01
5.128115159598880268e+01
5.118453343203529471e+01
5.107159012098097861e+01
5.122428377283881673e+01
5.115025690390672253e+01
5.124153694256323632e+01
5.112253715620379069e+01
5.114453411934454863e+01
5.109845958217320572e+01
5.113535825364313325e+01
5.108201421704546163e+01
5.115858792536829469e+01
5.109770096237465964e+01
5.092431417809122252e+01
5.067809309523249084e+01
5.069292712093747610e+01
5.062147683140777588e+01
5.044671376988593181e+01
5.052386999075305596e+01
5.052194406334255916e+01
5.045202216911912529e+01
5.048051896233272373e+01
5.037683163183960744e+01
5.019409331707883126e+01
5.020128818723240016e+01
5.029220417023049805e+01
5.038470770185259084e+01
5.032337062824615259e+01
5.027265032667343547e+01
5.030134259862106916e+01
5.030679173168746132e+01
5.037557631356001764e+01
5.017362451558460634e+01
5.010323601169051244e+01
5.010769953888569006e+01
4.996585763068544850e+01
5.000381395952544494e+01
5.003982677411848812e+01
5.007480921748361169e+01
4.999121840341980061e+01
4.999942380990728452e+01
4.984260647084646223e+01
4.984870457289533618e+01
4.985733703301147557e+01
4.991295488155758164e+01
4.985470875657851053e+01
4.977553843795032407e+01
4.975917893941061720e+01
4.976732665329527094e+01
4.976640408778828828e+01
4.984395599465225501e+01
4.969618289433417857e+01
4.956858256100861837e+01
4.952445136932941949e+01
4.951573149600375956e+01
4.935749109023556969e+01
4.910682972087567322e+01
4.894203895915246250e+01
4.892586521682592604e+01
4.903119199396847705e+01
4.893129655641288878e+01
4.880766912324722995e+01
4.878179304076411427e+01
4.884422561646571381e+01
4.888778639951846827e+01
4.887803779086824107e+01
4.898845713010521052e+01
4.903006275145761350e+01
4.900051508523028332e+01
4.887857473436520195e+01
4.897429388752227908e+01
4.888335604282250557e+01
4.885006563842613048e+01
4.886230123683369442e+01
4.887782604296916134e+01
4.890448695181365224e+01
4.887083440889517760e+01
4.896523124333236154e+01
4.899204769637340462e+01
4.892610475755398625e+01
4.888531083487416140e+01
4.905416327390567233e+01
4.894700101779428536e+01
4.879642970753808839e+01
4.865244376205084365e+01
4.853943669203897571e+01
4.857324403979041705e+01
4.855429315255459954e+01
4.850857467680634016e+01
4.861980916049654411e+01
4.846189663097830191e+01
4.846484750615630333e+01
4.848085081267917218e+01
4.860224317271489980e+01
4.853177120270333234e+01
4.858521424523993204e+01
4.861273306401687222e+01
4.868869303654042824e+01
4.861762007655310214e+01
4.855995175998608460e+01
4.854296314003300949e+01
4.857236727742662907e+01
4.861436258568660662e+01
4.856815222592885561e+01
4.851572704275471892e+01
4.845960672692960003e+01
4.851923320347601987e+01
4.845771950228415648e+01
4.830411452742092848e+01
4.835393374568370461e+01
4.838485804797565493e+01
4.843423992533983125e+01
4.831580062956211918e+01
4.824787982467145042e+01
4.829689731590311652e+01
4.820573733987253462e+01
4.804282844105709671e+01
4.802488417789908937e+01
4.797715841192000141e+01
4.803945793234473172e+01
4.806658336991161917e+01
4.805822964656252339e+01
4.811144805455553097e+01
4.830526390638026868e+01
4.823179373449916341e+01
4.811166591653635294e+01
4.797625787549036858e+01
4.796805311516366288e+01
4.799797792887447656e+01
4.800187525314974124e+01
4.788984073290023247e+01
4.783614976701293386e+01
4.773650889616016002e+01
4.773070924268490955e+01
4.763268263785049328e+01
4.757643489134837722e+01
4.755654593090651616e+01
4.751372355245837298e+01
4.745553576593569289e+01
4.744278864545657370e+01
4.744222856920688258e+01
4.747385987035810473e+01
4.743255206614527708e+01
4.756151321337445381e+01
4.741529834646154029e+01
4.751009110569754057e+01
4.739232229307142319e+01
4.731629541165761310e+01
4.721412109434826476e+01
4.722730681161335298e+01
4.729981386929439680e+01
4.705116078230545895e+01
4.703380605337284237e+01
4.704307860255521945e+01
4.710570983946912094e+01
4.703982521528326544e+01
4.702647158700779073e+01
4.699129749066414519e+01
4.693486774231390513e+01
4.693658634318889256e+01
4.686137012594251416e+01
4.683031009939735867e+01
4.682158680975445009e+01
4.678445258883029823e+01
4.685326401941657792e+01
4.689417260734028758e+01
4.682218271853913194e+01
4.678612348179730418e+01
4.676400660698632805e+01
4.683253746289452835e+01
4.680261340766667644e+01
4.675692276247025347e+01
4.670063884392765630e+01
4.676351628546920836e+01
4.667377959168509705e+01
4.669634442565192955e+01
4.669817850891804056e+01
4.667591605616310346e+01
4.669805575393989017e+01
4.669954499474702914e+01
4.676894096294029879e+01
4.668976768062581328e+01
4.658690954638167625e+01
4.662891756143482525e+01
4.657023061296334276e+01
4.645391029874869560e+01
4.652112864182272034e+01
4.645197313956437313e+01
4.636430210625033510e+01
4.629754790499829653e+01
4.625319726595714798e+01
4.628809165601791875e+01
4.629621759825731431e+01
4.633380407067955531e+01
4.632460259397269908e+01
4.636832921795122076e+01
4.631367551743589672e+01
4.605412478085366246e+01
4.603081532150499555e+01
4.608079770229188199e+01
4.609654143125438708e+01
4.610845391904086910e+01
4.605292957950215538e+01
4.603367672356299067e+01
4.606941464326391866e+01
4.593937977820895213e+01
4.616060697001758228e+01
4.613510192507154528e+01
4.613678585470952953e+01
4.618315743426100539e+01
4.608090525775001822e+01
4.604802516190625283e+01
4.592667806579554224e+01
4.585350997675777052e+01
4.584902473928625710e+01
4.572992961951231905e+01
4.563746525172687285e+01
4.570258584011440917e+01
4.582162815143411905e+01
4.565176392861626198e+01
4.560492972758302699e+01
4.565552482857334127e+01
4.551082807681518716e+01
4.565572781350287102e+01
4.561666985702847654e+01
4.544152933497840507e+01
4.540767738230878336e+01
4.540700123259463794e+01
4.529562424006954302e+01
4.525287566790133553e+01
4.539107910779851807e+01
4.546490474298265383e+01
4.549785080715498964e+01
4.545797740686736432e+01
4.540316686711743444e+01
4.538804994303468732e+01
4.543760459826011555e+01
4.537121109488078474e+01
4.532518223546112068e+01
4.536003882509346852e+01
4.535371142571844416e+01
4.531224015500866642e+01
4.546033660425498368e+01
4.530956559513799675e+01
4.511544397602008161e+01
4.511904331666583801e+01
4.513052857534685103e+01
4.511861246790103053e+01
4.509183318879024682e+01
4.484339304885409661e+01
4.483892271839798838e+01
4.482874901757089958e+01
4.488720817400579222e+01
4.489185611247641816e+01
4.489504869841111656e+01
4.488094344310584916e+01
4.493922872120720058e+01
4.480839425089340011e+01
4.478692384953986050e+01
4.474875850341021533e+01
4.463157633139238101e+01
4.464010549239272052e+01
4.452127105828456877e+01
4.459908084180379717e+01
4.449313994841334363e+01
4.443237544237270242e+01
4.445138510360303741e+01
4.436684648205203985e+01
4.427172991371485722e+01
4.406777050456927469e+01
4.408722407651277564e+01
4.420579421997570080e+01
4.429271938156892929e+01
4.431551893763941763e+01
4.427815193814787165e+01
4.428616497380348704e+01
4.426157363211265050e+01
4.422976902314911030e+01
4.428401448424709486e+01
4.431973177587936874e+01
4.432616555981462625e+01
4.430299995663403934e+01
4.427846999737293743e+01
4.425143758322982279e+01
4.429415519199339712e+01
4.428929963839316031e+01
4.410359829644189489e+01
4.411452947452973206e+01
4.412347363086153962e+01
4.416097780544780704e+01
4.432003363263662266e+01
4.425727179836552239e+01
4.432660588368381127e+01
4.432285773093599346e+01
4.434674572586590813e+01
4.429966563365334054e+01
4.429830609770235128e+01
4.414519525370646136e+01
4.416446458618455040e+01
4.419199402625440598e+01
4.422545563990034623e+01
4.408107306435883288e+01
4.410028322333787543e+01
4.414602286713036960e+01
4.412456026641473983e+01
4.411093060760661189e+01
4.392019150092417590e+01
4.387158617549002315e+01
4.398414774561693008e+01
4.393434445336612981e+01
4.382923721924187532e+01
4.393071791354243061e+01
4.383099005907860857e+01
4.367573341353743643e+01
4.369828311414597266e+01
4.385655470811843060e+01
4.390910563878382078e+01
4.390078941701097648e+01
4.390969390184787358e+01
4.395984142011833740e+01
4.377615995932686843e+01
4.399553807378116232e+01
4.376989829589518877e+01
4.389082652646651894e+01
4.386797430126779318e+01
4.372452174552211090e+01
4.369552071902588608e+01
4.366364102966633709e+01
4.360080335393355000e+01
4.363243710351544280e+01
4.363609283507883418e+01
4.359072677010519925e+01
4.354806904330305883e+01
4.351082628588913082e+01
4.364776489546416371e+01
4.349567951518199038e+01
4.334915419212796905e+01
4.333030104448192787e+01
4.329133503089789059e+01
4.324501989373843713e+01
4.329841823101487108e+01
4.343459535972262842e+01
4.345224907769872402e+01
4.342920430406564236e+01
4.348434190981700453e+01
4.332908922338233282e+01
4.328676453171846106e+01
4.334198152757988964e+01
4.345080337841503137e+01
4.354692276799011097e+01
4.350492085454974500e+01
4.346318057113636968e+01
4.340438719113249988e+01
4.332305112899050670e+01
4.331414252193268055e+01
4.319576785280471398e+01
4.315527713542108756e+01
4.305144764103000199e+01
4.306021789873877026e+01
4.306124244675778812e+01
4.301864867856731678e+01
4.305925695549237986e+01
4.318768619708504275e+01
4.311333756265091921e+01
4.310626755991365400e+01
4.309105645933261286e+01
4.304478220293238167e+01
4.306718118428416631e+01
4.300351174761281925e+01
4.289058049266061801e+01
4.278121792467327822e+01
4.271529034437131145e+01
4.276694266939081501e+01
4.275785165928238740e+01
4.287495360559601920e+01
4.283207309736518198e+01
4.276020345990098548e+01
4.274289188453533228e+01
4.279859185792381027e+01
4.292609539444312361e+01
4.280114330937193046e+01
4.269423504291486893e+01
4.258017673788897639e+01
4.239551389423076699e+01
4.232092299438349414e+01
4.225270999649368520e+01
4.234092020710131976e+01
4.215839107716040957e+01
4.209800842417268996e+01
4.207534756247007124e+01
4.184087374753372046e+01
4.189656279991486088e+01
4.211067216906604926e+01
4.211123142151204490e+01
4.213113418164696355e+01
4.218606451804451041e+01
4.230760321977534488e+01
4.230090279202470072e+01
4.244057996896462726e+01
4.247067100396490957e+01
4.253707083247463316e+01
4.236787007801368787e+01
4.232107454545410263e+01
4.229874402944128065e+01
4.237504728987087077e+01
4.230883967048271188e+01
4.233668358393963160e+01
4.231263581053823231e+01
4.220280872840161379e+01
4.223775783940754280e+01
4.209757228210827407e+01
4.206822881178131013e+01
4.206883793954003181e+01
4.202484691440663767e+01
4.189931278560626282e+01
4.190253176907574328e+01
4.201614977431946585e+01
4.209164479670265990e+01
4.218609487793244028e+01
4.209969994093457046e+01
4.229030839710026157e+01
4.211370974021938451e+01
4.207664856395064845e+01
4.211426542397440187e+01
4.208968408471730527e+01
4.199257355922115664e+01
4.190041965095758769e+01
4.189884856820379611e+01
4.184540265715755680e+01
4.184316145762649342e+01
4.190374043177192931e+01
4.189737141593655423e+01
4.196014841338384826e+01
4.188198087189388019e+01
4.170018136790829288e+01
4.169289085408853879e+01
4.169493530210861820e+01
4.166648694475377113e+01
4.166508976029194855e+01
4.161237690008282186e+01
4.166681302201865833e+01
4.156701827506805103e+01
4.156953238587014710e+01
4.151507035186815386e+01
4.153566307810321234e+01
4.154521025998215578e+01
4.151448896974417835e+01
4.155947376153783068e+01
4.150941294546831273e+01
4.152170703858021028e+01
4.148680194380074937e+01
4.149221953547723984e+01
4.150295133094974176e+01
4.152463970238727597e+01
4.146149719935585409e+01
4.155052722621486794e+01
4.132078496885774399e+01
4.131145371128729238e+01
4.130671489111855976e+01
4.126658769207671185e+01
4.132276489460357993e+01
4.137776684080064626e+01
4.140000216495725738e+01
4.151684336580726153e+01
4.151288871722272944e+01
4.146087765725398810e+01
4.146922481525321302e+01
4.148930827048358339e+01
4.145514064902629059e+01
4.159775126430658787e+01
4.152874759467142241e+01
4.139127941696047230e+01
4.137146957951926396e+01
4.147767636138734559e+01
4.145797749021588885e+01
4.153054498079098522e+01
4.153646780541404127e+01
4.155852855719235350e+01
4.143127865895495887e+01
4.134291049682292396e+01
4.125566326835516406e+01
4.119759608025108122e+01
4.106356194820169492e+01
4.100642274046397517e+01
4.102565931824130985e+01
4.105634102568937749e+01
4.114981989936686801e+01
4.128532269920362552e+01
4.135697668622390211e+01
4.131830343311322196e+01
4.123621353221822972e+01
4.119021902423050818e+01
4.126777845466039452e+01
4.131911229512493122e+01
4.131879648001154237e+01
4.146519441887706847e+01
4.151693171139324789e+01
4.147391577771290372e+01
4.139772897538842500e+01
4.130480241287300203e+01
4.133290841637261082e+01
4.135296543888578213e+01
4.129870030726482355e+01
4.130708287018561009e+01
4.147435031862235633e+01
4.131952741404123230e+01
4.129463366726191964e+01
4.131563175724971870e+01
4.125163300265020183e+01
4.116749581516451428e+01
4.128704242364426591e+01
4.125596903030648832e+01
4.131600600424319225e+01
4.120787709397185949e+01
4.115748933476140081e+01
4.129755481816026474e+01
4.111694288555906951e+01
4.126063455439059169e+01
4.120691496551150124e+01
4.102036018942859386e+01
4.109805021827857985e+01
4.106543468773860894e+01
4.099603940262337431e+01
4.090867567373956604e+01
4.105573581955995621e+01
4.096452490489589593e+01
4.110664095181659405e+01
4.106018879194593296e+01
4.093981929652935747e+01
4.092575206650999320e+01
4.092963772194796945e+01
4.090097770413743206e+01
4.089357462240068486e+01
4.071917788973288310e+01
4.069965485101126035e+01
4.071472669492889196e+01
4.075640600200544839e+01
4.060417109111115508e+01
4.061888864831950485e+01
4.064198804532201592e+01
4.062468633885011116e+01
4.055248635460937834e+01
4.079595145049568572e+01
4.056812687017804819e+01
4.066155861769409086e+01
4.070312392007311786e+01
4.058166281479120840e+01
4.043570354015982815e+01
4.050608156156538797e+01
4.050107293613410775e+01
4.049932377939918382e+01
4.048122892382644977e+01
4.052872640998594989e+01
4.030137235884926383e+01
4.041862225292462796e+01
4.027662349372219808e+01
4.020605696536104290e+01
4.027768694471903643e+01
4.023578955396126844e+01
4.013089948775751736e+01
4.006577892187873147e+01
3.996944064205971614e+01
3.987332493904596475e+01
3.992828350571361540e+01
3.994164832757321193e+01
3.988979321718384341e+01
4.018137349654229240e+01
4.019436060999286298e+01
4.025012833550612612e+01
4.020908242237935326e+01
4.006217212898938840e+01
4.015760729329697654e+01
4.023710543476790491e+01
4.012321207612503571e+01
3.999671887888237620e+01
3.993468402229570557e+01
3.993493739392548036e+01
3.992602593506957476e+01
3.993733206536460756e+01
3.991033934992869092e+01
3.988077369106268577e+01
3.975538032301746227e+01
3.978710206076028300e+01
3.970005118273205369e+01
3.974060120846697686e+01
3.979280852161768678e+01
3.965256908142080761e+01
3.975951146199211905e+01
3.970687903240801120e+01
3.971299730462833821e+01
3.966239462267940041e+01
3.967796264125355066e+01
3.951400703550246618e+01
3.965740864095762674e+01
3.965412963384147815e+01
3.969038298749590865e+01
3.964839733234315133e+01
3.959663076446260277e+01
3.951041884606608079e+01
3.957268167769333900e+01
3.948880883650446805e+01
3.945941375852648747e+01
3.941561669776969978e+01
3.936695885387370453e+01
3.921892524231201094e+01
3.922970065767126613e+01
3.932502547605050580e+01
3.930478253590704441e+01
3.937661913041873163e+01
3.939738795305162711e+01
3.943493293208589989e+01
3.938324409290046191e+01
3.930981848562831971e+01
3.930637158239070317e+01
3.916559366356221972e+01
3.928796397841819754e+01
3.901690557822515615e+01
3.887472072216234409e+01
3.901104338470295119e+01
3.906036338235895755e+01
3.905787202029176797e+01
3.909245758810066462e+01
3.909115564024020273e+01
3.909587642936236307e+01
3.913385006124477883e+01
3.917926630013482736e+01
3.919109825743856845e+01
3.912436369747483411e+01
3.931317773700809681e+01
3.925517333907851025e+01
3.923632277576671612e+01
3.926624130262492685e+01
3.928015739025086361e+01
3.923913477925120219e+01
3.907021418290975845e+01
3.915007498295720012e+01
3.915069646135463444e+01
3.910516582146787812e+01
3.908886496791545540e+01
3.892742853529525604e+01
3.889423067796317923e+01
3.890956312456423660e+01
3.899670811890840127e+01
3.890247971855772846e+01
3.901624206523277394e+01
3.882894246609335909e+01
3.888978343515660896e+01
3.888161732006222593e+01
3.886141579126874745e+01
3.883469501776629329e+01
3.886159569767786337e+01
3.890545247250760497e+01
3.889595500980853160e+01
3.890116811392304186e+01
3.893369665275972125e+01
3.910233135630690526e+01
3.908052842124090631e+01
3.909530935130575813e+01
3.902962525965070029e+01
3.901797578453077620e+01
3.914210793664708632e+01
3.921736584821945115e+01
3.912781133159175084e+01
3.888769228744603623e+01
3.884564524337627489e+01
3.882651113578270241e+01
3.883086901962395387e+01
3.890063405790705531e+01
3.880371239597345578e+01
3.885806536343353912e+01
3.873428307989062347e+01
3.876379964329232308e+01
3.889607648319778832e+01
3.891958244802488309e+01
3.888038061449555016e+01
3.882567124943195580e+01
3.878368917079221490e+01
3.895630749002829418e+01
3.896582519912163889e+01
3.899533455854648878e+01
3.918057149177113274e+01
3.911914737812293197e+01
3.912766982685555206e+01
3.909916396607998479e+01
3.912002550044613258e+01
3.888451151326697897e+01
3.879686041570829502e+01
3.883703457326070918e+01
3.867618908944938028e+01
3.882804772924888681e+01
3.890650640623203316e+01
3.899073291230036631e+01
3.892379188994733141e+01
3.887313690579581760e+01
3.880861686855255499e+01
3.875376811396517951e+01
3.878810705617149779e+01
3.885168204016418514e+01
3.873158869744096222e+01
3.870329678283371067e+01
3.864461090183227299e+01
3.862065134293924018e+01
3.848074395002529968e+01
3.842287239520427988e+01
3.842273963317724395e+01
3.836816727457847520e+01
3.850886073352554462e+01
3.850838519192001286e+01
3.841963627933067471e+01
3.844946359886852605e+01
3.843256208949993891e+01
3.849761361805063586e+01
3.847561966430430402e+01
3.848334508672225951e+01
3.850023641182643530e+01
3.848465542876297718e+01
3.852705368663184515e+01
3.848748837462218120e+01
3.851670370514470676e+01
3.847752649867758379e+01
3.841034798271152795e+01
3.830647209632905970e+01
3.829524132367885869e+01
3.832191858362662629e+01
3.832741629133095529e+01
3.847332153618236816e+01
3.849872748209850215e+01
3.852927646670924844e+01
3.853206053931412356e+01
3.846490634213693482e+01
3.874900757780552141e+01
3.868019549074642782e+01
3.848556776684048941e+01
3.854353358398061857e+01
3.831693723960721343e+01
3.819103580798186215e+01
3.844749234979882857e+01
3.843694017338289370e+01
3.842792975154188895e+01
3.848432005164819003e+01
3.860487329624005071e+01
3.855548424983579991e+01
3.875504243149646300e+01
3.858144076463025840e+01
3.879212688284779631e+01
3.874652130920794235e+01
3.878305658257490762e+01
3.876037863872267764e+01
3.877670007696218590e+01
3.880413389999411322e+01
3.866925278688897549e+01
3.867063385439071510e+01
3.864181956177758082e+01
3.845454118435356605e+01
3.842312531803217013e+01
3.842104283136754361e+01
3.834245707875972187e+01
3.832196079432495139e+01
3.846537556043298878e+01
3.826529544335365074e+01
3.822201167252060827e+01
3.816764609589289847e+01
3.815678935082058842e+01
3.807565822194528238e+01
3.807388334983786393e+01
3.803309945291513827e+01
3.805665317625366839e+01
3.822353348480713464e+01
3.820084814572438603e+01
3.801208184712743332e+01
3.807032952332076547e+01
3.805444612347449862e+01
3.805694326138255690e+01
3.794710798562034881e+01
3.795350110798943888e+01
3.781373106943112816e+01
3.777109408207879682e+01
3.789645861642416946e+01
3.790284090049525645e+01
3.763860730429255597e+01
3.751779402095389315e+01
3.762138260861743788e+01
3.781815740479093790e+01
3.772820886689845565e+01
3.776202720752719699e+01
3.792279694692808789e+01
3.798167117067946918e+01
3.795071961615693823e+01
3.795299761654115400e+01
3.797147615862487413e+01
3.792828218432539700e+01
3.790666578450581170e+01
3.786572714712533383e+01
3.781935528874652874e+01
3.787130838544989331e+01
3.778476189799764029e+01
3.782213495126242009e+01
3.769643831910247656e+01
3.778912026312080030e+01
3.767129040552392638e+01
3.770328895965523941e+01
3.766249273353160731e+01
3.767642390365549687e+01
3.768538081362243020e+01
3.780582600083491229e+01
3.782869794662600782e+01
3.771522898262308132e+01
3.776424373570747406e+01
3.776903747911062226e+01
3.772628527645139229e+01
3.780392919443134758e+01
3.770519882809637835e+01
3.757296420847849561e+01
3.767272473125807863e+01
3.780683107309786095e+01
3.778658414738418259e+01
3.766427463009575405e+01
3.775963843935772246e+01
3.770927279236305907e+01
3.771787276795588895e+01
3.781302618280447803e+01
3.786851443230862202e+01
3.772197818749875609e+01
3.782000944997264469e+01
3.780800637528859909e+01
3.773559651527217085e+01
3.764187208851908650e+01
3.762396388362927979e+01
3.769209277160157967e+01
3.781714293136296590e+01
3.781513561668870693e+01
3.780306331940130349e+01
3.790396423977635720e+01
3.799289670806712138e+01
3.795287484182031790e+01
3.788370153570514987e+01
3.776801772994371476e+01
3.774954978267280126e+01
3.770159277053183189e+01
3.774441281221811550e+01
3.766494202473755593e+01
3.762528365039673162e+01
3.767906762037411283e+01
3.769001319180301834e+01
3.771455972041798077e+01
3.771627830011988891e+01
3.749224920298118491e+01
3.746141138486304811e+01
3.747621838043116327e+01
3.751849728371826842e+01
3.757093439718227046e+01
3.753426842735898816e+01
3.754265603893480829e+01
3.751145732550853040e+01
3.736821752276846809e+01
3.751712701498986036e+01
3.750658146226103895e+01
3.748197547208982883e+01
3.734395652131983212e+01
3.733704591068652690e+01
3.727917120066686607e+01
3.728455528758294690e+01
3.733547777993279482e+01
3.733313971749542759e+01
3.731448694945594013e+01
3.736077089264949080e+01
3.747736363091872391e+01
3.738741043183465251e+01
3.748424180887289481e+01
3.748977092038043679e+01
3.729659427629218271e+01
3.705888452128279198e+01
3.705588020276842798e+01
3.706313144380192171e+01
3.718600946266887064e+01
3.708447851807274986e+01
3.722791756303723076e+01
3.715149141775253128e+01
3.723896405283893074e+01
3.727822315151814792e+01
3.724845223543852057e+01
3.711611741298564482e+01
3.705378555140331542e+01
3.705510661971788267e+01
3.702135457139193875e+01
3.704968191010455314e+01
3.703450085870485253e+01
3.694158192425128817e+01
3.681940574151804668e+01
3.692465105587641006e+01
3.701175008480055340e+01
3.702152120709758520e+01
3.702199141791253112e+01
3.709083008689496808e+01
3.728079019883053036e+01
3.714588270815450244e+01
3.719299066499490891e+01
3.721584385755674873e+01
3.737970087297699706e+01
3.731904633714202646e+01
3.736910130551734710e+01
3.731144474956314383e+01
3.729292418994266001e+01
3.737059042362739092e+01
3.717089229505187831e+01
3.727883085513425243e+01
3.727835465328899289e+01
3.732180737793547820e+01
3.748624913370310452e+01
3.735295480109617472e+01
3.730908615081073521e+01
3.730714705354351679e+01
3.728494810742286347e+01
3.732062167051053336e+01
3.720835119655563261e+01
3.726542965200373914e+01
3.741224784745612197e+01
3.728282933292152279e+01
3.729068400618847079e+01
3.727345437004009199e+01
3.727321559690480512e+01
3.709105411347525205e+01
3.706188241582062659e+01
3.700736182235676353e+01
3.703831155765657002e+01
3.712734563281808420e+01
3.713342258583958255e+01
3.717925689652973631e+01
3.722870419164807032e+01
3.718191861616992355e+01
3.720614306881495992e+01
3.716246771112862746e+01
3.730337346069352833e+01
3.712358902212832135e+01
3.696558269712573974e+01
3.691141326405899292e+01
3.710265021268856600e+01
3.720351333506070546e+01
3.707520448569268723e+01
3.717445390911758807e+01
3.708652868584291440e+01
3.708201934406584144e+01
3.699330672909062656e+01
3.682885237371121434e+01
3.674196173606951987e+01
3.666717985303270666e+01
3.676620986183765893e+01
3.670184567808677656e+01
3.673547325336768665e+01
3.672812852654280391e+01
3.684515730122551957e+01
3.671104525739651336e+01
3.671678793241387950e+01
3.669340545756335814e+01
3.678147533386476908e+01
3.677867391543529152e+01
3.666691613921542370e+01
3.671006131831634178e+01
3.663913241728495507e+01
3.661882522021017650e+01
3.669069033878795949e+01
3.685956304128084327e+01
3.680399932649081052e+01
3.693571370819182675e+01
3.687106566278617237e+01
3.687328319500809926e+01
3.683878864709885192e+01
3.687107706081329894e+01
3.691880187831355897e+01
3.689508640672664086e+01
3.687338828759867226e+01
3.679962074149283779e+01
3.688842170626435291e+01
3.694908299734628088e+01
3.694986939436718387e+01
3.690357792991179053e+01
3.687940146874760927e+01
3.697284085570095158e+01
3.689320321826614446e+01
3.683966329045475163e+01
3.686139660674894714e+01
3.681313750330370027e+01
3.687510499947144638e+01
3.684500991959465921e+01
3.669358105272787896e+01
3.668079716071060403e+01
3.669393820786494587e+01
3.666983912496874609e+01
3.665945369970554424e+01
3.669282666232388834e+01
3.670535855118647106e+01
3.669579868347194918e+01
3.666428801557853490e+01
3.659805203882499569e+01
3.650609185674054658e+01
3.670253569791698567e+01
3.663456256022819701e+01
3.666307707816503125e+01
3.649802323316670538e+01
3.648263501940714804e+01
3.629696697411532114e+01
3.638941313310292713e+01
3.648679257630920603e+01
3.639056756604358611e+01
3.630471088756197418e+01
3.629088996625466024e+01
3.626590150259171708e+01
3.629630272861704299e+01
3.632496482413935723e+01
3.631498341685597353e+01
3.629989589450597975e+01
3.629645936294602393e+01
3.633018968579388286e+01
3.632663532218767699e+01
3.648414639838452445e+01
3.650937748723025322e+01
3.634179004072056074e+01
3.634123815818908554e+01
3.625384964373338903e+01
3.630712501067141318e+01
3.645054242042246528e+01
3.647251749811013610e+01
3.656667087749337242e+01
3.652900137640923361e+01
3.655704321499291609e+01
3.667020644762399684e+01
3.667840268843912099e+01
3.668333475188850912e+01
3.657394535536592173e+01
3.654943968451176062e+01
3.642812810277107616e+01
3.634332195901864537e+01
3.626035866770886429e+01
3.627938422041851396e+01
3.631518772276664464e+01
3.630371369820875316e+01
3.633053256916070950e+01
3.644300757036315019e+01
3.631127955403654539e+01
3.624395076748076860e+01
3.625849262072019741e+01
3.629285873191490452e+01
3.628581897806193268e+01
3.628543017005436155e+01
3.627316885095233800e+01
3.610006744912958254e+01
3.613173858432671182e+01
3.614186530925717022e+01
3.628128420432465617e+01
3.621328096153026621e+01
3.631956304874854169e+01
3.629315856287897191e+01
3.636873572138598121e+01
3.632726149714345354e+01
3.636158966943328608e+01
3.632808331886910480e+01
3.610870115036629358e+01
3.605659050755524930e+01
3.627540345329175153e+01
3.609946743414869275e+01
3.610855416162770126e+01
3.611992212912910816e+01
3.606110627753176345e+01
3.598597942288711238e+01
3.599143707154453864e+01
3.580372979122115851e+01
3.585599892201543071e+01
3.586550235094244954e+01
3.588852319788211531e+01
3.592457399087120251e+01
3.588998354080351305e+01
3.568571487187296043e+01
3.554904726027776718e+01
3.566002290880165049e+01
3.571158476586472830e+01
3.568545702697880984e+01
3.554495378260799754e+01
3.551909219605008161e+01
3.552009017203345564e+01
3.550874081591906872e+01
3.550945305116787409e+01
3.566125350133852123e+01
3.546370524386662026e+01
3.554193046320496308e+01
3.539882619098847272e+01
3.531333093836312287e+01
3.544081591628736305e+01
3.540088963841328251e+01
3.545188558856758476e+01
3.547476282904905531e+01
3.539779173297480241e+01
3.534596657978200795e+01
3.534202921107038264e+01
3.527669719679434479e+01
3.544890012547740099e+01
3.534749536760892141e+01
3.532329421338716458e+01
3.528192685578829924e+01
3.534064800608237533e+01
3.517430489698033114e+01
3.515277781783230182e+01
3.521349927268197888e+01
3.515549893866210596e+01
3.529941988588061719e+01
3.545322852817315606e+01
3.548240039652063871e+01
3.564975683678306950e+01
3.571619445678334870e+01
3.557096316980727124e+01
3.558184434687256470e+01
3.551195859399994248e+01
3.544681316787645642e+01
3.549470354911196779e+01
3.531011787342278296e+01
3.530821480078070351e+01
3.534957063767913610e+01
3.538430471402759281e+01
3.543094556095101666e+01
3.539409731395679160e+01
3.533795749362664651e+01
3.536594914448878768e+01
3.539419744547165436e+01
3.561456050832727271e+01
3.553471315103292483e+01
3.552418886799403452e+01
3.533907217503092824e+01
3.530972167505724713e+01
3.519621421834280994e+01
3.507635118783562689e+01
3.517816040047405579e+01
3.521083408259677583e+01
3.516696744105420436e+01
3.507489505264765484e+01
3.518469582951983199e+01
3.509936691716283974e+01
3.509766089981195591e+01
3.532270053323831860e+01
3.539857320752525283e+01
3.534935071402060203e+01
3.534298376413253351e+01
3.530516554351243741e+01
3.533544237022299939e+01
3.529041441177452043e+01
3.514123314595499892e+01
3.512471495124714238e+01
3.523595207913756866e+01
3.519250558883372548e+01
3.505656555408173602e+01
3.500181881094674452e+01
3.493239221122891536e+01
3.500945411882664615e+01
3.513565221766235425e+01
3.512630763890797425e+01
3.510964268036345715e+01
3.510482121307721570e+01
3.513824937516930191e+01
3.512537632466017357e+01
3.523845355235420840e+01
3.533900968242228657e+01
3.531567844058232453e+01
3.529893020510135671e+01
3.510599410674580412e+01
3.505250264360031309e+01
3.486677521320468998e+01
3.494800414971720670e+01
3.501051505527625807e+01
3.491530439454957957e+01
3.488165919967158146e+01
3.484730202594642634e+01
3.491856101971626458e+01
3.489957068262062023e+01
3.483569182074216286e+01
3.465931687132947303e+01
3.483826911802656667e+01
3.481529489531005339e+01
3.480798078454871103e+01
3.470237331512685586e+01
3.462132462670331279e+01
3.453954038971940577e+01
3.448984976288077320e+01
3.465476452856337630e+01
3.459695380936995690e+01
3.463520854997425857e+01
3.466055245669499385e+01
3.454212718684990335e+01
3.470409656682961241e+01
3.474153343286519657e+01
3.480133116519335346e+01
3.459924538816629536e+01
3.457024597268588906e+01
3.450314982786823492e+01
3.442673555878902647e+01
3.451723098012473656e+01
3.464128124869497327e+01
3.462444947753363778e+01
3.474668620065580882e+01
3.471011208956664973e+01
3.481845253925872186e+01
3.471879506408848215e+01
3.462729610991650020e+01
3.447409998579984602e+01
3.459279322336787743e+01
3.473426662302160395e+01
3.463204824111945612e+01
3.434492124338959229e+01
3.451628863819128412e+01
3.443804395238326066e+01
3.446872120591249455e+01
3.433400782658592476e+01
3.451478982209768986e+01
3.449306549266373167e+01
3.448431534300826229e+01
3.466081299596685028e+01
3.464842339779896463e+01
3.473190466565587542e+01
3.481558562932617207e+01
3.488023427022388745e+01
3.497229360700718104e+01
3.487520201357937566e+01
3.471266509830933700e+01
3.481630843465137559e+01
3.471311491932318205e+01
3.454128937010005984e+01
3.474021634314222950e+01
3.487270284201566994e+01
3.481730260962576295e+01
3.476510219537238555e+01
3.468717062587836608e+01
3.469337092793211497e+01
3.487423270601559722e+01
3.475283040427983394e+01
3.477154369704003045e+01
3.477047937400302402e+01
3.474385807427053408e+01
3.472271726043648243e+01
3.451097385252256800e+01
3.459624879815631004e+01
3.466344042017473726e+01
3.451825187697683361e+01
3.461770259138025807e+01
3.460758294111631983e+01
3.457322612687651286e+01
3.456402061518672042e+01
3.457332641056604672e+01
3.446244629026770667e+01
3.445831696565461755e+01
3.432388025518612551e+01
3.417572232824400658e+01
3.410019674217909369e+01
3.427451849760908686e+01
3.409504287496440611e+01
3.424692184007675877e+01
3.432160384837241196e+01
3.409574482431995790e+01
3.416815228063756393e+01
3.422757821797579680e+01
3.422788397995103082e+01
3.420419720319912926e+01
3.410055281492883950e+01
3.426012940302317844e+01
3.414577231434012106e+01
3.403853278451785513e+01
3.408962259678323647e+01
3.417008529475086220e+01
3.419586251728802750e+01
3.425250173060963021e+01
3.425345116679856261e+01
3.425903387343372941e+01
3.413037813492808681e+01
3.429696237101601497e+01
3.425502442351238841e+01
3.418241991900915622e+01
3.416433089336866402e+01
3.419092437300135146e+01
3.410638535698915064e+01
3.410759067950991863e+01
3.404648518106377253e+01
3.393529450146399995e+01
3.399838319777985873e+01
3.405697199401917175e+01
3.389457040932397547e+01
3.391426084320513468e+01
3.396068411596039738e+01
3.398063779286540154e+01
3.397286140361693185e+01
3.386640576716310846e+01
3.379010256210423790e+01
3.374136276238652243e+01
3.388238990537164597e+01
3.389661708242019245e+01
3.390467260796271631e+01
3.383604498764606205e+01
3.381557863899153205e+01
3.386571141252230888e+01
3.386124145788121353e+01
3.388456741870966482e+01
3.386933295179046866e+01
3.389107600817602162e+01
3.386299868820604075e+01
3.393166604647770868e+01
3.383372661659690550e+01
3.374011418613105917e+01
3.369007882084118677e+01
3.367891080896828981e+01
3.385799889380469807e+01
3.369656783980871495e+01
3.370393097466905630e+01
3.368053547316518603e+01
3.367310216133444101e+01
3.366554137892308773e+01
3.349964629663007543e+01
3.351196002995870060e+01
3.354319776670382680e+01
3.351055509054591397e+01
3.353451956691770874e+01
3.344826965093465532e+01
3.358492126839490055e+01
3.356480102624358608e+01
3.369526887824765282e+01
3.364664947796130434e+01
3.353512893944451889e+01
3.351614646882162418e+01
3.351737251617075231e+01
3.372278726504768542e+01
3.366448263994529100e+01
3.372464428362066968e+01
3.371070688247925773e+01
3.372098275663685740e+01
3.380772199263951450e+01
3.356533703442285343e+01
3.355688646562771993e+01
3.383476787712923795e+01
3.382894971304776988e+01
3.370452926795616833e+01
3.366179209410700679e+01
3.365087798296090682e+01
3.365905616096662101e+01
3.370584164244159098e+01
3.346444908901386128e+01
3.344025719212316972e+01
3.344299247045412216e+01
3.349853506288964411e+01
3.334510655580680094e+01
3.350981308634557365e+01
3.337188053264524967e+01
3.332039995869585880e+01
3.331175120625046304e+01
3.329408095186244765e+01
3.333320744793068258e+01
3.339109575358797599e+01
3.347644315121253555e+01
3.348383616020889519e+01
3.352034501495966623e+01
3.354003889476395983e+01
3.371867905076013017e+01
3.367083753700885751e+01
3.369069455180346750e+01
3.384930641179951749e+01
3.371271410663268853e+01
3.367143820350062811e+01
3.371356953697083725e+01
3.377508785320008400e+01
3.354239497430194916e+01
3.352631867846310598e+01
3.354543628251723675e+01
3.354616124935971300e+01
3.336134861624288561e+01
3.327662713788827631e+01
3.326043701927822127e+01
3.328985207745020602e+01
3.334968202662552272e+01
3.342397041111905054e+01
3.343200831594272415e+01
3.346180440015906044e+01
3.353669218335770097e+01
3.356230733479094397e+01
3.347746209837994513e+01
3.345610615126704346e+01
3.340656649884074625e+01
3.326793710186518638e+01
3.307264625045674222e+01
3.317739920800167397e+01
3.327501423780066148e+01
3.323376307828024778e+01
3.306576838402752827e+01
3.309755088594311445e+01
3.321722317271448333e+01
3.328253145407821023e+01
3.319802940225790167e+01
3.313887031061826605e+01
3.300732881259072826e+01
3.293269187573731216e+01
3.306778740209288969e+01
3.315153381758310758e+01
3.310689459106178845e+01
3.307077448151609644e+01
3.299202310094155166e+01
3.302038784757235135e+01
3.284424280403001006e+01
3.296598725463468327e+01
3.308690622911160517e+01
3.320162441567337908e+01
3.313751910631263087e+01
3.310452266092865869e+01
3.308892322355544735e+01
3.306600436407354948e+01
3.318090824741413769e+01
3.304994056654352619e+01
3.322499998737564653e+01
3.324970865227933103e+01
3.330816069605489105e+01
3.312308064105441474e+01
3.310926540729614942e+01
3.307793271313409633e+01
3.275471686994561793e+01
3.300623399746935149e+01
3.293899715318100618e+01
3.298433543697279191e+01
3.298806528991386244e+01
3.309319048578554856e+01
3.311140633049702586e+01
3.308930202386905961e+01
3.289801176047671305e+01
3.287600157862191708e+01
3.295763365201595718e+01
3.287670318212225595e+01
3.313526782625590528e+01
3.312315528368196738e+01
3.310611498983558931e+01
3.307594238056001501e+01
3.315191663060819849e+01
3.315470651660520218e+01
3.312692089884052393e+01
3.313009307504378853e+01
3.312599354265158524e+01
3.313565059842976979e+01
3.314300089458802745e+01
3.307142923153087111e+01
3.308527779211033959e+01
3.310663027326875607e+01
3.293759563225793130e+01
3.260587547982907353e+01
3.267943125008090277e+01
3.281040528398334288e+01
3.292054529249661243e+01
3.307051271659617697e+01
3.290754426645377606e+01
3.271674071670365436e+01
3.282193171896815187e+01
3.284192152826661726e+01
3.273444219454596293e+01
3.283343241754241859e+01
3.274152099268712846e+01
3.286085646954313688e+01
3.269460086964410550e+01
3.275394539950664097e+01
3.273103399711452255e+01
3.269530699689228470e+01
3.271339104574941103e+01
3.272063326897640678e+01
3.276133352366701246e+01
3.290595438303324016e+01
3.273435631535912904e+01
3.274339945704825539e+01
3.270857434769387595e+01
3.273326852304341372e+01
3.291050605223804837e+01
3.268352557160746130e+01
3.291409129707035675e+01
3.291913739181556764e+01
3.286852462610765713e+01
3.286233249733233919e+01
3.273072428807186895e+01
3.292940739480347645e+01
3.298870661478287758e+01
3.287164336729881597e+01
3.267138795301769250e+01
3.266523066129193609e+01
3.280605761303373669e+01
3.283863581881252003e+01
3.285584439536599177e+01
3.287276521016475783e+01
3.300375852842996238e+01
3.295854605413951788e+01
3.288982795101222933e+01
3.308027437813761651e+01
3.301405795510682140e+01
3.300545926643250283e+01
3.287289461333822516e+01
3.287128740563274931e+01
3.285476246834785741e+01
3.293894315856592669e+01
3.291517677233883177e+01
3.291678138640030227e+01
3.283748901408566212e+01
3.287568547716242051e+01
3.281873271579031837e+01
3.271638066441829551e+01
3.265097530070185172e+01
3.269114116416807292e+01
3.262329153940704884e+01
3.257981424230855794e+01
3.257615923279728776e+01
3.271625218466156326e+01
3.270744520155442103e+01
3.251059631025027841e+01
3.261849394792594836e+01
3.259312143309573173e+01
3.277406927247844237e+01
3.282298208366967884e+01
3.249450640069895968e+01
3.227865147311798211e+01
3.236504346995672421e+01
3.244986610040857045e+01
3.264557885881424681e+01
3.249097940321238553e+01
3.265340625462335566e+01
3.245116438118748192e+01
3.264201517444654144e+01
3.266408673149756225e+01
3.281368691998371645e+01
3.282574397451311654e+01
3.299327598241124093e+01
3.285631095503964616e+01
3.289818511816027069e+01
3.281538617602063113e+01
3.295535752313535482e+01
3.298125984451832693e+01
3.295547458396294616e+01
3.289524315545173039e+01
3.284735802082754219e+01
3.285302977612531095e+01
3.291287336808344577e+01
3.303908413502187358e+01
3.290629422189534381e+01
3.307067831515247747e+01
3.286428982402907906e+01
3.306094358996149651e+01
3.302586605499904238e+01
3.291461963647199696e+01
3.304791275710140752e+01
3.298970179311065465e+01
3.303308702127902308e+01
3.294614709537670905e+01
3.291510328247574790e+01
3.300499329466867238e+01
3.304279852109129934e+01
3.303064669886296656e+01
3.305068921405978699e+01
3.312207140093910596e+01
3.308423131087904778e+01
3.311887952321701789e+01
3.303981719118297633e+01
3.320384970045525819e+01
3.307044369570016329e+01
3.288711660804503367e+01
3.316487916125161917e+01
3.312564815470008739e+01
3.311335783426925872e+01
3.314876384842823853e+01
3.299696747554818899e+01
3.296066501424566297e+01
3.294918205058102956e+01
3.288789721156664569e+01
3.291286396062186270e+01
3.291178928557950911e+01
3.305589293933180528e+01
3.291661520679107156e+01
3.290202616594294227e+01
3.293330866889579056e+01
3.306436087574640936e+01
3.306148326701997320e+01
3.310168535429313863e+01
3.305315742028418668e+01
3.299188082093195362e+01
3.294889472618645243e+01
3.291746933975660738e+01
3.294083653507911436e+01
3.280833869468009567e+01
3.286667322641371669e+01
3.284254625961779794e+01
3.279788491284503493e+01
3.287860949548063161e+01
3.271362611994486969e+01
3.279348748139614145e+01
3.274702793763623276e+01
3.268164203985656258e+01
3.266838964572315973e+01
3.266099229641109503e+01
3.269442024038521311e+01
3.282926958781039417e+01
3.293590731585054954e+01
3.297923997432140197e+01
3.295285927502728640e+01
3.309673893488228913e+01
3.297730037395675140e+01
3.279593233075097203e+01
3.275668546669906078e+01
3.271265876113027815e+01
3.268345846970854041e+01
3.276426241546355556e+01
3.271251775039569765e+01
3.267060712120490251e+01
3.262663393290196723e+01
3.257433562885321265e+01
3.250137872919853521e+01
3.275786400091992334e+01
3.259459958337865260e+01
3.255655845463671483e+01
3.256391682659481290e+01
3.248872774078542136e+01
3.254360779968970974e+01
3.250340912957756245e+01
3.239952492045684096e+01
3.249351379958181241e+01
3.258711029101394985e+01
3.257266440941540964e+01
3.263805491539521597e+01
3.269191050198531912e+01
3.266050209552557959e+01
3.265784995927248957e+01
3.269557780021489179e+01
3.263550922221160988e+01
3.269112765166927659e+01
3.282623690135238803e+01
3.285835963308314689e+01
3.286247132730822784e+01
3.296796234954022253e+01
3.310688080861883975e+01
3.298715725675167931e+01
3.308466122344666616e+01
3.301141158623454430e+01
3.315241956959280145e+01
3.299780266165050335e+01
3.289760048187579144e+01
3.276302032224377569e+01
3.275076093594788773e+01
3.268112763972651891e+01
3.270382800372915710e+01
3.289114948987312914e+01
3.285660089919633720e+01
3.276180520334531110e+01
3.290807580390288933e+01
3.299596191862318051e+01
3.296217619452189496e+01
3.287803731217364600e+01
3.285156704386793081e+01
3.270690026478212076e+01
3.269347022060177466e+01
3.260557131888151616e+01
3.258120958350149010e+01
3.250877822625844971e+01
3.271263135970347236e+01
3.268846600613024833e+01
3.266511723118136246e+01
3.267772298133276365e+01
3.268440291787333507e+01
3.269085624071568219e+01
3.289449459746087712e+01
3.270906782537863933e+01
3.270531450727096967e+01
3.262248833403506865e+01
3.252764830062852752e+01
3.267657634873572192e+01
3.270432893668290575e+01
3.275607904329047670e+01
3.276978579002153680e+01
3.273913967946052850e+01
3.271090393330582202e+01
3.251768025261036144e+01
3.264301296496396532e+01
3.268520119270655755e+01
3.286191705773317295e+01
3.283039768239336809e+01
3.264861738760925647e+01
3.268757344636850348e+01
3.267967073766056529e+01
3.271517349583731971e+01
3.276640876846541062e+01
3.274404219735354360e+01
3.282825777314180016e+01
3.274015351836543175e+01
3.275997550351144838e+01
3.268979919525368416e+01
3.249586060296532963e+01
3.243720588879021705e+01
3.231879830548431443e+01
3.234455956057344395e+01
3.257357128093962473e+01
3.263101641047620660e+01
3.251379046275044260e+01
3.230360577228304919e+01
3.231388450410678814e+01
3.232131465920641489e+01
3.213720804770925099e+01
3.201703016607288532e+01
3.196499279039269581e+01
3.193383758290575258e+01
3.188296193367025566e+01
3.187038919366544931e+01
3.188780529620045456e+01
3.185817864711871295e+01
3.186442298217724911e+01
3.184182527050530354e+01
3.184055557350957955e+01
3.166669433552292290e+01
3.186899624528280128e+01
3.204229458082173210e+01
3.188413530014014441e+01
3.199553106650844825e+01
3.192633077108876449e+01
3.188248563921451506e+01
3.187047185642688518e+01
3.205749961046424090e+01
3.190994521537229289e+01
3.176102560574661027e+01
3.170909926036723903e+01
3.146596722031087623e+01
3.158935105105050312e+01
3.159503862084015680e+01
3.163618876686852133e+01
3.156897422391072539e+01
3.162760265819506600e+01
3.157943922728263431e+01
3.153079622118823266e+01
3.162995161984396475e+01
3.142287418076567462e+01
3.142885076254806620e+01
3.151580099935294399e+01
3.158550533469172450e+01
3.158891412363323070e+01
3.146115901117210001e+01
3.165715564535867443e+01
3.187209749948955206e+01
3.191156956751117590e+01
3.210139877975560552e+01
3.208626442106798748e+01
3.205825485349376436e+01
3.203493924559077044e+01
3.204414447557014256e+01
3.208868263156209366e+01
3.207080246177810068e+01
3.210522975556232694e+01
3.216084115347428707e+01
3.198936199508276346e+01
3.197622360760720639e+01
3.193901116559968756e+01
3.196337522639397477e+01
3.176189001093954545e+01
3.193053396472913619e+01
3.208720226007649501e+01
3.214679520722859962e+01
3.207718544246588976e+01
3.193899976622649461e+01
3.172838361313162636e+01
3.170740808374929287e+01
3.183343395379621299e+01
3.184716420364061662e+01
3.189386631010815876e+01
3.177331892908576449e+01
3.174166180417998717e+01
3.178458979651959027e+01
3.170827490657660519e+01
3.170372727389218781e+01
3.166670631330665131e+01
3.171028702352930395e+01
3.181630872117662889e+01
3.169215619149363405e+01
3.165882688429417158e+01
3.172201104173553077e+01
3.171228257858196642e+01
3.182545994041391779e+01
3.177760035317592013e+01
3.166356698808433734e+01
3.185085551169035512e+01
3.170186666779174800e+01
3.165237459864574276e+01
3.165191526651798881e+01
3.149631819071505845e+01
3.169554710264929298e+01
3.175128120911967500e+01
3.149635504959870858e+01
3.160570818791011405e+01
3.162248884284131378e+01
3.170535373333744644e+01
3.164601258968507125e+01
3.163352281102653407e+01
3.163444773412226851e+01
3.150065665660358860e+01
3.151790534861665805e+01
3.147016984455807886e+01
3.145320981625225087e+01
3.124961565779614858e+01
3.140547993546203287e+01
3.128626969109590306e+01
3.129391476624110879e+01
3.139294960460603789e+01
3.148758830949438448e+01
3.132224324724398556e+01
3.131171108490488209e+01
3.147579870575994576e+01
3.136216519747570075e+01
3.127260802202943779e+01
3.119970947126981997e+01
3.107604282845470678e+01
3.111421283744174815e+01
3.113556664321951928e+01
3.115915752943059047e+01
3.114008958627466228e+01
3.112550959067443301e+01
3.107092280480429736e+01
3.131273419911989464e+01
3.138076703445570459e+01
3.135629433569528857e+01
3.150709974948110670e+01
3.152687493474524061e+01
3.134542589449720040e+01
3.132873748809693382e+01
3.125278800774858468e+01
3.127112446730260586e+01
3.147552048451968787e+01
3.137527994633946804e+01
3.146629039477139855e+01
3.148186572516457105e+01
3.131889641303741811e+01
3.130817805965943279e+01
3.131225355628238205e+01
3.136787437780479593e+01
3.134627951318643824e+01
3.131754181503572099e+01
3.134562035955795523e+01
3.136024752388212278e+01
3.124971549594981468e+01
3.127616266324119820e+01
3.117211020667001264e+01
3.114800150696882852e+01
3.119544934308474637e+01
3.144298734884549518e+01
3.154205982538798381e+01
3.149801136241573118e+01
3.126592974781672751e+01
3.121118178111584029e+01
3.122714140730969845e+01
3.115924133042274491e+01
3.147359845843133996e+01
3.158584142846190446e+01
3.122220930771459280e+01
3.140529820784975712e+01
3.131705313247182687e+01
3.134276823949657498e+01
3.134840663222636081e+01
3.136403584988258331e+01
3.137249392780593027e+01
3.145393775403245229e+01
3.140930941104876339e+01
3.120949888749327172e+01
3.116277683722072211e+01
3.116509805895744378e+01
3.126183182697510787e+01
3.121343007602666475e+01
3.126793158213496682e+01
3.111090496919420900e+01
3.118741311995217913e+01
3.110161001993697028e+01
3.127353882133114027e+01
3.110297372103802971e+01
3.104857504471870300e+01
3.083788092074909670e+01
3.081265182155006954e+01
3.096717678728552059e+01
3.105986428179170744e+01
3.107470444761895934e+01
3.103053522715478252e+01
3.089346256478811625e+01
3.077269357537460337e+01
3.058453220499368541e+01
3.056403992304203499e+01
3.061331649406894329e+01
3.067324823754694307e+01
3.032014174665641804e+01
3.029034991125604392e+01
3.025448104396458504e+01
3.004609214572779763e+01
3.007123839307549318e+01
3.008927153652497921e+01
3.011348315982912283e+01
3.001583243908751442e+01
3.006623451344528064e+01
3.006570735752622170e+01
3.015591361947636884e+01
3.034861421231506284e+01
3.039522828247600117e+01
3.033927489932781540e+01
3.052336636038418760e+01
3.043490185150607630e+01
3.025348893040320775e+01
3.028387342997812226e+01
3.029683829574000953e+01
3.084663832707694198e+01
3.062562620329430274e+01
3.063853665252230130e+01
3.061439975355736820e+01
3.060348194236002328e+01
3.064398650491447640e+01
3.046044161968682573e+01
3.045500089145636124e+01
3.065920911706110630e+01
3.049166089293301951e+01
3.048670374315862475e+01
3.049209485440880840e+01
3.054224013524586567e+01
3.058135591145276422e+01
3.042738320524484763e+01
3.041607415367452205e+01
3.032907312847287784e+01
3.035958639353635391e+01
3.026702333078296192e+01
3.007629787242285246e+01
3.023802825871599254e+01
3.009839017397713690e+01
3.029246184242068196e+01
3.021539834489984244e+01
3.038587348301894053e+01
3.043066588373153181e+01
3.030697960795867019e+01
3.067869563587132831e+01
3.070563157080917449e+01
3.072429185598349122e+01
3.071169338628563850e+01
3.067413310655076941e+01
3.069226099241585715e+01
3.079949959116891023e+01
3.118299344237251702e+01
3.096173887184647455e+01
3.075727705968567705e+01
3.062598992624948124e+01
3.050946369833521743e+01
3.043659865045371760e+01
3.057307244620426445e+01
3.054337130540712764e+01
3.072781648278129651e+01
3.085420017481985155e+01
3.076754212625028373e+01
3.080315858653053596e+01
3.079691404297674850e+01
3.076540903966628804e+01
3.053978996499207454e+01
3.051424174825563185e+01
3.046695838887581331e+01
3.028954331249130405e+01
3.038930565903233116e+01
3.039385362089272391e+01
3.057189900269177585e+01
3.053103561327804982e+01
3.037967161007316363e+01
3.032008074495503536e+01
3.035993252399919484e+01
3.024345371371394720e+01
3.026749600048728084e+01
3.007658585606567669e+01
2.993133714543193946e+01
3.000457607824974815e+01
3.015809493814432329e+01
3.004290953083744498e+01
3.006585564512335651e+01
3.022313895287981111e+01
3.014472328799173084e+01
3.019654030323095739e+01
3.027379334368650987e+01
3.038494407366434302e+01
3.025337722417091513e+01
3.022757311765556665e+01
3.020280590976165058e+01
3.026662043010476566e+01
3.026720896491103474e+01
3.003894759380519375e+01
3.003668874223927787e+01
2.995181780091443358e+01
2.998815500431377856e+01
3.009972173015746932e+01
3.008523217536709282e+01
3.013028316713164045e+01
3.027385651148557244e+01
3.030267046836076617e+01
3.031138655584517849e+01
3.010780392487810531e+01
3.011675280898160167e+01
3.009972664101807283e+01
2.989347083006757799e+01
3.018558640753394329e+01
3.008881661011297126e+01
3.021167643673204140e+01
3.026102512960933311e+01
3.046592250433892701e+01
3.041582499917440785e+01
3.057043925441029231e+01
3.050911923245564594e+01
3.032863208784831244e+01
3.033983547605765807e+01
3.045010968970082033e+01
3.061295299127122505e+01
3.062231906844165152e+01
3.065892226552147548e+01
3.051794536873518382e+01
3.040248193921249609e+01
3.035402096499747060e+01
3.045482252261913203e+01
3.055973868593732234e+01
3.058067857327618100e+01
3.039788112894427030e+01
3.045652010797481068e+01
3.058975398831892534e+01
3.074464549990748807e+01
3.055896839739007120e+01
3.034331937925955458e+01
3.038882816284006694e+01
3.038406475925136618e+01
3.040290901035537985e+01
3.039236297428255540e+01
3.046889640822629985e+01
3.054320202139735585e+01
3.054870930449222044e+01
3.043019092529652525e+01
3.073099206487960089e+01
3.061920633599673636e+01
3.071871946692901290e+01
3.080979962027836550e+01
3.072206850295204461e+01
3.073363461622301429e+01
3.056557947580791179e+01
3.057255282459762924e+01
3.055696837765227514e+01
3.073778585793160545e+01
3.077857729612354376e+01
3.051494187886236276e+01
3.040057643947368149e+01
3.047086567817213165e+01
3.040562424376107842e+01
3.050050369663161476e+01
3.043968029978361045e+01
3.032673380681724495e+01
3.047470904494899457e+01
3.033187576414479025e+01
3.031828065220634727e+01
3.026461662224645366e+01
3.028953902210885474e+01
3.031663760304242317e+01
3.032531559944501964e+01
3.033200060704193035e+01
3.035459713125932169e+01
3.038825380853494451e+01
3.023408647261724624e+01
3.035210962690814185e+01
3.034783035400461060e+01
3.028365131944836719e+01
3.029900842682534901e+01
3.029677600701094420e+01
3.018511413489891027e+01
3.001931665799427762e+01
2.992955129800776604e+01
2.997844898281777759e+01
2.998385844374470821e+01
2.998602996141647026e+01
3.011059846356317138e+01
3.029138633681321124e+01
3.012469538649776624e+01
3.024400468465964309e+01
3.026192636131471403e+01
3.011054639844690684e+01
3.020843802199551575e+01
3.019585517852567236e+01
3.015567270184243398e+01
3.030477172372699002e+01
3.030323082200499485e+01
3.029691729067705452e+01
3.033749229735947139e+01
3.040603831695841208e+01
3.021663663663602151e+01
3.033160138456358013e+01
3.029481271770651318e+01
3.054036120009879340e+01
3.061453724455245151e+01
3.061205383520604073e+01
3.047479984607948467e+01
3.047718143335181296e+01
3.044627715808309176e+01
3.030209401346457909e+01
3.033399574080061001e+01
3.046365519950378342e+01
3.052149006020305322e+01
3.034240336122854487e+01
3.030261172561432303e+01
3.048226312715326358e+01
3.068022376368692150e+01
3.064987674833169962e+01
3.046723277282125864e+01
3.055730697257732942e+01
3.049247053189642642e+01
3.032861535851481705e+01
3.029795908855328790e+01
3.047620968720661594e+01
3.048175299333545141e+01
3.050203901504149684e+01
3.027100777492677608e+01
3.030738795348649361e+01
3.026968590722345454e+01
3.025556899086137719e+01
3.029420693092638217e+01
3.038530776159461766e+01
3.032180231465139286e+01
3.033501446531150592e+01
3.031657640566248801e+01
3.044705409717109745e+01
3.034541544080081366e+01
3.035279627340061381e+01
3.043081641998309550e+01
3.047104008712487655e+01
3.031763198147541871e+01
3.035559100268472577e+01
3.020029600684767956e+01
3.006608080082594014e+01
3.015789157807320109e+01
3.014075512509898402e+01
3.016207541102703971e+01
3.010677727685360594e+01
3.029843933229078701e+01
3.034643772303558507e+01
3.029070313254344171e+01
3.020355601922221567e+01
3.035889303086515767e+01
3.034442874352489028e+01
3.011785895835973648e+01
3.012430797850854347e+01
3.012223619147048126e+01
3.006301872960280264e+01
3.015509197123279961e+01
3.011453132724827242e+01
3.021736397844046706e+01
3.007512402547613561e+01
3.011568994816058265e+01
3.010660184619379365e+01
3.026292623415268324e+01
3.027562641217964412e+01
3.031970876901720757e+01
3.036214046148776191e+01
3.054833953693492177e+01
3.036810563138887176e+01
3.035077450530866372e+01
3.055711276034833190e+01
3.073015757983327134e+01
3.074864508694722076e+01
3.057668527811384251e+01
3.053447538205346845e+01
3.031544907970202729e+01
3.038313158489466659e+01
3.035186625914067449e+01
3.031962246512133419e+01
3.022747234817940765e+01
3.026342953693221816e+01
3.016619499607723398e+01
3.010650484001648408e+01
3.004632805647613125e+01
2.983577431801686330e+01
2.997115499526927351e+01
3.001100511788220970e+01
3.008289615028337138e+01
2.997543911282056683e+01
2.996520801301468495e+01
3.005074513233488886e+01
3.009451263157242806e+01
