1.185744279963263459e+01
1.205047662896954996e+01
1.219946036733569272e+01
1.260295511282720504e+01
1.344117600305348326e+01
1.416522837719969452e+01
1.461514373460529193e+01
1.507008703147539563e+01
1.568101476081084478e+01
1.632388014897829009e+01
1.682767580394970963e+01
1.725437429065740602e+01
1.777644276259450962e+01
1.830390817546211224e+01
1.889795055521656764e+01
1.942947218366361994e+01
2.016930074988175292e+01
2.058311282261394126e+01
2.115839521525769840e+01
2.162453271484857709e+01
2.224431475538627723e+01
2.274662977280114617e+01
2.333206546647390311e+01
2.385079876964281098e+01
2.434691946605415325e+01
2.472976583743913181e+01
2.523386335138181735e+01
2.580650500685157311e+01
2.628723855545741728e+01
2.681620364885879937e+01
2.713029389939475067e+01
2.755009249579692465e+01
2.816252252509738341e+01
2.864494960966531778e+01
2.912931608959827656e+01
2.960076350470717088e+01
3.002180041073233241e+01
3.045786675439144631e+01
3.107122130033471663e+01
3.167310731586996653e+01
3.219460282921602357e+01
3.261211973649421481e+01
3.310422648888581421e+01
3.355787385249210075e+01
3.409566200364045585e+01
3.460622052216152866e+01
3.512604997341359336e+01
3.550342449880513840e+01
3.591640604935532366e+01
3.634999890660323274e+01
3.670428561545185886e+01
3.724467216972198713e+01
3.756650920587404840e+01
3.796738036339554867e+01
3.847025304905117338e+01
3.882218099996060801e+01
3.922705655312928030e+01
3.953924470470906272e+01
3.991780252850308841e+01
4.027847402868633253e+01
4.065892460410839249e+01
4.114505165789163499e+01
4.148563706001622364e+01
4.185182707839995686e+01
4.225269506613877724e+01
4.259790579708096914e+01
4.292896510263174292e+01
4.331073779881491959e+01
4.363704093726483535e+01
4.400464580221977684e+01
4.440615786326711856e+01
4.463163872556459921e+01
4.493985398387454211e+01
4.526669391817467414e+01
4.556285174564233387e+01
4.584817944241854804e+01
4.617080265230664082e+01
4.648419991370420234e+01
4.667329131931508357e+01
4.700271240731423461e+01
4.733341804297221955e+01
4.750197987879064954e+01
4.771776689583537490e+01
4.789528704422917826e+01
4.814720062753413288e+01
4.841977957851300118e+01
4.868545336028817161e+01
4.896746610858990323e+01
4.909749807570559454e+01
4.927331670541023101e+01
4.960948712117357218e+01
4.980588836896401972e+01
5.007882713718323231e+01
5.033630316806977589e+01
5.058488802542733964e+01
5.072919028536235686e+01
5.099729355833339639e+01
5.120231794723843421e+01
5.150746910620177488e+01
5.174207932528801024e+01
5.193348038505503439e+01
5.222729342714111311e+01
5.236830905127759905e+01
5.254252803590478038e+01
5.276005008390138329e+01
5.296817373869168222e+01
5.319069992039781170e+01
5.333960740129611366e+01
5.349638809477342960e+01
5.371955959599677755e+01
5.378359897736069684e+01
5.397192482452765461e+01
5.403231349546219064e+01
5.417638750892588462e+01
5.434458588506453225e+01
5.454093837172267456e+01
5.470442205588265949e+01
5.466484903290349706e+01
5.493075600567961203e+01
5.503727159740577690e+01
5.515431293942792479e+01
5.529190202592510417e+01
5.540828050870312893e+01
5.563563782553632819e+01
5.574592928953087778e+01
5.608259689137392456e+01
5.619353595994779482e+01
5.640123019825255568e+01
5.644954602727919024e+01
5.657051897371177063e+01
5.680550524519824052e+01
5.704314374477564087e+01
5.717384395896068128e+01
5.735435485689686175e+01
5.740426441585078265e+01
5.755349218889364238e+01
5.778912726028806190e+01
5.790254343003105220e+01
5.800598476088772770e+01
5.825617323124280489e+01
5.827528513477507488e+01
5.842023966210754793e+01
5.851914121930270340e+01
5.863708363839451465e+01
5.870627411142883290e+01
5.885072069973803366e+01
5.899346302495386851e+01
5.902234965096316444e+01
5.920056705836549327e+01
5.930500588094064796e+01
5.946255774048626819e+01
5.957319398711316438e+01
5.962742998339555811e+01
5.985561844974085233e+01
5.995566810644557165e+01
6.018215325824734663e+01
6.027329019269485144e+01
6.035165094985485723e+01
6.049375035899134190e+01
6.063955976252614732e+01
6.082040565125276999e+01
6.112216772120473252e+01
6.119191144885138556e+01
6.141099956862647957e+01
6.154056322370741583e+01
6.165483253709972189e+01
6.178647372031499430e+01
6.201471571776654201e+01
6.218202410846590311e+01
6.233348163264513175e+01
6.246410449201079018e+01
6.260051228587794725e+01
6.275142027180692139e+01
6.287248027471394352e+01
6.300732168443803261e+01
6.314146304548036426e+01
6.333769693921442467e+01
6.344012906024300236e+01
6.351773527176998613e+01
6.358104457270120946e+01
6.371120438612406645e+01
6.379679508132849719e+01
6.401414608451645449e+01
6.410951110536457520e+01
6.419873576771391299e+01
6.426903270832002590e+01
6.430525168479937292e+01
6.442940547429969911e+01
6.454089538415502147e+01
6.473522485162955320e+01
6.484614874219410297e+01
6.490694637767251152e+01
6.506362242571162824e+01
6.520848177771171095e+01
6.539688801100474791e+01
6.549405058770098265e+01
6.561713938428572135e+01
6.576580124112176406e+01
6.585513358941416584e+01
6.596907533670365353e+01
6.611724229029948674e+01
6.629704385457711169e+01
6.640473500564567644e+01
6.638955393180536646e+01
6.650288880337215858e+01
6.665524598269729495e+01
6.674266243466699677e+01
6.687183403796608161e+01
6.699626858080563352e+01
6.710955624467045766e+01
6.721502069989688266e+01
6.729345036806293479e+01
6.740367172615493985e+01
6.754147643028485959e+01
6.768128845353986378e+01
6.777909925273594638e+01
6.790737811132561319e+01
6.800254100739222451e+01
6.808915186452766477e+01
6.822696413598730203e+01
6.832163356993328307e+01
6.837421505541226452e+01
6.849900213278205285e+01
6.851276940407096561e+01
6.857668099124117589e+01
6.867837694827933603e+01
6.873392359861674095e+01
6.877781804438873792e+01
6.885201102273744311e+01
6.895724416611827223e+01
6.904825054358059333e+01
6.913301125715689466e+01
6.924390166073831665e+01
6.934184004230071707e+01
6.944142798119094095e+01
6.952334005834302388e+01
6.965311252865264180e+01
6.973206770632533846e+01
6.988328958806219759e+01
6.993369016386380110e+01
7.002656906432369510e+01
7.013003391181308643e+01
7.029436904735820235e+01
7.036296644819952917e+01
7.045547433803405113e+01
7.056683757163565929e+01
7.066783658995380790e+01
7.072101976857776151e+01
7.078985130898148270e+01
7.096034290518456089e+01
7.100793516163044217e+01
7.107435724951500333e+01
7.122581575360628392e+01
7.131169083088622074e+01
7.142912109657984843e+01
7.159217213179492489e+01
7.164429444519336698e+01
7.166074947909358173e+01
7.177753803040964442e+01
7.186168630639770072e+01
7.191426025044626158e+01
7.199136053018007431e+01
7.208039148306488642e+01
7.214850659809864908e+01
7.220239966932315667e+01
7.230604628150082647e+01
7.235523794724007018e+01
7.246094416465184906e+01
7.250671073486221019e+01
7.251187607613383079e+01
7.253668548227614110e+01
7.263890417218566142e+01
7.276582117294488228e+01
7.277939324056296755e+01
7.283474353260068312e+01
7.288834663649360834e+01
7.297038719109431781e+01
7.307340024342308027e+01
7.315822328780843975e+01
7.321449429251256902e+01
7.328560518916522426e+01
7.337238918951960898e+01
7.343007223752852042e+01
7.349668493296235283e+01
7.360485528248780440e+01
7.364780373615501219e+01
7.362352075239215310e+01
7.373173064077813876e+01
7.375357091040152113e+01
7.386877854760277273e+01
7.391596437522508722e+01
7.398227995030910620e+01
7.404616047878202778e+01
7.411504853539875626e+01
7.414703794277107818e+01
7.426949688846434583e+01
7.434894475162994354e+01
7.440250443875881103e+01
7.449329058112805058e+01
7.454955325656484888e+01
7.460357917286196994e+01
7.472667730300273092e+01
7.472037609959660642e+01
7.481571152314334938e+01
7.490953701853901237e+01
7.499053382039390669e+01
7.504730022799103040e+01
7.520164560125537889e+01
7.524253151883279145e+01
7.530555857783264173e+01
7.533141325775727637e+01
7.538051106099301535e+01
7.544896311778096276e+01
7.540792571959495660e+01
7.546451541964238174e+01
7.547508776113426165e+01
7.555730113556883509e+01
7.549542245356074943e+01
7.554940505098228698e+01
7.561760123338451933e+01
7.566288457763364761e+01
7.575510632452402149e+01
7.577061380672016355e+01
7.585322822636268825e+01
7.590865198835558658e+01
7.593834574042421082e+01
7.599275861099170015e+01
7.599920868366977800e+01
7.600948631886099349e+01
7.614945722243489001e+01
7.617566565795617350e+01
7.623112887085495970e+01
7.625999791874338030e+01
7.631019932829086372e+01
7.643127686848866631e+01
7.650997715508424335e+01
7.660229124526888711e+01
7.670568723370787723e+01
7.676885429474496902e+01
7.683292582446799202e+01
7.692410304187016834e+01
7.695579078797314310e+01
7.702732913004940940e+01
7.710590013016933142e+01
7.715511655011421510e+01
7.718040369524486266e+01
7.728614010923092792e+01
7.734234754910433196e+01
7.739082667981925567e+01
7.748614654809729529e+01
7.755466260901006592e+01
7.765653511954216981e+01
7.775640005361387352e+01
7.781858733877550094e+01
7.792524223003110251e+01
7.802360363408149624e+01
7.805779550279386569e+01
7.809522172752062374e+01
7.817270723607242644e+01
7.829710287868279295e+01
7.833778413000041496e+01
7.848961579143264089e+01
7.857481280654482703e+01
7.866571099689247148e+01
7.876859343469051566e+01
7.888068926317311025e+01
7.894713558062439063e+01
7.905654069199050582e+01
7.919961140218237006e+01
7.922035949164875035e+01
7.923465621427129690e+01
7.929804947788653635e+01
7.932309719080275556e+01
7.939989955705665636e+01
7.939069504621761553e+01
7.943510668353188464e+01
7.947531626668444460e+01
7.956534457651235925e+01
7.961640836386939668e+01
7.959707580356321444e+01
7.961691681084225536e+01
7.970182991668002614e+01
7.979507207822274495e+01
7.978812461188330474e+01
7.981035711488020468e+01
7.987775125722015446e+01
7.991258678354702738e+01
8.002002363185317790e+01
8.012409292841437036e+01
8.024098102746376071e+01
8.031507860673303867e+01
8.038857719829263715e+01
8.038939122269469806e+01
8.053615012743253487e+01
8.070555460175272344e+01
8.074324375461324621e+01
8.089740672709726255e+01
8.094619587994985466e+01
8.096880214781093343e+01
8.101988901121458753e+01
8.109304804615067042e+01
8.113316382890238287e+01
8.124297037802207910e+01
8.126680770475402937e+01
8.127990554134328249e+01
8.131393007394085259e+01
8.136438611517080233e+01
8.138192243258242797e+01
8.138238684195887629e+01
8.144461431750301017e+01
8.144027481770673660e+01
8.143807467352948493e+01
8.153023156228564972e+01
8.160457770170293657e+01
8.163074462033669931e+01
8.170741475425649014e+01
8.178760558752905752e+01
8.187980932103556597e+01
8.195185222559514671e+01
8.203596030874700773e+01
8.220366322081710564e+01
8.222093617713225910e+01
8.223893583517751438e+01
8.232584976110693731e+01
8.238735480381264153e+01
8.246993936633256794e+01
8.251519354331409772e+01
8.256032187897588415e+01
8.269755817958123600e+01
8.272806352641575245e+01
8.284982520678137519e+01
8.296558411376997810e+01
8.299165196892980134e+01
8.305235170561029179e+01
8.311710883719810283e+01
8.318025606493552004e+01
8.329058471444555778e+01
8.330395816142979015e+01
8.338468814326310508e+01
8.344386723159587405e+01
8.348206422350143896e+01
8.356801239069598353e+01
8.362766231039891807e+01
8.371981173098308204e+01
8.376064531500959731e+01
8.386259833921285178e+01
8.397331101398624753e+01
8.400631486186097163e+01
8.406943531141875781e+01
8.419015148302332818e+01
8.432871842155512354e+01
8.438467592604281720e+01
8.447736132089835337e+01
8.459222396305857217e+01
8.466997950097805870e+01
8.470139786097338686e+01
8.474400631200276734e+01
8.481040961434185022e+01
8.485188898075273300e+01
8.490096161961450605e+01
8.498500142701145421e+01
8.499599267857335860e+01
8.500576520308564454e+01
8.499461121931807384e+01
8.499770097390558021e+01
8.499930497829194564e+01
8.496027254497170134e+01
8.499676809589418269e+01
8.499525046909444370e+01
8.492427997386772631e+01
8.493380348192064844e+01
8.495072176834212030e+01
8.496677561990154004e+01
8.495950525929916353e+01
8.496545778626204992e+01
8.497292127555647312e+01
8.494718366491676420e+01
8.501375688654373164e+01
8.502869360067454352e+01
8.505502188945322928e+01
8.511833115049002174e+01
8.515038203899132441e+01
8.516572446970224064e+01
8.519964571172880596e+01
8.523972346191591498e+01
8.529367696410881194e+01
8.535528158895577633e+01
8.539601418418999401e+01
8.548627142285526759e+01
8.546769673321590233e+01
8.553093795220806328e+01
8.556048152601202617e+01
8.563569914333550059e+01
8.563853270933682893e+01
8.570515032599919891e+01
8.578138121793850246e+01
8.580844616139536640e+01
8.588518245953775931e+01
8.592708216056539072e+01
8.595409831901061182e+01
8.601787864151296503e+01
8.596447077572561568e+01
8.602334496985820067e+01
8.597950432077077210e+01
8.602613802478900595e+01
8.605289219574127912e+01
8.608457484969405016e+01
8.608906401034310818e+01
8.621941051751922203e+01
8.616207023962810752e+01
8.620882691145301635e+01
8.633587950088738694e+01
8.631168015856705722e+01
8.638544991254424588e+01
8.648766694576214320e+01
8.655924812036988669e+01
8.667336146498472260e+01
8.673785814185777099e+01
8.683441856680116189e+01
8.695819488600471914e+01
8.701903640268155016e+01
8.708527417913718693e+01
8.716704295384532486e+01
8.721025766097552889e+01
8.726845973454271643e+01
8.732802261928597432e+01
8.736260880697942355e+01
8.745228855119977140e+01
8.748484256877584642e+01
8.754227886381832491e+01
8.758451285117399721e+01
8.764112755476581640e+01
8.773562538128115307e+01
8.778691406904435723e+01
8.788782190552960571e+01
8.794248250836335501e+01
8.802510214725221260e+01
8.807073924251874075e+01
8.817582949314071072e+01
8.819508546413273109e+01
8.824229745642534795e+01
8.826141149771488870e+01
8.836493509538887281e+01
8.844541220132995818e+01
8.849025665220378301e+01
8.865792749279847840e+01
8.864154709810489408e+01
8.869370417788580596e+01
8.881985676536133667e+01
8.891477580457977581e+01
8.895550743119721915e+01
8.907859271622966446e+01
8.906287167542431860e+01
8.910800746037847375e+01
8.911516476792172625e+01
8.918694669411620168e+01
8.921189077129383804e+01
8.922353447548277927e+01
8.924973457841478819e+01
8.922253707088221120e+01
8.922896440317188649e+01
8.932260455193183191e+01
8.934490113640319464e+01
8.936698473690665878e+01
8.943561764434367944e+01
8.944850080882396526e+01
8.943545028266481722e+01
8.940869226767095768e+01
8.953872551630887244e+01
8.948120389748936532e+01
8.952302812575589996e+01
8.955040706616884449e+01
8.956215486282428628e+01
8.959023138210898196e+01
8.958105973575811731e+01
8.967248334469887538e+01
8.964897254247264868e+01
8.968256874221592057e+01
8.973410077297336329e+01
8.977747176459003242e+01
8.976378966140589455e+01
8.983979418974719522e+01
8.985717352009217507e+01
8.985469521022132255e+01
8.986234416599302222e+01
8.987118887587814697e+01
8.995358702355503056e+01
8.998310357663754644e+01
8.999769824754407921e+01
9.011440721516237318e+01
9.013830799785326064e+01
9.014959830167448729e+01
9.022953123603640790e+01
9.031194924025065518e+01
9.037654021589179365e+01
9.044633558116716188e+01
9.051006262095329191e+01
9.058581216770662081e+01
9.058841535722369542e+01
9.065930769997302718e+01
9.069548111834613735e+01
9.077639035859212413e+01
9.088610188587273342e+01
9.090722665650632450e+01
9.091831393654290139e+01
9.104224357144866531e+01
9.102883051176164031e+01
9.106221625932056440e+01
9.106337875422683226e+01
9.111652531259922227e+01
9.109205993983589167e+01
9.108219157545417488e+01
9.113105730847532016e+01
9.111167297304822910e+01
9.109195243893168481e+01
9.115478496560184851e+01
9.122089481051764892e+01
9.127637064107669573e+01
9.129164691255013508e+01
9.141310796047910969e+01
9.148905064701293099e+01
9.152120125477451040e+01
9.166905338616888343e+01
9.173622601680449407e+01
9.178424392083761063e+01
9.181396346428390132e+01
9.186021904232450197e+01
9.189211422367044690e+01
9.193650919952466438e+01
9.197551621955093992e+01
9.202381214977754098e+01
9.204492099021031493e+01
9.205927599624104118e+01
9.208891135783065351e+01
9.210617166772240694e+01
9.209109286636228831e+01
9.213085774796179805e+01
9.220629227465435918e+01
9.219345916288618525e+01
9.217117991866740567e+01
9.216227270786346537e+01
9.222783479262187711e+01
9.224446505280103281e+01
9.221009514618015146e+01
9.222664294627820425e+01
9.224371856213575427e+01
9.224138499461051310e+01
9.223652889703947722e+01
9.223423961196279208e+01
9.220596050538213717e+01
9.219261745038637912e+01
9.219866998227836064e+01
9.223298289502096736e+01
9.218043844082386329e+01
9.217754179100465706e+01
9.222421156977164003e+01
9.219668777045582431e+01
9.217609620060277109e+01
9.216957489049762842e+01
9.221834945982143950e+01
9.218279963107465846e+01
9.213446176464975679e+01
9.222961016045364602e+01
9.219401054419626007e+01
9.223069324397243918e+01
9.230499763539177138e+01
9.238162904464532232e+01
9.237129604737097566e+01
9.239860275602543993e+01
9.243095900568417278e+01
9.246841037497203786e+01
9.246313053769473811e+01
9.251038530880985888e+01
9.254963679669293697e+01
9.252115340496953877e+01
9.253967148492307615e+01
9.250821813941406901e+01
9.256025241103263568e+01
9.247523229067756745e+01
9.249988857524182606e+01
9.248566481021968855e+01
9.250481256635528382e+01
9.251213603373055605e+01
9.255520876963159083e+01
9.257724397348549417e+01
9.268692818739303618e+01
9.274393113990595339e+01
9.277416588344318882e+01
9.282162081838151835e+01
9.281350105208193213e+01
9.282550776503967427e+01
9.285466065422426141e+01
9.284324152598441060e+01
9.291394390152565563e+01
9.290230903550329344e+01
9.294072425221023082e+01
9.295277474655382832e+01
9.296975538447861709e+01
9.299721934581130256e+01
9.293411619169471294e+01
9.293373323100978212e+01
9.293862188937842461e+01
9.290859637012439975e+01
9.290442601472975070e+01
9.293050747716766580e+01
9.293163540864905769e+01
9.293082089233404020e+01
9.296824290351095499e+01
9.299757939891891567e+01
9.296027818762740935e+01
9.297913555638335481e+01
9.299598109601213025e+01
9.301904478969653667e+01
9.298874699016405998e+01
9.305209497437552102e+01
9.311132199876651327e+01
9.311740295960160552e+01
9.317744211210086291e+01
9.319133158106990322e+01
9.322216164381283932e+01
9.323947609005253412e+01
9.329291289073107407e+01
9.325739683966115479e+01
9.323745975690286514e+01
9.330647167831160971e+01
9.333850706129061336e+01
9.341635857173815793e+01
9.350200746292341591e+01
9.354921978761609580e+01
9.363226261236961534e+01
9.373937879242093629e+01
9.378056160823457788e+01
9.381363104174978673e+01
9.388826673614296681e+01
9.395898410595104622e+01
9.397416654516138124e+01
9.410672506079893651e+01
9.414949973979791764e+01
9.416274947607783474e+01
9.422296686889399098e+01
9.425713234534650553e+01
9.427324636258312296e+01
9.429522660903195685e+01
9.437032420916676756e+01
9.437501106033114695e+01
9.433297915012612123e+01
9.440706325974666413e+01
9.439234967768811657e+01
9.440520477017010137e+01
9.447165754443828689e+01
9.453611084436468559e+01
9.455176007299144203e+01
9.461410394468950358e+01
9.463227635470363452e+01
9.465531845131818045e+01
9.469529645763410031e+01
9.466611211160322625e+01
9.469364259474842527e+01
9.473197849265123693e+01
9.472237609009728487e+01
9.479984465363693857e+01
9.484135946498038550e+01
9.493595588994600121e+01
9.502076051118321232e+01
9.511430037308755914e+01
9.522467653913585650e+01
9.525580955439352238e+01
9.531735141817951273e+01
9.531116903220747361e+01
9.525441863605145443e+01
9.530622400193719557e+01
9.522701299304580402e+01
9.520377937748419583e+01
9.514317533024201623e+01
9.511187510045878923e+01
9.503811976948415463e+01
9.502092718761953449e+01
9.498592624214960267e+01
9.490528494693987227e+01
9.484727017612105726e+01
9.478735398229230213e+01
9.476881688626498601e+01
9.475097522472712797e+01
9.470970168213072782e+01
9.465339618844772929e+01
9.466061601302911299e+01
9.469038034170812068e+01
9.463233018121945861e+01
9.469368265778976479e+01
9.468449825176432455e+01
9.466767205592712742e+01
9.468902399558271554e+01
9.471087711364617689e+01
9.469776265805859339e+01
9.472547211118811106e+01
9.470146793359016613e+01
9.476114079555306091e+01
9.483152887578795287e+01
9.491370918719418626e+01
9.492682321481849783e+01
9.495486864834489893e+01
9.496565763263184579e+01
9.499932708437995643e+01
9.497911962275811959e+01
9.499607955080901434e+01
9.505810156145811618e+01
9.506589213894123702e+01
9.506456368883262087e+01
9.517609723823994727e+01
9.525703928857011249e+01
9.533042869397478114e+01
9.538698670502080290e+01
9.539412802622645415e+01
9.547248880518654346e+01
9.552895150677859704e+01
9.553339524297304308e+01
9.557477979739249463e+01
9.573896223424235075e+01
9.577532701461436204e+01
9.583947992247755110e+01
9.589077332077745552e+01
9.594076195593724776e+01
9.597048546822583148e+01
9.603016316988453127e+01
9.608124397364400693e+01
9.614003304971792829e+01
9.620117219388410490e+01
9.616319873512424010e+01
9.621428725229542067e+01
9.623311268119964268e+01
9.623167614081435772e+01
9.623543643860944030e+01
9.620734535660999143e+01
9.620019649382169291e+01
9.624663215724000054e+01
9.635106861942334433e+01
9.635402585034594836e+01
9.635859530266726836e+01
9.645310347255747274e+01
9.651332085416612472e+01
9.656368414083593166e+01
9.663763676799314339e+01
9.672348339956758423e+01
9.680089967866808820e+01
9.680843797159775477e+01
9.695574238659040134e+01
9.700044661930159862e+01
9.699214852326501557e+01
9.708046604515833167e+01
9.709613869269300324e+01
9.716660747318461233e+01
9.725183409705323356e+01
9.727172623630134751e+01
9.731426421351731904e+01
9.738915024234900386e+01
9.739804054414614143e+01
9.742212094047008009e+01
9.749275017872345472e+01
9.752106021162207128e+01
9.754293072849515056e+01
9.759914008056765056e+01
9.765905896239473805e+01
9.770618218193126836e+01
9.764714536282069446e+01
9.768858493577650393e+01
9.772660128736401930e+01
9.770499150775695796e+01
9.769673488216832880e+01
9.772921485916882034e+01
9.773946838466432041e+01
9.771510865963590220e+01
9.773208252113965955e+01
9.774259199827984901e+01
9.775496038925362541e+01
9.776415105410079320e+01
9.776994261501214112e+01
9.775204884430314678e+01
9.779017186147248708e+01
9.783524435492557814e+01
9.782947335837729952e+01
9.789794260028428141e+01
9.792633135848862480e+01
9.793381030265759080e+01
9.801980113166847275e+01
9.802424956851039894e+01
9.809478965109063608e+01
9.811503750888432762e+01
9.815038536476623676e+01
9.816527436992963374e+01
9.827913743658558587e+01
9.831019030548448256e+01
9.831530306704316047e+01
9.840488257097312896e+01
9.840183954590493443e+01
9.846537493910808791e+01
9.857520211974727431e+01
9.868043540431405347e+01
9.874508777085340228e+01
9.882414979938103272e+01
9.891887922637999964e+01
9.896980870303782751e+01
9.907251781304498195e+01
9.911615509521412548e+01
9.920356313286450245e+01
9.926299282848721361e+01
9.935000055405551223e+01
9.937187538864208136e+01
9.942299540663378821e+01
9.944972137562530179e+01
9.946863035222166616e+01
9.957230663600491027e+01
9.962241335416455001e+01
9.964859732455322217e+01
9.972037678018554629e+01
9.974657395165115759e+01
9.982817146165092481e+01
9.984201045044338230e+01
9.984691035304498996e+01
9.993884358247416344e+01
1.000124321439615471e+02
1.000766997354722747e+02
1.001512085886912331e+02
1.001905884391421893e+02
1.002301431390492894e+02
1.002903409232858110e+02
1.003161307447934973e+02
1.003876298470940043e+02
1.003934972905191785e+02
1.004723834737719415e+02
1.004189285830534715e+02
1.004317653371307841e+02
1.004145089663331447e+02
1.004146259431034025e+02
1.003447376364218115e+02
1.004005981573302222e+02
1.003421823046473804e+02
1.003493455769814346e+02
1.003916379005025732e+02
1.004165364970816086e+02
1.004484399596409645e+02
1.004405059073974940e+02
1.004872429316044702e+02
1.004874116879702228e+02
1.004728078800736881e+02
1.004994944037620854e+02
1.005262192012999805e+02
1.004778836661930654e+02
1.004078250858403152e+02
1.004515878568523561e+02
1.004356932306748860e+02
1.003853141253839425e+02
1.003498973708377520e+02
1.004054507689387066e+02
1.003623513503146540e+02
1.004048249099327847e+02
1.003832211767371803e+02
1.004173835160904531e+02
1.004369228345246228e+02
1.004077956915711241e+02
1.004078160068793579e+02
1.004008022943545626e+02
1.003485310718954651e+02
1.003440603283955852e+02
1.003659164877614955e+02
1.003518463126525262e+02
1.003577866709067337e+02
1.003501098615268603e+02
1.003985348574922227e+02
1.004019484582944841e+02
1.004070741859019193e+02
1.004084623131789726e+02
1.003770114269284619e+02
1.003720770558553284e+02
1.003447045451136432e+02
1.003561086763312176e+02
1.003411153183216555e+02
1.002957678794811329e+02
1.003362786696943090e+02
1.003535193504052216e+02
1.003601455321621927e+02
1.003660242273817715e+02
1.002900911146177236e+02
1.003295618148228669e+02
1.003662459576956110e+02
1.003520629612159780e+02
1.003252336822393005e+02
1.003667221016899020e+02
1.003677867730409332e+02
1.003543252613562800e+02
1.003632391406519844e+02
1.003694596721696399e+02
1.004309084102247454e+02
1.004027497712112336e+02
1.004003293144011337e+02
1.004291227630917831e+02
1.004073848149007944e+02
1.004329108805060287e+02
1.004275633849781428e+02
1.004157757137916320e+02
1.004383046921944072e+02
1.004048568416649800e+02
1.004764169166929406e+02
1.004355149208519720e+02
1.004441218247977901e+02
1.004198922778379455e+02
1.004495562670831390e+02
1.004691259269858108e+02
1.004870257337843356e+02
1.004750201357032466e+02
1.005178771134621769e+02
1.004626782671296326e+02
1.003754534286207161e+02
1.003464927144467111e+02
1.003259941212111386e+02
1.002866151900586544e+02
1.002501507669213083e+02
1.002124156901207499e+02
1.002316946070820620e+02
1.002405015049421593e+02
1.002307884581519630e+02
1.002896630271925886e+02
1.002570325694705957e+02
1.002993953815254713e+02
1.003154513465758981e+02
1.003421824322746829e+02
1.003096410670799514e+02
1.003098788104054506e+02
1.003122269352811884e+02
1.003267494420551174e+02
1.003478861421288570e+02
1.003153903390306567e+02
1.003764068252319674e+02
1.004313845596524288e+02
1.004150314760840672e+02
1.004784295205780467e+02
1.004692876098386733e+02
1.004476939967863558e+02
1.005186273842379308e+02
1.004602526243275236e+02
1.004113652562123917e+02
1.004096215594183263e+02
1.003403159332503947e+02
1.003712319301540248e+02
1.003917518934151332e+02
1.003437403585277963e+02
1.003972773669493250e+02
1.004038794063212237e+02
1.004383477809790293e+02
1.004197517792804462e+02
1.005249600901774016e+02
1.005582206469341884e+02
1.005979733560332363e+02
1.006902301637434505e+02
1.007171644503170853e+02
1.007649591560660696e+02
1.008628254187844817e+02
1.008734471438890949e+02
1.009357901888491540e+02
1.009569105879704836e+02
1.009501406818627061e+02
1.010633222385889667e+02
1.010176280858191546e+02
1.010861659480874835e+02
1.010898416534187589e+02
1.011441094563632390e+02
1.011421569041752662e+02
1.012181548424801605e+02
1.012599367646778603e+02
1.012664317830875973e+02
1.013102033305906531e+02
1.013816449292496458e+02
1.014446151734738635e+02
1.014353564260488412e+02
1.015144273871998024e+02
1.015053164005631459e+02
1.015773207563178602e+02
1.015865882698453504e+02
1.016079653332741941e+02
1.016454084366189932e+02
1.016676634285067280e+02
1.016590445336942565e+02
1.017034289467392227e+02
1.017412766577724739e+02
1.017429791066597176e+02
1.017652628000656847e+02
1.017725283065000639e+02
1.018123754028302983e+02
1.019327172793534402e+02
1.019760448914218500e+02
1.019772443121856043e+02
1.020688957451259569e+02
1.020669237129729510e+02
1.020896114287807279e+02
1.021647119279252109e+02
1.021824744443316035e+02
1.021939848833226137e+02
1.021420259079958726e+02
1.021575400525746744e+02
1.021098508883103904e+02
1.020479997237256100e+02
1.020177002517682041e+02
1.020395416871866843e+02
1.020259882534848970e+02
1.019869884961170783e+02
1.020019947012841754e+02
1.020174804381578042e+02
1.019949443576357311e+02
1.019852492516603917e+02
1.019830006535927964e+02
1.019695675352496664e+02
1.020106784998395710e+02
1.020803864456077861e+02
1.020635389456589621e+02
1.020178387007740923e+02
1.020047265846339286e+02
1.019949204141870069e+02
1.020180524798910255e+02
1.020106202239733619e+02
1.020109532225607154e+02
1.020173968588898958e+02
1.019724216348342054e+02
1.019090330105495639e+02
1.019356871073654105e+02
1.019178655226034920e+02
1.019001697421023209e+02
1.019343157487246856e+02
1.019510052485492508e+02
1.020164213050900202e+02
1.020144643799657160e+02
1.020049982320626469e+02
1.020006057501191634e+02
1.020043217062175529e+02
1.020018759236912445e+02
1.019827507084668241e+02
1.019572966225127999e+02
1.019781285794488213e+02
1.019782649864143309e+02
1.019532622274981861e+02
1.019440281416637504e+02
1.020010246824229512e+02
1.020122337152366185e+02
1.020654561441097599e+02
1.020721897139503795e+02
1.020559222665557115e+02
1.020986559377064253e+02
1.020894557267574783e+02
1.021250416571640898e+02
1.020916737039162001e+02
1.020842427447186083e+02
1.021248934878023391e+02
1.020911317897255657e+02
1.021200160562300425e+02
1.021175021283077200e+02
1.021533826148128412e+02
1.021436955300525966e+02
1.021256313257190413e+02
1.021668401305819884e+02
1.021180302403475366e+02
1.021039843598137082e+02
1.021512689247915233e+02
1.021687106964696170e+02
1.021532211329073618e+02
1.021611453328098520e+02
1.022509630858506853e+02
1.023204564536622598e+02
1.023576682860530411e+02
1.024157728629401731e+02
1.024755893944903136e+02
1.025317655842715396e+02
1.025854557260088455e+02
1.025962486283497270e+02
1.026897703854837545e+02
1.027091934579659664e+02
1.027532520433814653e+02
1.026688681250234652e+02
1.027119361633667580e+02
1.026886601880244143e+02
1.027093373243038599e+02
1.026978488483348571e+02
1.026700918737344637e+02
1.026647008724040262e+02
1.027057843449190102e+02
1.026578034979132923e+02
1.026647584366879613e+02
1.027444407671467133e+02
1.027557643712808897e+02
1.027559935779413820e+02
1.027278936087657968e+02
1.028123403077591718e+02
1.028009353252023601e+02
1.028841684916024661e+02
1.028731185994627566e+02
1.029539539619612043e+02
1.030306585425317678e+02
1.030555886307776063e+02
1.030279814307710353e+02
1.030594308509086829e+02
1.030703538910627231e+02
1.030549780396699049e+02
1.030597896321138478e+02
1.030241602553241052e+02
1.030207623067233698e+02
1.030535124455151106e+02
1.030117008795064493e+02
1.030327642821932272e+02
1.030327619721091850e+02
1.030565249053640855e+02
1.030569408796224593e+02
1.029958217612866065e+02
1.030823774259090868e+02
1.030716056493740211e+02
1.031287963761598405e+02
1.031485800333083205e+02
1.031680841224170280e+02
1.032459852036119656e+02
1.031414347527056350e+02
1.032279559383001128e+02
1.032915609560836430e+02
1.033231019639411272e+02
1.033936778781149712e+02
1.034555341595164464e+02
1.034410680392819302e+02
1.034765330398669221e+02
1.035221654797984030e+02
1.035906768931748445e+02
1.036850798180962130e+02
1.036997328613142599e+02
1.037332613674963966e+02
1.038539941351064329e+02
1.038919922819510049e+02
1.039978612395041040e+02
1.039576124737563987e+02
1.040623799276765027e+02
1.041046667223133966e+02
1.041002226699400666e+02
1.040692986271042884e+02
1.041194294373431717e+02
1.041693169943034007e+02
1.041918406656182583e+02
1.042459463390797225e+02
1.042931873708164261e+02
1.042626570083342443e+02
1.043592856031517897e+02
1.044221516075740794e+02
1.044050844895591297e+02
1.044255517529063866e+02
1.044656402075196695e+02
1.045521354513307415e+02
1.045898939107046886e+02
1.045998643779822146e+02
1.046037522186912696e+02
1.046026921494584769e+02
1.046386215517257909e+02
1.046752563198002264e+02
1.046438874424913337e+02
1.046915144460166687e+02
1.047177875300101846e+02
1.047877621473639920e+02
1.048221407831307914e+02
1.048045556267655058e+02
1.047650087982280240e+02
1.046793782337594081e+02
1.046375000555979398e+02
1.046715974609418680e+02
1.046754141886060836e+02
1.046365844239584248e+02
1.046521843245973145e+02
1.046946647376947794e+02
1.046995898970108243e+02
1.047276044592818494e+02
1.046748746201496658e+02
1.046884413217867689e+02
1.047011427527542224e+02
1.047087161989574469e+02
1.047225112292886138e+02
1.046923058525376291e+02
1.046277290379312177e+02
1.047209101918871568e+02
1.046570494959748459e+02
1.046457430671010940e+02
1.046986445508774608e+02
1.046969202151776841e+02
1.046250684258084078e+02
1.046336192081803347e+02
1.046426858045716699e+02
1.046039628244894146e+02
1.046035329457076557e+02
1.046298131070155080e+02
1.046284446950651272e+02
1.045925889632645038e+02
1.046139246461038255e+02
1.045559305600582860e+02
1.046228823189079264e+02
1.046359165669847897e+02
1.047029244095850800e+02
1.047416958362429398e+02
1.047728162653554023e+02
1.047661481917479165e+02
1.047891668823889972e+02
1.047867294045452127e+02
1.047812549777846556e+02
1.048120118531393956e+02
1.048812649231402787e+02
1.048937699724921089e+02
1.048976094171401883e+02
1.048591087159598487e+02
1.049027355599585718e+02
1.049103431861622511e+02
1.048708724046757652e+02
1.049395593371798441e+02
1.049324166324703498e+02
1.049008226581007506e+02
1.048946998343378141e+02
1.048731723549224313e+02
1.048484013100820533e+02
1.048164516607643293e+02
1.047846431776391682e+02
1.047937649918698071e+02
1.048409067244945021e+02
1.048853615728175157e+02
1.049564608744657050e+02
1.049662719028020774e+02
1.050034930090930629e+02
1.050804504860978597e+02
1.051255137151168100e+02
1.051684413399542422e+02
1.052328605204220935e+02
1.052227724261798443e+02
1.052480186942088807e+02
1.052581563718645725e+02
1.052835568606312364e+02
1.052895717604491495e+02
1.053139121327062071e+02
1.053141328570551849e+02
1.053396504149680055e+02
1.053338188172064065e+02
1.053338860324198123e+02
1.053605361739714255e+02
1.053014419352265918e+02
1.052946054577202659e+02
1.053163280468353520e+02
1.053388865860552386e+02
1.053889572044750764e+02
1.055189052256272504e+02
1.055849162692864240e+02
1.056347396988434326e+02
1.056951717322930193e+02
1.057635000867684738e+02
1.058487793298454278e+02
1.058675352462443868e+02
1.059930504144634256e+02
1.060747455307624705e+02
1.061425532221553851e+02
1.061989973111877390e+02
1.062834667739092254e+02
1.063359980399057605e+02
1.064073540074783750e+02
1.064610360444327739e+02
1.065334596618111789e+02
1.065827867956964639e+02
1.065913646674367214e+02
1.066080050624385365e+02
1.066128065484058993e+02
1.066105452410171495e+02
1.066159791577181721e+02
1.065529424166459052e+02
1.065154778325370728e+02
1.065049559301620121e+02
1.065162053160591711e+02
1.065622841080588756e+02
1.065331448045832445e+02
1.065054597382310106e+02
1.064937336022607326e+02
1.064540335686695727e+02
1.063882843696011946e+02
1.064286724381908016e+02
1.064005163486085195e+02
1.064064143398283306e+02
1.063715051775072453e+02
1.063058012264268513e+02
1.063006604390789676e+02
1.063708572866205344e+02
1.063644505347496789e+02
1.063984368623409864e+02
1.063866794147603230e+02
1.064046731721597325e+02
1.063592109302806961e+02
1.063317731664468226e+02
1.062597793661768151e+02
1.062485433166333308e+02
1.061628721977288450e+02
1.061623246453651461e+02
1.061590230353697422e+02
1.061640169152831703e+02
1.062232545738650344e+02
1.063493010474800400e+02
1.063692032809993009e+02
1.064118831034875114e+02
1.064109508001907756e+02
1.065111323010104485e+02
1.064574471887800939e+02
1.064557001912842367e+02
1.065304552725182816e+02
1.064770292657029529e+02
1.065232395665890550e+02
1.065720982131295784e+02
1.066322985520604618e+02
1.067284457140177238e+02
1.067539938558402781e+02
1.068397902860146473e+02
1.068371489109272261e+02
1.068705993425093226e+02
1.069056408080022322e+02
1.069032347509688918e+02
1.068939413556265947e+02
1.069016588700473562e+02
1.068856824026279497e+02
1.068969303280195504e+02
1.068665902787215032e+02
1.069126415788918933e+02
1.069424550279489807e+02
1.069306276540921630e+02
1.069511012118146311e+02
1.069300537858563018e+02
1.069756612802588762e+02
1.069819386746100633e+02
1.070124693757996113e+02
1.070209469650489069e+02
1.070486698914154857e+02
1.070648947557007205e+02
1.070768271255679309e+02
1.071051026614725004e+02
1.071042483954480957e+02
1.071042881894833130e+02
1.071444731052913681e+02
1.070377496650811224e+02
1.070328690367747839e+02
1.069611772463311326e+02
1.069396052555784280e+02
1.069355427563202028e+02
1.069809904521457185e+02
1.069553621649311879e+02
1.069993119185027268e+02
1.070179111618782457e+02
1.069864444018026290e+02
1.070278813302517023e+02
1.070170154060158154e+02
1.070198673896915409e+02
1.070727696749938360e+02
1.070754137891072872e+02
1.070768005533578133e+02
1.071181373423620045e+02
1.071423847165138881e+02
1.071047479369475184e+02
1.070446344113087775e+02
1.071396622198491855e+02
1.070761136391117816e+02
1.070684654669072700e+02
1.070415129589991494e+02
1.070850418694123363e+02
1.070892079461226984e+02
1.070966253077402968e+02
1.070771204235292942e+02
1.071285607585765973e+02
1.071461549027636835e+02
1.071963650513212372e+02
1.072450858998886076e+02
1.072355105281597218e+02
1.072791041025304963e+02
1.072646632398684545e+02
1.071960025177568383e+02
1.072827459011650291e+02
1.072373872998226574e+02
1.072310161193219784e+02
1.072242674886971230e+02
1.072121775103266685e+02
1.072008221554327463e+02
1.072413051401002377e+02
1.071872118168624723e+02
1.072124652353476790e+02
1.072375495852592167e+02
1.072926047152272275e+02
1.073099671527567267e+02
1.073708754262028009e+02
1.074108884121113334e+02
1.074956233365990812e+02
1.076080874631521880e+02
1.076262092240567654e+02
1.077612551751077916e+02
1.078676631568369118e+02
1.078858488020287467e+02
1.079635011142664354e+02
1.080071189879325857e+02
1.080352368775585177e+02
1.081437109899096640e+02
1.082304917562510553e+02
1.082183760318628885e+02
1.082739170290836768e+02
1.083281523837256941e+02
1.084045295300542051e+02
1.084763883346379743e+02
1.085034837743978926e+02
1.085650219975188691e+02
1.085666979930952891e+02
1.086661830455399667e+02
1.086486499253314406e+02
1.087117189033218949e+02
1.088385979954464347e+02
1.088721977230020883e+02
1.089288587930980725e+02
1.089446258895437580e+02
1.089418710700471280e+02
1.089850203989246893e+02
1.089855974949942947e+02
1.090587547892392308e+02
1.090329270201005016e+02
1.090332044851240028e+02
1.089949722394813278e+02
1.089989291817509809e+02
1.090554167766335922e+02
1.089923601314722106e+02
1.089665829524917058e+02
1.090060658082623206e+02
1.090481185787108416e+02
1.090494483815136988e+02
1.090312654967531643e+02
1.090418561432098272e+02
1.090926689351962011e+02
1.090952194222948179e+02
1.090837138460179574e+02
1.091569166003925631e+02
1.091890789404768043e+02
1.092299791351558014e+02
1.092974118121212683e+02
1.092625563851960067e+02
1.092253566095430557e+02
1.091632348871965661e+02
1.092480886407536360e+02
1.092042170872510241e+02
1.091583279649339886e+02
1.091258665576423255e+02
1.090684366702327566e+02
1.090938395867072472e+02
1.090694019864991020e+02
1.090890019047616164e+02
1.091116580590203711e+02
1.091322135148111414e+02
1.091583123258446761e+02
1.091477507802345599e+02
1.092014042979806021e+02
1.091792787429548071e+02
1.091824959998765792e+02
1.092220347366972533e+02
1.092653367803174405e+02
1.092658605262316769e+02
1.093009856812304861e+02
1.094036258414385969e+02
1.094574334285452863e+02
1.095503716729487991e+02
1.095978630346702687e+02
1.095755022527966673e+02
1.096090693443169073e+02
1.096175443029361958e+02
1.095967776030477125e+02
1.096300634634533964e+02
1.097383803717856949e+02
1.097294921339077973e+02
1.098038780217564181e+02
1.098197103073963206e+02
1.098867605362569151e+02
1.098979252610736097e+02
1.098479178495261266e+02
1.098762398036831627e+02
1.099180721097142026e+02
1.099857285365498711e+02
1.099744872657699233e+02
1.100254449085285700e+02
1.100674074140800940e+02
1.101106935503495663e+02
1.101476281782115620e+02
1.101193736747534473e+02
1.101610900929558454e+02
1.101551321840720448e+02
1.100932010704556205e+02
1.100799067030115879e+02
1.101328445656513537e+02
1.101728462504621007e+02
1.101580180916873957e+02
1.101433793244071211e+02
1.101170847412874707e+02
1.101286872173713789e+02
1.100532286025973434e+02
1.100392513177186800e+02
1.100358853494341389e+02
1.099618373820280226e+02
1.099388428966807112e+02
1.099458007683757188e+02
1.098786396890875352e+02
1.099185495857663994e+02
1.099578365440131051e+02
1.098963905870614468e+02
1.099042609978827585e+02
1.099482819256766817e+02
1.099281046649909257e+02
1.099234302215371031e+02
1.099603253570672479e+02
1.098884126678910320e+02
1.098905668317205482e+02
1.098748125564406593e+02
1.098762565350568536e+02
1.098373139272267309e+02
1.098044305213681042e+02
1.098492128211594405e+02
1.098016472303540638e+02
1.098142028836585240e+02
1.097799181567110622e+02
1.098201689918141994e+02
1.097406508480863181e+02
1.097469545322707916e+02
1.097469239701523520e+02
1.097554160230975526e+02
1.097144903242759284e+02
1.097049110194531067e+02
1.097030918083942197e+02
1.096714287157136170e+02
1.096926600969401875e+02
1.096922777970078897e+02
1.096848484886981510e+02
1.096642709520657633e+02
1.096157355050852402e+02
1.096528533846073401e+02
1.096662762223294720e+02
1.095803463602062493e+02
1.096697382244578876e+02
1.096907032636201507e+02
1.097318641235843728e+02
1.097987148197741476e+02
1.098338709092712548e+02
1.098655140952495657e+02
1.098617966323208464e+02
1.098568002142254159e+02
1.098980342775824113e+02
1.099467456308131688e+02
1.099827679188328489e+02
1.100835044203435302e+02
1.100778617424968928e+02
1.100672016245568443e+02
1.101223209545958923e+02
1.101214469540442025e+02
1.101182929947082130e+02
1.101310909632351525e+02
1.101455561145908746e+02
1.102167339609308101e+02
1.102268818645186172e+02
1.101900977212520019e+02
1.102481170010466656e+02
1.102870460910511952e+02
1.102635565750103979e+02
1.102881218757288906e+02
1.103738160853351928e+02
1.103994256692906362e+02
1.104443068044062244e+02
1.104988271356339311e+02
1.104697098401394300e+02
1.104508769611014429e+02
1.104742027477355180e+02
1.104679976232486496e+02
1.103405277273633800e+02
1.102899353737843029e+02
1.102905120232372980e+02
1.101748656309504781e+02
1.102217323678141128e+02
1.100930422535099638e+02
1.100989280322991561e+02
1.100160562381154676e+02
1.099265945170289882e+02
1.099727136775137097e+02
1.099567691204226350e+02
1.098639788279764105e+02
1.098837941249299064e+02
1.098576894644244248e+02
1.098222090059544485e+02
1.098701002325694702e+02
1.098709060263497861e+02
1.098685972682115874e+02
1.098725813148414545e+02
1.098726161860721930e+02
1.099075262503746302e+02
1.098386394508161885e+02
1.098718962224976536e+02
1.098589151525159906e+02
1.098527631591940690e+02
1.098713955884846172e+02
1.098769191591766372e+02
1.098990802245892127e+02
1.099164652955456063e+02
1.099192236336883326e+02
1.099143240536215700e+02
1.099066996817736879e+02
1.098567561410795435e+02
1.098643328201076201e+02
1.098213515356437000e+02
1.099015634967326633e+02
1.098380758175131007e+02
1.099091773399664049e+02
1.098654075070487437e+02
1.098453944429213038e+02
1.098906873523853562e+02
1.099360467220624855e+02
1.099399940460991871e+02
1.100074378058404250e+02
1.099905563108877544e+02
1.101199774812332919e+02
1.100993283553237347e+02
1.101350880106951422e+02
1.102033192699447852e+02
1.102171361684213053e+02
1.102650450727948623e+02
1.103273520168434914e+02
1.103004681023374047e+02
1.103789593736387360e+02
1.104288130834357986e+02
1.104394992182047019e+02
1.104674296761832153e+02
1.104841726722789588e+02
1.104536773840318205e+02
1.104388306989682178e+02
1.104824386906198583e+02
1.104954274201562754e+02
1.105419316726746501e+02
1.105415097390557406e+02
1.105283004353519942e+02
1.105233909702731268e+02
1.105655753471168339e+02
1.105519536747473239e+02
1.105367877698951276e+02
1.105512026742217557e+02
1.105603797022647967e+02
1.106149771658758425e+02
1.106336459865883057e+02
1.105992389240168876e+02
1.105873210109214995e+02
1.106117319767721341e+02
1.106281429299579742e+02
1.105937808958803714e+02
1.106451038690715336e+02
1.105863606048140895e+02
1.105836201354904347e+02
1.106293748527067891e+02
1.106730300301013870e+02
1.107249295521886125e+02
1.107304237039477499e+02
1.107553428182416013e+02
1.107446727106129316e+02
1.107063679524544284e+02
1.106302925695970458e+02
1.106319782331304538e+02
1.105972555036658207e+02
1.106139304617339718e+02
1.106248017766366729e+02
1.106491223532993757e+02
1.106853080186176328e+02
1.106945502843804974e+02
1.107548463496295739e+02
1.107924188726121599e+02
1.108726267661652827e+02
1.109127650508875575e+02
1.109647274744003624e+02
1.109922440674359194e+02
1.110718035131813934e+02
1.110619338094844011e+02
1.110600002514198366e+02
1.110809450839073236e+02
1.110463905731189840e+02
1.110126087891077020e+02
1.110312011469264064e+02
1.110629622247311232e+02
1.110489371091689037e+02
1.111305882391379782e+02
1.111510081062007771e+02
1.112005064913756769e+02
1.111669067956377290e+02
1.112894113746276616e+02
1.113261203262660075e+02
1.113252051836570615e+02
1.114002741435078434e+02
1.114203010382166212e+02
1.114385332839899263e+02
1.113883387765051509e+02
1.114026058662882264e+02
1.114297174819204628e+02
1.114545206873647345e+02
1.114421459693890029e+02
1.115414345369172366e+02
1.115273729855559992e+02
1.115391281254459983e+02
1.115317498088497103e+02
1.115369996361395550e+02
1.115718155904021813e+02
1.115156067558930033e+02
1.115743729914838269e+02
1.115783637508578039e+02
1.115816238014369759e+02
1.116295450974740930e+02
1.116902629346045899e+02
1.117454295136772657e+02
1.118109529815833554e+02
1.118156364996941647e+02
1.118817205640676917e+02
1.118588501606066927e+02
1.118956850541198094e+02
1.118742991145290659e+02
1.119045684090174291e+02
1.118939316085024416e+02
1.118157830576004415e+02
1.118778270651421991e+02
1.118230947109568518e+02
1.118273646455766794e+02
1.118853084894317362e+02
1.118646017946067559e+02
1.118578193293697609e+02
1.119021887883140778e+02
1.119034929387797916e+02
1.119639707775551472e+02
1.119328126358403779e+02
1.119263919806360548e+02
1.119533284035080385e+02
1.119317514124842035e+02
1.118883466407107932e+02
1.118701931592316328e+02
1.119024693449755290e+02
1.118846266885983738e+02
1.119006749067101367e+02
1.119288640897295011e+02
1.118692523497741291e+02
1.118922377379014392e+02
1.119334018955672860e+02
1.119339841473496193e+02
1.119898586701248746e+02
1.119980477880521477e+02
1.120132500369551707e+02
1.119984255942382987e+02
1.119730683056355645e+02
1.120053125622826400e+02
1.120075372534433029e+02
1.119954204478222977e+02
1.120409300055189021e+02
1.120800651347575894e+02
1.120631289615085251e+02
1.120183823053411629e+02
1.120829597583361448e+02
1.120655285598506623e+02
1.120117636457156038e+02
1.119467241630716643e+02
1.119191546955488263e+02
1.118639436070397721e+02
1.118472767652135644e+02
1.118774172833413729e+02
1.117654961013095942e+02
1.116923235501389655e+02
1.115789042539138052e+02
1.115404334754806541e+02
1.115487002047792231e+02
1.114529598561961024e+02
1.114431488381538742e+02
1.114681638041989373e+02
1.114572671878035663e+02
1.114879424436196160e+02
1.115313592684030084e+02
1.115583574263020807e+02
1.115317513163247156e+02
1.115582347909113565e+02
1.115820383533296365e+02
1.115278906299811723e+02
1.115416817303991763e+02
1.114991160382965489e+02
1.114821073725411225e+02
1.114466084232885521e+02
1.114338261446908689e+02
1.114113968454217769e+02
1.113709241715694986e+02
1.114025266576738886e+02
1.114528542287851707e+02
1.114783746326765623e+02
1.114850866691933220e+02
1.114902998544483239e+02
1.114752218616613106e+02
1.115459130547288424e+02
1.115424267093756612e+02
1.115279745886001734e+02
1.115893419783775329e+02
1.116816327436845029e+02
1.116611827603852021e+02
1.116040691036986914e+02
1.116981038227307579e+02
1.116838419770748203e+02
1.117576796125763536e+02
1.117961416640453507e+02
1.118547108856513859e+02
1.118977846867307306e+02
1.119547931498863562e+02
1.119733075689787825e+02
1.120051400825814056e+02
1.120269636863429668e+02
1.120871254541853830e+02
1.121141464290360830e+02
1.121876606236088350e+02
1.122690105679679391e+02
1.122311474929106510e+02
1.123116722425636453e+02
1.123954761031768186e+02
1.124250160216704302e+02
1.124147213787332902e+02
1.124461093483360656e+02
1.124643736844801367e+02
1.125053540947927360e+02
1.125080889441267260e+02
1.125481341384137863e+02
1.125819009188604127e+02
1.126291924225322418e+02
1.126316910464274486e+02
1.126409857052975383e+02
1.126400372199248636e+02
1.127094926663108794e+02
1.127497248415249658e+02
1.126880198330159857e+02
1.127816209562486307e+02
1.128681311143231909e+02
1.128819907301992913e+02
1.129033074854997523e+02
1.128851350497023276e+02
1.129230847899953574e+02
1.129210552458489900e+02
1.129617014904711993e+02
1.129633329892079985e+02
1.129685864337248518e+02
1.129020806092312341e+02
1.128856984983668639e+02
1.129044999649549936e+02
1.128384159611028821e+02
1.127866976401770387e+02
1.127689501342521936e+02
1.128194844027395334e+02
1.127148597456474448e+02
1.127652192244712239e+02
1.127574835270394544e+02
1.127406855544205797e+02
1.126694498202471095e+02
1.126946239314423792e+02
1.126840580022523284e+02
1.127096584432661075e+02
1.127524519777163050e+02
1.127056506449081610e+02
1.127494261347562343e+02
1.127256173739920229e+02
1.128835492679964005e+02
1.128817972622858150e+02
1.128717057289994870e+02
1.129320769321533930e+02
1.129423697596361507e+02
1.129455810236830899e+02
1.129766825898931728e+02
1.129868062764901140e+02
1.130281481468964273e+02
1.130475935837668686e+02
1.130448413881466507e+02
1.130516825736504103e+02
1.130266545530256650e+02
1.131168506210233033e+02
1.130754958768170155e+02
1.130909263825723485e+02
1.131303817916034973e+02
1.131743818068151768e+02
1.131750061089897628e+02
1.132158483777323568e+02
1.132134126956038216e+02
1.132614384804671204e+02
1.132325134016685837e+02
1.133284149435232848e+02
1.133228628773792508e+02
1.133382372083798657e+02
1.133947065420619253e+02
1.134216282218608853e+02
1.134463767819233198e+02
1.134757344829100987e+02
1.134258015774685617e+02
1.133711877320332633e+02
1.134035213085535503e+02
1.133919892088168524e+02
1.134121600119470372e+02
1.133673646189584332e+02
1.133456069871646434e+02
1.134482286835447695e+02
1.134241097628071770e+02
1.133174737884042713e+02
1.133671076363662564e+02
1.133616869471351833e+02
1.133252050494478880e+02
1.133335165434561986e+02
1.133913221591036091e+02
1.134424900054968361e+02
1.134692853697297323e+02
1.134943876840664814e+02
1.135628600247111422e+02
1.136033090212990402e+02
1.135450608860845705e+02
1.135883102013973485e+02
1.136078540229321447e+02
1.136659506700681135e+02
1.137069583519259623e+02
1.137318947360215873e+02
1.137766751923862216e+02
1.137891775503536991e+02
1.138049444226417961e+02
1.138267996301680398e+02
1.137499505518313612e+02
1.137786940847715726e+02
1.137766192691130840e+02
1.137405794354211679e+02
1.138133420941570222e+02
1.137746875518974008e+02
1.137527631446675827e+02
1.138093077510625335e+02
1.137616128732147160e+02
1.137913874713136693e+02
1.137260790884134423e+02
1.137243073124813435e+02
1.137650489968425944e+02
1.136732307066356640e+02
1.136579205564879373e+02
1.135847420446763039e+02
1.135729797258947542e+02
1.135296263155558876e+02
1.135120855830649731e+02
1.134750841837120703e+02
1.134055645983798399e+02
1.133950081332530289e+02
1.134071837729516687e+02
1.134113860396514895e+02
1.134129997403246932e+02
1.134278958953587590e+02
1.134063904292103331e+02
1.134031205300015444e+02
1.134094609308379518e+02
1.134192750173073989e+02
1.134090274376313943e+02
1.133710941461405497e+02
1.132830131881393072e+02
1.132622208922852423e+02
1.132452382089023359e+02
1.132480318714858782e+02
1.132446738921337470e+02
1.132631202127632406e+02
1.132949490898285063e+02
1.133186954544602969e+02
1.133156749358550712e+02
1.134094015267099564e+02
1.133934400674475285e+02
1.134340407859409936e+02
1.134605854227790900e+02
1.134489718840171548e+02
1.135625196642391757e+02
1.135312883527322612e+02
1.135813685494310334e+02
1.136080665762163449e+02
1.136665167023649445e+02
1.137386707944527870e+02
1.137637599810413604e+02
1.137905994888373584e+02
1.138002211068197056e+02
1.138516902105712205e+02
1.139081757313782077e+02
1.139400425820645069e+02
1.139863317147713389e+02
1.140586164402600247e+02
1.140454235222057520e+02
1.140443124120638458e+02
1.140236622378294271e+02
1.140586336784092083e+02
1.140739242727114089e+02
1.140522936451749558e+02
1.140760466945775278e+02
1.140169263121528331e+02
1.140467546035875301e+02
1.140081321569746109e+02
1.140387691548265394e+02
1.140482522722623173e+02
1.140507259946405867e+02
1.140255452595204702e+02
1.140093361736019375e+02
1.139692589329488328e+02
1.139784496877529705e+02
1.139672422161485912e+02
1.139376328607977911e+02
1.139061102163631602e+02
1.138353490207588834e+02
1.138718810450815795e+02
1.138147839182001775e+02
1.138225045219348885e+02
1.137944177852368881e+02
1.138056764123517439e+02
1.136933399899410944e+02
1.136947188810452332e+02
1.136431480999710146e+02
1.136357796590453546e+02
1.135686934112169553e+02
1.135039335360393125e+02
1.135717531377845972e+02
1.134776402921251304e+02
1.134579084485421134e+02
1.134535872385856266e+02
1.134390975259428416e+02
1.134252722559814686e+02
1.134246131054976843e+02
1.134664477701258960e+02
1.134338067901685463e+02
1.135396920653350605e+02
1.135436303578218684e+02
1.135585676730705416e+02
1.136108684070451744e+02
1.135708915971069217e+02
1.135867097465290954e+02
1.136648844084690069e+02
1.136795824073605417e+02
1.137029806004926655e+02
1.135962787451435361e+02
1.136254738610991524e+02
1.135399203798244088e+02
1.134745852110185638e+02
1.134815927587872295e+02
1.134384140102052640e+02
1.134264968120344150e+02
1.133484639992855705e+02
1.133330914488805092e+02
1.132783634389077037e+02
1.132361850555949019e+02
1.131398337064112951e+02
1.131597258323448472e+02
1.130789062283716504e+02
1.130248980941017294e+02
1.128975695319225565e+02
1.128636986835703908e+02
1.128244927891400664e+02
1.126899928259787771e+02
1.126533812413036912e+02
1.126375445487075808e+02
1.125437748941830023e+02
1.125733846951643073e+02
1.125348248623301117e+02
1.125586015691485784e+02
1.125829825801339865e+02
1.126323005680510931e+02
1.126011478379306681e+02
1.126213859317220738e+02
1.125830433548947411e+02
1.125410928731253648e+02
1.124818420255831057e+02
1.124928430480644437e+02
1.125048874758868465e+02
1.124247712937563080e+02
1.124983986152465860e+02
1.125178640452030265e+02
1.125172512499724036e+02
1.125480859138489222e+02
1.125850411830308389e+02
1.125973829539646829e+02
1.126727470159500939e+02
1.126709926547373044e+02
1.126988399312112108e+02
1.127559837473828850e+02
1.128036283170079201e+02
1.128309988378283180e+02
1.128162404936712591e+02
1.128391136377321828e+02
1.128191604325042050e+02
1.128158968290471620e+02
1.128106874140924987e+02
1.129262415024766852e+02
1.129259543839391853e+02
1.130222487181383002e+02
1.130459542603990855e+02
1.130260808386392455e+02
1.130606982056110326e+02
1.130546487971358971e+02
1.130784558727817171e+02
1.130853976507057865e+02
1.131254876881277340e+02
1.131901092747518049e+02
1.131786000356745632e+02
1.132075329953284211e+02
1.132577066985312797e+02
1.133108924872221053e+02
1.133169045912221691e+02
1.133249014790697231e+02
1.133868634401470956e+02
1.133313379075930243e+02
1.133306900221873406e+02
1.134197429268119492e+02
1.135028099244604363e+02
1.134825172045490405e+02
1.135927340003179040e+02
1.135680271009059510e+02
1.136986824477551750e+02
1.137113624745157523e+02
1.137444263923775338e+02
1.136914735278041064e+02
1.138065490056315241e+02
1.138093910316868289e+02
1.137479101684560874e+02
1.137624755162439101e+02
1.138150693171708667e+02
1.138638240190279731e+02
1.138823694925388708e+02
1.139759157127248272e+02
1.139871006228023163e+02
1.140073212899942376e+02
1.140597718192142906e+02
1.140763000801055114e+02
1.141987122426030510e+02
1.143153151729553088e+02
1.143988813920019680e+02
1.144813039777084782e+02
1.146182917147979907e+02
1.146405609764288727e+02
1.147472201198207529e+02
1.148839800084529941e+02
1.149242908862752444e+02
1.150111321986620680e+02
1.150899587926426761e+02
1.151795367786311033e+02
1.152803302477906584e+02
1.153167972368824792e+02
1.152483668223559192e+02
1.153019004883176990e+02
1.153525030494327268e+02
1.153798540602025042e+02
1.152604544539107110e+02
1.153032812714667870e+02
1.153250967751501008e+02
1.153352346759297262e+02
1.153574818205025707e+02
1.153841366813043834e+02
1.154870448651814883e+02
1.154878828211562762e+02
1.155599681591807837e+02
1.155703694051175887e+02
1.154907005772562343e+02
1.155309609574171077e+02
1.155605773444477791e+02
1.155525225597787653e+02
1.155274387403251097e+02
1.155064885997089021e+02
1.154738661204449244e+02
1.154666259001515840e+02
1.155013868609671590e+02
1.155233591089525618e+02
1.155022277754465989e+02
1.154869081092319334e+02
1.154608577127874867e+02
1.153944919382269205e+02
1.154114567532879363e+02
1.154321969660233265e+02
1.153008308618231297e+02
1.152874783723141832e+02
1.152957784950767461e+02
1.152301572849216456e+02
1.151814942952598528e+02
1.151544892411353231e+02
1.150822683651868772e+02
1.149826081685738330e+02
1.150034812896127079e+02
1.150518046373212968e+02
1.149676975249312250e+02
1.149910626460558092e+02
1.149468745265441640e+02
1.149240828417246263e+02
1.149216730666768456e+02
1.148885564940548534e+02
1.149266860568583724e+02
1.149836799836850219e+02
1.149446488560415958e+02
1.148938028296129090e+02
1.149470142788234597e+02
1.149917567420333029e+02
1.150312320924302725e+02
1.150594470137085779e+02
1.150957671174858490e+02
1.151407793401420037e+02
1.152002835769904721e+02
1.151816511480962930e+02
1.151927318988362146e+02
1.151688044962275086e+02
1.151722858609665394e+02
1.151669757745146541e+02
1.151864359417309771e+02
1.152031165016801566e+02
1.151330092846931450e+02
1.151479721054459446e+02
1.151253640405816725e+02
1.151387784623697144e+02
1.151002863384854464e+02
1.151151322433332638e+02
1.150895130443437893e+02
1.151335506296334188e+02
1.150880056306021686e+02
1.150470299178991667e+02
1.149855559129104705e+02
1.149172911930068040e+02
1.149363585699114765e+02
1.149932885040541350e+02
1.149639924996882741e+02
1.149688054776848531e+02
1.149716464275297341e+02
1.149953310015918788e+02
1.149727033569807162e+02
1.149378012197442303e+02
1.149016363046064555e+02
1.149622904973575004e+02
1.149042737141194834e+02
1.148796297771814494e+02
1.149191187457495005e+02
1.148664836607554491e+02
1.149254726559139499e+02
1.149725928042601737e+02
1.149737621999623798e+02
1.149837109524981003e+02
1.149755713074154357e+02
1.150194009132261641e+02
1.150281488100605998e+02
1.150690802268783273e+02
1.151045388052778264e+02
1.151680794179284106e+02
1.151536596164385173e+02
1.152289074999942784e+02
1.152630316831017439e+02
1.152896452738051067e+02
1.152159551360387866e+02
1.152851529433539355e+02
1.152738461242287826e+02
1.153208029029220256e+02
1.153022769318675529e+02
1.152751571753280757e+02
1.152757094352515708e+02
1.152365424204501494e+02
1.152783526066417608e+02
1.151900544896823675e+02
1.152026900667818268e+02
1.152206707112553801e+02
1.152482105098004865e+02
1.152056767876414796e+02
1.152691583174118932e+02
1.152401940674333929e+02
1.152592495273503346e+02
1.153245491839034855e+02
1.153035775076403269e+02
1.152825621162132990e+02
1.152350869713193333e+02
1.152354735614099326e+02
1.152193794740129960e+02
1.152201462322792338e+02
1.152148182681095534e+02
1.152351837208719871e+02
1.153258205117017638e+02
1.152893634354216914e+02
1.152931352120094601e+02
1.153459302308082073e+02
1.153060764876833986e+02
1.152446033789564694e+02
1.152709404887820313e+02
1.153310847754760431e+02
1.153043606727096062e+02
1.153416148374954275e+02
1.153376518855515798e+02
1.153003805308251799e+02
1.153239194137673422e+02
1.153511135380527008e+02
1.153306493243461119e+02
1.153277207093925227e+02
1.153277095551670044e+02
1.153322039267337544e+02
1.153430096135696914e+02
1.154772019045176563e+02
1.153879416091230041e+02
1.154076247366365919e+02
1.153987983386981995e+02
1.153452025674907304e+02
1.153305943866785128e+02
1.153292966737941043e+02
1.152346438437357961e+02
1.152572597098653659e+02
1.152814063954981094e+02
1.153379698688495552e+02
1.153523832156795805e+02
1.153342809584401465e+02
1.152750248074555515e+02
1.153031936642637021e+02
1.152766624031120273e+02
1.152166844740906271e+02
1.151804884001359284e+02
1.151663677496407558e+02
1.152469954837501689e+02
1.152205939044009142e+02
1.152357142908710728e+02
1.153158426124779510e+02
1.152639077095898443e+02
1.152296343856771017e+02
1.152087134013937657e+02
1.152004884834632179e+02
1.151716717375128525e+02
1.151548753938794221e+02
1.151986578965685908e+02
1.152424412845417407e+02
1.152438269546328229e+02
1.152986192045653411e+02
1.153523914410008615e+02
1.153220084004986603e+02
1.153489693823420907e+02
1.153660114747404748e+02
1.153579336345068924e+02
1.154024818963827812e+02
1.153982388530870935e+02
1.154557955989512834e+02
1.154917594891854833e+02
1.154588600145222870e+02
1.154377820251602174e+02
1.153921039127608310e+02
1.153524885983869126e+02
1.153565406154816628e+02
1.152525466528480109e+02
1.153222519276794600e+02
1.153820805164578331e+02
1.153927363931046983e+02
1.153754404229688788e+02
1.153692583664108753e+02
1.153801037545253649e+02
1.153560307095856814e+02
1.153912892894003051e+02
1.153513016634966988e+02
1.153526190191601302e+02
1.153044587268657324e+02
1.153067188254417914e+02
1.152488820006647501e+02
1.152824892073181076e+02
1.152744947416141201e+02
1.152646872442379760e+02
1.152932330546061905e+02
1.153247343906460003e+02
1.153354557331502122e+02
1.153506132843043872e+02
1.153109743461046293e+02
1.152681331287615478e+02
1.153185310891136197e+02
1.153086691989636421e+02
