nan
nan
nan
nan
nan
nan
nan
nan
nan
nan
nan
1.786087206335141389e+02
1.755639970865223063e+02
1.728923979444641930e+02
1.710110232617005579e+02
1.697234766905569643e+02
1.684865514512503637e+02
1.676113313189891869e+02
1.664537016574754773e+02
1.651705087923365340e+02
1.639256136277117548e+02
1.629609994056481241e+02
1.620030613978850056e+02
1.611358377796205161e+02
1.601921035798406194e+02
1.593322376180147728e+02
1.586455614275660082e+02
1.579668648316647932e+02
1.570467270056015252e+02
1.562717824543524898e+02
1.552211185316217268e+02
1.542682184925365618e+02
1.535844476861951193e+02
1.529561620134510349e+02
1.520890823236827032e+02
1.513173664227999495e+02
1.505580744564052509e+02
1.499379700541471152e+02
1.492439703557857911e+02
1.486556688832742168e+02
1.480433395052296817e+02
1.474791624779557822e+02
1.469045191215786303e+02
1.460540262119654074e+02
1.453316835520962798e+02
1.445490182557530829e+02
1.439615009418576790e+02
1.433822151909121771e+02
1.427651625923676022e+02
1.421461793587289151e+02
1.415289999016470972e+02
1.407806174312327414e+02
1.402597707087253696e+02
1.396617224698468078e+02
1.390801143833359959e+02
1.385338267871941014e+02
1.378747749268601694e+02
1.371736132071255838e+02
1.367293378167944695e+02
1.361656847943540356e+02
1.356433610867344157e+02
1.351143395593132936e+02
1.344051366558641973e+02
1.339004585592780927e+02
1.332616312665844873e+02
1.326241157655908012e+02
1.320055342400991947e+02
1.314295674952178672e+02
1.309055473990251812e+02
1.304522055744810700e+02
1.300258910284304648e+02
1.293891581010959158e+02
1.290241831908017787e+02
1.286110287844764741e+02
1.282066463060075705e+02
1.278135679052988536e+02
1.273692572279936854e+02
1.269648192152271804e+02
1.265752224717486456e+02
1.262670504093629518e+02
1.258138505443526611e+02
1.255083541405939656e+02
1.250982834713494043e+02
1.247256148106096703e+02
1.244802505413583873e+02
1.240411202494880456e+02
1.237711918722880426e+02
1.233523413646733502e+02
1.230733799844616527e+02
1.227048355284265568e+02
1.222979499789595792e+02
1.219948937735269823e+02
1.216485734464212243e+02
1.212482326176899790e+02
1.208555557613653946e+02
1.205577298955456911e+02
1.201957837609325424e+02
1.199425307465578072e+02
1.196073867455652504e+02
1.193411887837030463e+02
1.190354706284038997e+02
1.187682192543027924e+02
1.184993066245273496e+02
1.182761941897073967e+02
1.179674869212085468e+02
1.177215714940851399e+02
1.175370041438392690e+02
1.172661672125501440e+02
1.171106856118722135e+02
1.169851898712849021e+02
1.167159019067834151e+02
1.165731048457452204e+02
1.163568501298914413e+02
1.161853045832242657e+02
1.159583816454938443e+02
1.157716565104016269e+02
1.155978431628725929e+02
1.154051805244546784e+02
1.152814252609232284e+02
1.151371577566322486e+02
1.148713925752120275e+02
1.147417934874899572e+02
1.146234837773548634e+02
1.144776523957205256e+02
1.142398467040022751e+02
1.140834349858806434e+02
1.138502762638622556e+02
1.136772310996587692e+02
1.134145870124409896e+02
1.131913550214806037e+02
1.129593768871930308e+02
1.126942966740122074e+02
1.125146087493843226e+02
1.121378093778556035e+02
1.119110271283483655e+02
1.116077305463683871e+02
1.113386826014774726e+02
1.108766378257789569e+02
1.107412076709290574e+02
1.104839315150785666e+02
1.103240228254136213e+02
1.101394030583713004e+02
1.098756412300611345e+02
1.096360290878748458e+02
1.094783196780071677e+02
1.093914671966915932e+02
1.091324634148501787e+02
1.089630416652477294e+02
1.088330220814676892e+02
1.086417223579687885e+02
1.083985411723607371e+02
1.082346102895918420e+02
1.080924356602647123e+02
1.078814111025124873e+02
1.077336045434337706e+02
1.076452597131738287e+02
1.074113844988992952e+02
1.072637430785994468e+02
1.071042178386009596e+02
1.069123564717595229e+02
1.067358807989151188e+02
1.066114883819285524e+02
1.064426008858001182e+02
1.062989201993000421e+02
1.061899699972737920e+02
1.059564889566417776e+02
1.058428413866940474e+02
1.057424889287259901e+02
1.055859671025939974e+02
1.055142328862224304e+02
1.053668333751155330e+02
1.052285292257525242e+02
1.050602601833594747e+02
1.048799197714857740e+02
1.047146712723124296e+02
1.045112588686260295e+02
1.043321309392941743e+02
1.041115497079955503e+02
1.039181443840335390e+02
1.037187508031956042e+02
1.035616786420456492e+02
1.034879112678648312e+02
1.033322903067309539e+02
1.031466485432000582e+02
1.030046141790624290e+02
1.028789545131527348e+02
1.027335763014505545e+02
1.025634751661516759e+02
1.023587706802002089e+02
1.021657647606006805e+02
1.019522666355313447e+02
1.018366078440771645e+02
1.015555669183784175e+02
1.013213127586934235e+02
1.011285724244776105e+02
1.008987919695123878e+02
1.006513131486839399e+02
1.004243226332908421e+02
1.003015105881650157e+02
1.000558552156612535e+02
9.985955178153911049e+01
9.974267790747963147e+01
9.947569977367547267e+01
9.934139245459056156e+01
9.925558053147790361e+01
9.901011397365320477e+01
9.879754725059783027e+01
9.865413524176636884e+01
9.846377955511820801e+01
9.835657615568040057e+01
9.822077064471901053e+01
9.797813281797044738e+01
9.794902134043867648e+01
9.781688782100428625e+01
9.773026318589734274e+01
9.767296748381919258e+01
9.747091888918390623e+01
9.731175692447035885e+01
9.723269464595092870e+01
9.692718426927595488e+01
9.684347470840305050e+01
9.668408359843603250e+01
9.654388664003552378e+01
9.645571543026031236e+01
9.629017180454594893e+01
9.613981254825139899e+01
9.598172406842989801e+01
9.582220703556308194e+01
9.569576411163093610e+01
9.559338902356391543e+01
9.557509212522039377e+01
9.551563016516037408e+01
9.544028571376212255e+01
9.546652769817791295e+01
9.540352946044129112e+01
9.532288602720626614e+01
9.530222176157575120e+01
9.522674832348600660e+01
9.518459327637880563e+01
9.499692743206212242e+01
9.492517971909420282e+01
9.491998696870555818e+01
9.466755194869477918e+01
9.461899047766560500e+01
9.452975760582128828e+01
9.438883387560019855e+01
9.426386777531843109e+01
9.415330963438445622e+01
9.395276480355100546e+01
9.384928214292129667e+01
9.372505386153349605e+01
9.356775082201914984e+01
9.344104439716429056e+01
9.329349285580885009e+01
9.315764614202252858e+01
9.301085547573744350e+01
9.287875993149646092e+01
9.276644709185012516e+01
9.263644182313618103e+01
9.252232872908530226e+01
9.239402798776876580e+01
9.227288900399673821e+01
9.218466584676376385e+01
9.198535608187596324e+01
9.189316910997069954e+01
9.178238496742399377e+01
9.162824563995847882e+01
9.143209283572116419e+01
9.131528322745326420e+01
9.116235609749183766e+01
9.096388852487955035e+01
9.085276438065831428e+01
9.067294327872858162e+01
9.052309962735826332e+01
9.032557771568161797e+01
9.021938136818884857e+01
9.015993904830396843e+01
9.000055286839223356e+01
8.994119430344956356e+01
8.993018361491189694e+01
8.992579671494333127e+01
8.986271506179303969e+01
8.986189812315203085e+01
8.978577609965715567e+01
8.975444452219082336e+01
8.965338693650447510e+01
8.953118736195990834e+01
8.943320826469854978e+01
8.938558177955728468e+01
8.927996463731120969e+01
8.919237495899616874e+01
8.909345491938013595e+01
8.895266623683566820e+01
8.892803162345437329e+01
8.878535793155424471e+01
8.871752818252218731e+01
8.858894445167520360e+01
8.843189812482904699e+01
8.830177523355189351e+01
8.825180282037351276e+01
8.813513882789985132e+01
8.802946591941434917e+01
8.788939836983178111e+01
8.773935868402629978e+01
8.765700741600821289e+01
8.743024416441032542e+01
8.733152956328761718e+01
8.720332020906246839e+01
8.704453936203620401e+01
8.705702272354645288e+01
8.692518501246530604e+01
8.687004537956168804e+01
8.682710403222210971e+01
8.676454467127535963e+01
8.668590860025047107e+01
8.657187696070036509e+01
8.644481952575088712e+01
8.629471826897571418e+01
8.618773900981962299e+01
8.598997837153750368e+01
8.582942285470660693e+01
8.569090461588241681e+01
8.560409157065633678e+01
8.541899677774947008e+01
8.536610800340531569e+01
8.533165415454440961e+01
8.521854127695887371e+01
8.509563312619884812e+01
8.503436120620114025e+01
8.495863699848951001e+01
8.488002797759955342e+01
8.475872011238460857e+01
8.470464926110486203e+01
8.463780560499023409e+01
8.445390490641368331e+01
8.443645800393936440e+01
8.430028916716433685e+01
8.414397248937690676e+01
8.401097487098499528e+01
8.389809187857800055e+01
8.382554942825001376e+01
8.366727331733839890e+01
8.355867397970743582e+01
8.349348794080964353e+01
8.335224740219587147e+01
8.325362926652931606e+01
8.319004898890290178e+01
8.309233797119885878e+01
8.302277392560164060e+01
8.301892137397949512e+01
8.288518178714612361e+01
8.280148055498071358e+01
8.268183350168926893e+01
8.258186697220267547e+01
8.254236706330532058e+01
8.249645649811061787e+01
8.239681349324804671e+01
8.234255709520672895e+01
8.229249907963949795e+01
8.224616772891968708e+01
8.218009841462630050e+01
8.213074854106208988e+01
8.212151957528701018e+01
8.210911477779670520e+01
8.205897122139909072e+01
8.202136786257861445e+01
8.195822897039957411e+01
8.190544695319393043e+01
8.184690946771750930e+01
8.194277341258340641e+01
8.182675472002621575e+01
8.184401595151888387e+01
8.174292193458462918e+01
8.175727923476711112e+01
8.165307307214413868e+01
8.152844143049546233e+01
8.158507403923864842e+01
8.153358822499050973e+01
8.148510151125363166e+01
8.148579575935092123e+01
8.144469631229014794e+01
8.141959041152139775e+01
8.138240932609106437e+01
8.133039801343646502e+01
8.130509608198217109e+01
8.126380682247531695e+01
8.121167806550478474e+01
8.116380693894907949e+01
8.116212175053900069e+01
8.117764906915721212e+01
8.110425525280960812e+01
8.101913656039690181e+01
8.096957556987599958e+01
8.087802675004870423e+01
8.074865915383006154e+01
8.069274352666850803e+01
8.065506040380518016e+01
8.062292383560514963e+01
8.057175617773471288e+01
8.056093151359995375e+01
8.059785162759274613e+01
8.050780885836992695e+01
8.044562208697816175e+01
8.044155809878054697e+01
8.036109308842100063e+01
8.041900121754839859e+01
8.037148004428931358e+01
8.033416962815263673e+01
8.027518768420441120e+01
8.026087401447293246e+01
8.018739751161183449e+01
8.015808936769616366e+01
8.008840129973469857e+01
8.006215191659011055e+01
8.000649083826897368e+01
8.002291831176940207e+01
7.988675391826062366e+01
7.982855448577787172e+01
7.980370339725035933e+01
7.976923058104596009e+01
7.970604188775892851e+01
7.968523236996904302e+01
7.965248887552996848e+01
7.958362613921403295e+01
7.949276080959214141e+01
7.945652097823504789e+01
7.937776497278255761e+01
7.931323076354620127e+01
7.925841781672467334e+01
7.921631796792632940e+01
7.913563026689583069e+01
7.908458441303353936e+01
7.901972458253278830e+01
7.888486238362465031e+01
7.875408727791648289e+01
7.869959859460070106e+01
7.858083476498315179e+01
7.851298591525956283e+01
7.846316626364917113e+01
7.836450242744940908e+01
7.832513434797282059e+01
7.826298909627750788e+01
7.815689950491938021e+01
7.809290592293837108e+01
7.806110830021050617e+01
7.798191070502109312e+01
7.793956328699121627e+01
7.779499649052002042e+01
7.773793767144388767e+01
7.767629113923960915e+01
7.765266848430377422e+01
7.756076511606103452e+01
7.747780480959248450e+01
7.746621697425716491e+01
7.736974252393812890e+01
7.722343988962997230e+01
7.716247684791277095e+01
7.708408345768712877e+01
7.696375315007105655e+01
7.697211651269672927e+01
7.692818098180259767e+01
7.688283059697124600e+01
7.686569471906776130e+01
7.674090816518153702e+01
7.678083218318258218e+01
7.675834277644361237e+01
7.671275206844319428e+01
7.665955964282294133e+01
7.661895780777938114e+01
7.654813488777709551e+01
7.655138094065442544e+01
7.646938182510800175e+01
7.647357734850852751e+01
7.643202297898002939e+01
7.639478080329267584e+01
7.638249440885152808e+01
7.637085699706231878e+01
7.628743114774806600e+01
7.629705749534358006e+01
7.623582872146883460e+01
7.621797396250163104e+01
7.628790171808944365e+01
7.629063248966340893e+01
7.632377401237789627e+01
7.636315357265965531e+01
7.638658249911368614e+01
7.635119847587131403e+01
7.625298631700297847e+01
7.618811098535053361e+01
7.611582041118104769e+01
7.600860014273730769e+01
7.595680844690582489e+01
7.590179672891362372e+01
7.584240279585887379e+01
7.578650123917087456e+01
7.574300490200417357e+01
7.570002197996974758e+01
7.572375794540660365e+01
7.576073736677183490e+01
7.568203171115521855e+01
7.574235193886482875e+01
7.573289528219632416e+01
7.576598335477422097e+01
7.577003778226968222e+01
7.577277510014803852e+01
7.573565096947493203e+01
7.572958759050285948e+01
7.569734751810702278e+01
7.572945999556276320e+01
7.579235026588706603e+01
7.580114457503918857e+01
7.586825704836418538e+01
7.592236158148782010e+01
7.599014897626803133e+01
7.603213112884156999e+01
7.611658983615160423e+01
7.618116612220531181e+01
7.623369633143317969e+01
7.627569233541585447e+01
7.627853910169427820e+01
7.634957054808711518e+01
7.636356129075569754e+01
7.634572514161055778e+01
7.627783168843083672e+01
7.618075966211898731e+01
7.616883666124265062e+01
7.609241354534094626e+01
7.603769300398468545e+01
7.601360924793367246e+01
7.590956586291761710e+01
7.583554236724452835e+01
7.573669131856178183e+01
7.573682546301606067e+01
7.557620047404395791e+01
7.553481910482291539e+01
7.557077669985027057e+01
7.550410601880595607e+01
7.546192285285921741e+01
7.553024624652908869e+01
7.543881058736016598e+01
7.543565136160783879e+01
7.544881448420116499e+01
7.547126207708760148e+01
7.545443513722074158e+01
7.550607189192459145e+01
7.546891836634124218e+01
7.551221211391828092e+01
7.554213541593981063e+01
7.556472733945068398e+01
7.560150675519831509e+01
7.562501633928002320e+01
7.565939131722103639e+01
7.560622529947750081e+01
7.558913656647651180e+01
7.551720247760151494e+01
7.551513888817268594e+01
7.551451104377011347e+01
7.545441348449131169e+01
7.547064791812093176e+01
7.536975498851461452e+01
7.538054039611728285e+01
7.532406283402382030e+01
7.526923843758780208e+01
7.524754807147331803e+01
7.519188040332683443e+01
7.517732818901038172e+01
7.510489091485528945e+01
7.505418278245504382e+01
7.500775413767075861e+01
7.498128392824320088e+01
7.492706055416523725e+01
7.491083024668816392e+01
7.490394846800617756e+01
7.485048389372360589e+01
7.486957853201445801e+01
7.483062779121225105e+01
7.487946743376345182e+01
7.489342921686977661e+01
7.495767997318974096e+01
7.498644856659187496e+01
7.504450037917052896e+01
7.507002005091949570e+01
7.511016839757409969e+01
7.516863106005855855e+01
7.519732465678420397e+01
7.516087759527425760e+01
7.517068807369427930e+01
7.521057622371763784e+01
7.518980919916104710e+01
7.524507060718558193e+01
7.527871510534707511e+01
7.526705670638079937e+01
7.526946109864104528e+01
7.530278086850825048e+01
7.534398961998849131e+01
7.533184145651470942e+01
7.538491146134009568e+01
7.542247602144810514e+01
7.539106625616769009e+01
7.543391636505177189e+01
7.549906655780563369e+01
7.544933637128701776e+01
7.541733978831024388e+01
7.546619835294225709e+01
7.544045220582793831e+01
7.539091739663575709e+01
7.544383246158201928e+01
7.542080451387739970e+01
7.537094383013882748e+01
7.532031778204724048e+01
7.520999782374852316e+01
7.508291311733381690e+01
7.499096403443680003e+01
7.492912583700423568e+01
7.485257716566768238e+01
7.473847782828927677e+01
7.468771440114024074e+01
7.450895633518729255e+01
7.437424460417980754e+01
7.423326480861496179e+01
7.412322315534260042e+01
7.399751600327996925e+01
7.390546436385218954e+01
7.384855333569105085e+01
7.377339375748300654e+01
7.371128797332387705e+01
7.359555367396065151e+01
7.350676778324469751e+01
7.346986865482358553e+01
7.343318790203274204e+01
7.332889160323003352e+01
7.331576541956158621e+01
7.323862273597214312e+01
7.313616838706334988e+01
7.304400369925549796e+01
7.302299395606871713e+01
7.294642550376930501e+01
7.290291228797914869e+01
7.276304253636995156e+01
7.269342085050492130e+01
7.262545661455999380e+01
7.254025107906656444e+01
7.245833733953585920e+01
7.232193815917382551e+01
7.222623977910127735e+01
7.212137818294480951e+01
7.205804917076108040e+01
7.192478063896749063e+01
7.179522535356508683e+01
7.166627835676810321e+01
7.155497618179268215e+01
7.146818368413097744e+01
7.129713864498462783e+01
7.116036429462423030e+01
7.107379022238492894e+01
7.097187876810677665e+01
7.086899471930125571e+01
7.073777654129422388e+01
7.062233776652614381e+01
7.053095542219445235e+01
7.040903476918323634e+01
7.038860263073959800e+01
7.036328027597062373e+01
7.028528676790227792e+01
7.024459093777956298e+01
7.016797148386875449e+01
7.012142136940990156e+01
7.008044887661178279e+01
7.001377699011705147e+01
6.992868328698708069e+01
6.982703219537421546e+01
6.974930017998090648e+01
6.966581961529122680e+01
6.960572708566861877e+01
6.955694889808560788e+01
6.946035284122910980e+01
6.936778134636766424e+01
6.930819165417601369e+01
6.922016193632939007e+01
6.919298445451924806e+01
6.915946915367500480e+01
6.908487876272346284e+01
6.900948773793658120e+01
6.901109973720326707e+01
6.903130167443001142e+01
6.903648293384524948e+01
6.907097051663687637e+01
6.906022628765980187e+01
6.908330869002385555e+01
6.905197074670900292e+01
6.898354686581301110e+01
6.896933532935798894e+01
6.895857112536674549e+01
6.892877609564214936e+01
6.889212329830446890e+01
6.886112472343769753e+01
6.881928473490710019e+01
6.882604075061267679e+01
6.876951013086701892e+01
6.879728024198360004e+01
6.877560047473649263e+01
6.876958607302900361e+01
6.872837762427158737e+01
6.863744253568346210e+01
6.863662635665869516e+01
6.860384613599858028e+01
6.856922670523594832e+01
6.863071279694946725e+01
6.853584386965303565e+01
6.849717458230608713e+01
6.845476227863622398e+01
6.839394878475357586e+01
6.838254659195386864e+01
6.841216464160605426e+01
6.842279226727909247e+01
6.841312073222469792e+01
6.842299559050825053e+01
6.842571726045923697e+01
6.838951500828018482e+01
6.830807765860242853e+01
6.837672332668540776e+01
6.834736129503414759e+01
6.832571772227670692e+01
6.829189882858194949e+01
6.828503980842714327e+01
6.825286049969095359e+01
6.823772550440138218e+01
6.823178217187965799e+01
6.828928326998044440e+01
6.826405457734503557e+01
6.826237697593049347e+01
6.830580151269967359e+01
6.831063462013433707e+01
6.828309966748724946e+01
6.834318667551143278e+01
6.831035585070955563e+01
6.827595872199364635e+01
6.826089146849368205e+01
6.825601836500986508e+01
6.823655179208616062e+01
6.822078728253326574e+01
6.824206975217173010e+01
6.819155278895991046e+01
6.820758405012011849e+01
6.819895989380880508e+01
6.822977876053914770e+01
6.825212587042433654e+01
6.827607864058882114e+01
6.835488602745284936e+01
6.834721169936818796e+01
6.834004338607046236e+01
6.835571527669084446e+01
6.835975679551337691e+01
6.837031647225279585e+01
6.841541045524334663e+01
6.843972790903163173e+01
6.840211188136011344e+01
6.843669101429576074e+01
6.847644908127583108e+01
6.846523826679266733e+01
6.845655312068464582e+01
6.848090819546330010e+01
6.846815370809076740e+01
6.847978006138745855e+01
6.848180109964555129e+01
6.850933301288446842e+01
6.849222247661418805e+01
6.850093452988268439e+01
6.843216575924205358e+01
6.838010767808742685e+01
6.839988720201213823e+01
6.835757506466597988e+01
6.834642828246218471e+01
6.835248161817698076e+01
6.836487808936124111e+01
6.825221813461405418e+01
6.827783715872736536e+01
6.826300462874468167e+01
6.826711092346448595e+01
6.832743419484862102e+01
6.824012705612543073e+01
6.816640776140027924e+01
6.810294372773677196e+01
6.808794019618630955e+01
6.808984665920495161e+01
6.804378663436457941e+01
6.799260276012081761e+01
6.802548015858795338e+01
6.797447523281616100e+01
6.789914082307957699e+01
6.789903782857871306e+01
6.790103927971058795e+01
6.788747380067047743e+01
6.788632195407596726e+01
6.786660439482432139e+01
6.792589750701080220e+01
6.798343785137333839e+01
6.792887475946382381e+01
6.788865604484706751e+01
6.789841840863140021e+01
6.785070362086612761e+01
6.781759165959417146e+01
6.782316006383673823e+01
6.774082372869811763e+01
6.776852622841428797e+01
6.773064479535695170e+01
6.772384848062444007e+01
6.765530156975677301e+01
6.766764202419585672e+01
6.767667275394943260e+01
6.772791996282029459e+01
6.773306200979942560e+01
6.774436160965032627e+01
6.774496199454439704e+01
6.772206552306100491e+01
6.768874835177635418e+01
6.773172311793740619e+01
6.769686049405265749e+01
6.771047313299837356e+01
6.774230316704917243e+01
6.771827031944125963e+01
6.775527118951802663e+01
6.771102893467471517e+01
6.771959410745995456e+01
6.766325765367075462e+01
6.762800146254322442e+01
6.760164754802508469e+01
6.755545328467609068e+01
6.753312115768457602e+01
6.742118837680973797e+01
6.736501062779127835e+01
6.734882809833742101e+01
6.723790573129750214e+01
6.719899895802622325e+01
6.714795120864592093e+01
6.714213591567390438e+01
6.714899177026735799e+01
6.709434834199012698e+01
6.704331626186333892e+01
6.703417266678746955e+01
6.703452256481261884e+01
6.700283255249999570e+01
6.696619600734295830e+01
6.683742324687274561e+01
6.679786235203273748e+01
6.677105829955424099e+01
6.675767340430287788e+01
6.671185591373883028e+01
6.670868663994784242e+01
6.668911203484289274e+01
6.659854740092684722e+01
6.663859254951422884e+01
6.661673898516005465e+01
6.659715806362594037e+01
6.668928649752527349e+01
6.668257143508846241e+01
6.672035486299355966e+01
6.674371797913158844e+01
6.674576137668356068e+01
6.681350013976567936e+01
6.686741264439548615e+01
6.684308571113474784e+01
6.680597044302177778e+01
6.680428544502863986e+01
6.678428669969626696e+01
6.684697808435335276e+01
6.684003839561599136e+01
6.682549591224928065e+01
6.686847662834411210e+01
6.681799717868736366e+01
6.680725864063110464e+01
6.676410386267642139e+01
6.676838367193522572e+01
6.673299859224496799e+01
6.673886719096198306e+01
6.679148494507320777e+01
6.677674253902900148e+01
6.679025268964127804e+01
6.683000900795019561e+01
6.687770144152464979e+01
6.687938328852347070e+01
6.692986478683572216e+01
6.699548998812383616e+01
6.703121169118550426e+01
6.707107839134350513e+01
6.711404946682743855e+01
6.714939485352665827e+01
6.720154508451885533e+01
6.725564948637899931e+01
6.726495047626544022e+01
6.730344868182925211e+01
6.729839738354141332e+01
6.727122353951934031e+01
6.731429844901224158e+01
6.726613877159100241e+01
6.735137976459526499e+01
6.739948995578490099e+01
6.735473513978379856e+01
6.739054904191196727e+01
6.744071858869139646e+01
6.751924207494342056e+01
6.757160281238172672e+01
6.759680587327834189e+01
6.766792619768159511e+01
6.770344662937040425e+01
6.775363162124087069e+01
6.779741587300011929e+01
6.779335219069389495e+01
6.783859595539452414e+01
6.790815971183577915e+01
6.791130068201874792e+01
6.793063762807034323e+01
6.800711733788533309e+01
6.810759971067822960e+01
6.817300658916404643e+01
6.821843226437927399e+01
6.828881513981936280e+01
6.831663164555313017e+01
6.837580218699523016e+01
6.841762548875684047e+01
6.845826739007699757e+01
6.849180670150936123e+01
6.846189530228647868e+01
6.844685798796562892e+01
6.849467900691902855e+01
6.850992246464912228e+01
6.854905956263770861e+01
6.849690901557659117e+01
6.851567401439127991e+01
6.845877484746382891e+01
6.835283627529567241e+01
6.836285303101296051e+01
6.831622139275692973e+01
6.827011975365309127e+01
6.826309559656118608e+01
6.826869756424341062e+01
6.821291539004442939e+01
6.820878974969873809e+01
6.820688396437353163e+01
6.823519915209229225e+01
6.819523774521780979e+01
6.814243566722815615e+01
6.809518444568209361e+01
6.803618576999656398e+01
6.800324133049052477e+01
6.799562653356701958e+01
6.803890384195625529e+01
6.807571734028307731e+01
6.801073442861762430e+01
6.806129846151193874e+01
6.805175089907920949e+01
6.805219669559879492e+01
6.806711964707811546e+01
6.804284877163500767e+01
6.800372971134872557e+01
6.797890042019419354e+01
6.791739697792912978e+01
6.791329049485443647e+01
6.791115311493101103e+01
6.787391074978992833e+01
6.783584241513841562e+01
6.782357424991471362e+01
6.782099752073581556e+01
6.777309861429245075e+01
6.775353463638579399e+01
6.774610807719653849e+01
6.768409009170962065e+01
6.763009387856077126e+01
6.762353778105480728e+01
6.755035137935720968e+01
6.752549574453328773e+01
6.750226065835897771e+01
6.747216836298650833e+01
6.746161394169823211e+01
6.743208220983206047e+01
6.738729003654232486e+01
6.737894721513575291e+01
6.734475029765091847e+01
6.729078567610243056e+01
6.726085361571929866e+01
6.723308781492791297e+01
6.721000147658449464e+01
6.714934105700474731e+01
6.714283844247482591e+01
6.709543708674044638e+01
6.705382977272830658e+01
6.703323544657638422e+01
6.700702319659467321e+01
6.694017009894874093e+01
6.697100755372889580e+01
6.689649347646465571e+01
6.686955092414787316e+01
6.686953361872728863e+01
6.682440083806764619e+01
6.680058935230947270e+01
6.680224530938873784e+01
6.678644672282580075e+01
6.671174943615645248e+01
6.665567010852504382e+01
6.667269743039298646e+01
6.657822604528824684e+01
6.660263550133853983e+01
6.656116426116334139e+01
6.654927010077626903e+01
6.645336206996064732e+01
6.641136927185907268e+01
6.637771824500300966e+01
6.631390099140779171e+01
6.630070660533408500e+01
6.620574281646075576e+01
6.619992470440863030e+01
6.616918712467162322e+01
6.620352392078630999e+01
6.616615302103127760e+01
6.613441067625230119e+01
6.614508351956398258e+01
6.610601302693133619e+01
6.608883520873473572e+01
6.607294316999266925e+01
6.603037897532649936e+01
6.600938854862771166e+01
6.593233835908607432e+01
6.586515478496478693e+01
6.586805155084920216e+01
6.584456358368949225e+01
6.582158634610642878e+01
6.574546386832129485e+01
6.573923213919491104e+01
6.568164999221622224e+01
6.560305792437556249e+01
6.562376248865480477e+01
6.554626042314458800e+01
6.548083226055420880e+01
6.540262371969916444e+01
6.537506900687269251e+01
6.534038058850561015e+01
6.529202805053412817e+01
6.528420671254541219e+01
6.528541312225146953e+01
6.520850604042895782e+01
6.522444296069022585e+01
6.517448987375766478e+01
6.515964827675621507e+01
6.517091498062968924e+01
6.518704009555969492e+01
6.513406172159454854e+01
6.506028955490485544e+01
6.497244894394729897e+01
6.488754342388473617e+01
6.481812602455417505e+01
6.468967085786326265e+01
6.460219438209111331e+01
6.448750753839259175e+01
6.437651273686240927e+01
6.425624333182403802e+01
6.419292978758498691e+01
6.409744370135027225e+01
6.399905481298713283e+01
6.397551788750293156e+01
6.390705807167152130e+01
6.382352154522068588e+01
6.379019616989472041e+01
6.375617639733360420e+01
6.367095536333835781e+01
6.359360843919392181e+01
6.352601943004390961e+01
6.350962471100412898e+01
6.337106748974655090e+01
6.334422999369849094e+01
6.332013814275212837e+01
6.323605508992085333e+01
6.319095900029836343e+01
6.325195515057298223e+01
6.323654471996771775e+01
6.318533890226822791e+01
6.311236589611787906e+01
6.304268896745640660e+01
6.295999620741379488e+01
6.291273400441480135e+01
6.289680622257608889e+01
6.289160038264075325e+01
6.290194803201065099e+01
6.280578699814184773e+01
6.277775311652204948e+01
6.268534811977421128e+01
6.264407006487463292e+01
6.258976118233078978e+01
6.256835381728090795e+01
6.249383487847423879e+01
6.242157689431915202e+01
6.233552638466921536e+01
6.233748102932039359e+01
6.225774400874058045e+01
6.223652033174013809e+01
6.224499421704003055e+01
6.219035232198896779e+01
6.212171763425739357e+01
6.206416578434047437e+01
6.203961711424503278e+01
6.204530096448508658e+01
6.201410427247456170e+01
6.197166735663277137e+01
6.192995229049615347e+01
6.189428884816270227e+01
6.183136217907406973e+01
6.180728266957997619e+01
6.179574176173096589e+01
6.181892273063203191e+01
6.168961515792516082e+01
6.168381759762366556e+01
6.163677430637575583e+01
6.163213896722388085e+01
6.167098564923961135e+01
6.160950992695041606e+01
6.152046093806623617e+01
6.144334787023106514e+01
6.141103066116032494e+01
6.143174877355917829e+01
6.139158312126785688e+01
6.133194761125882621e+01
6.126216798271361341e+01
6.122876118033586579e+01
6.114419877650066582e+01
6.112563066511808785e+01
6.107070090231210457e+01
6.111183189262916216e+01
6.109125813255980830e+01
6.105351675369909970e+01
6.108184536206488957e+01
6.102869429696637837e+01
6.101487825120674557e+01
6.098570989631662087e+01
6.095094039862752311e+01
6.094584589720275147e+01
6.087574323323216419e+01
6.086507490035581469e+01
6.086450363133016594e+01
6.084306682006209854e+01
6.083037351809279869e+01
6.073667202753984640e+01
6.072028512887085583e+01
6.068529889518637788e+01
6.069875815158324173e+01
6.062562344267913517e+01
6.056842978307759751e+01
6.056352787686831363e+01
6.052673783548792130e+01
6.051032162467782172e+01
6.048994276996458552e+01
6.048601874728185379e+01
6.047824366287265718e+01
6.048566485092339207e+01
6.046142136692166247e+01
6.043226229757671319e+01
6.038848987509904020e+01
6.039191476076758391e+01
6.037396517091658410e+01
6.033558139281375077e+01
6.030648600218281530e+01
6.029251042108240455e+01
6.029450958554283346e+01
6.029067714152279933e+01
6.029328250870075578e+01
6.031013458292711960e+01
6.032999832014401420e+01
6.036327019782211778e+01
6.040164551677052174e+01
6.043294178558676322e+01
6.050856852443524048e+01
6.045830611616528216e+01
6.053104435923725646e+01
6.051725888150068045e+01
6.056611826885115590e+01
6.056886153526239269e+01
6.061076750913767341e+01
6.060036544933971925e+01
6.056689791940991796e+01
6.055654783730795288e+01
6.056430311558028023e+01
6.057535410936817755e+01
6.056612377752639986e+01
6.057117806454136399e+01
6.047707236585056023e+01
6.047119098015611627e+01
6.044234549746790464e+01
6.042837955202135447e+01
6.042087806690000917e+01
6.030633509000962533e+01
6.028291143562310594e+01
6.023965272823500783e+01
6.022456231971167995e+01
6.017042088742801553e+01
6.017911272198896455e+01
6.017213011543446299e+01
6.014254446627242601e+01
6.009474216999390705e+01
6.010422601489221961e+01
6.010791197408432396e+01
6.014432094577804122e+01
6.013582982209414496e+01
6.009346946446409987e+01
6.009378540025677040e+01
6.014842506037147274e+01
6.011116926677069472e+01
6.013630973819819303e+01
6.015421287340994638e+01
6.009027198134211289e+01
6.003845917045159553e+01
5.998394528746762688e+01
6.000123639245227736e+01
6.004211590142845267e+01
5.996970850101695305e+01
5.994989712165482842e+01
5.988605331571537249e+01
5.984763668192691455e+01
5.982139536418485903e+01
5.980430505339570857e+01
5.975343866534014836e+01
5.970924468974502730e+01
5.970642354028685617e+01
5.968904043447980001e+01
5.974301068444770380e+01
5.977080113232436531e+01
5.973829482524735113e+01
5.978763928906655423e+01
5.983957372583546430e+01
5.985442571745705465e+01
5.991918778414228797e+01
5.989219402802662984e+01
5.988507156825316713e+01
5.989741492999525008e+01
5.993267278274714727e+01
5.998308797501089629e+01
5.998216175427251784e+01
5.999029580766821823e+01
6.002923018421092394e+01
6.006905781776530517e+01
6.010188469605254369e+01
6.007356083487716347e+01
6.006610576031280146e+01
5.999800601948086154e+01
6.000649906792911992e+01
6.004395430743231543e+01
6.005742028172248581e+01
6.003987483931314273e+01
6.000837224065802644e+01
5.998994557862243227e+01
5.994207045565729430e+01
5.987228462478702795e+01
5.989715966916160994e+01
5.993015656899316213e+01
5.984665947185680324e+01
5.980363421685380843e+01
5.985336192389589627e+01
5.987843478949596943e+01
5.989485581832486361e+01
5.988692474463568516e+01
5.986288426723636036e+01
5.981883855084338819e+01
5.982473559033766719e+01
5.986123338419574225e+01
5.983529936623583723e+01
5.981911286310597120e+01
5.981119423972187832e+01
5.981609684939532201e+01
5.980038535660513332e+01
5.981750378995947415e+01
5.976273755154093692e+01
5.967996957773433309e+01
5.960583882238105957e+01
5.959167991152906296e+01
5.952949057654301868e+01
5.944649985420817728e+01
5.937716245440631013e+01
5.933395977472274296e+01
5.930459130162075354e+01
5.932511161546232614e+01
5.930535131881367761e+01
5.926492812575888536e+01
5.927296450209937717e+01
5.915545428536415784e+01
5.917037823477894420e+01
5.916350066549499331e+01
5.911339953094589106e+01
5.910833355409352663e+01
5.908259839427373805e+01
5.903038168696154031e+01
5.907462607031121138e+01
5.910519551164903618e+01
5.915399630846187051e+01
5.915575303950568298e+01
5.920704409445285421e+01
5.920144321280945121e+01
5.924765827471328095e+01
5.935777124246862968e+01
5.941667789521071086e+01
5.948714827161563790e+01
5.956672777052457946e+01
5.953986732972354190e+01
5.956569114963869538e+01
5.963573351141618417e+01
5.963235034205500540e+01
5.970235694510480329e+01
5.967934716185799715e+01
5.970023277144039753e+01
5.973254907937886315e+01
5.980898648227887549e+01
5.986897425598530731e+01
5.987567923540645864e+01
5.986462757403440094e+01
5.989093750271133842e+01
5.991488021526114949e+01
5.992878595151101706e+01
5.996715602858882477e+01
5.996941909555135908e+01
5.998603949179838679e+01
5.997382595320684118e+01
6.000593546728826766e+01
6.003527836763933578e+01
6.007356972125077732e+01
6.010019476540578154e+01
6.011199877780465783e+01
6.009991355503457555e+01
6.009709866847686044e+01
6.008103772618394345e+01
6.009715791162672360e+01
6.008499725040100259e+01
6.013212544339978649e+01
6.012110676799940023e+01
6.007017160850620741e+01
6.001308446115225337e+01
5.997244930437096855e+01
6.002990852850862069e+01
5.994808179027386785e+01
5.993128947719268496e+01
5.990619175606863678e+01
5.981678579082754510e+01
5.979364229503745776e+01
5.975298177653886711e+01
5.976834377354533245e+01
5.975002031317273321e+01
5.969152355250299991e+01
5.963303941841676448e+01
5.957099327431830460e+01
5.946708749643865843e+01
5.948327654465649772e+01
5.943786039612712102e+01
5.937230168214397708e+01
5.925481951139420289e+01
5.922803720765892876e+01
5.915414406152794413e+01
5.911805078412462677e+01
5.912843182545400111e+01
5.910717814677251880e+01
5.910714540119015226e+01
5.910398173146111844e+01
5.904488496127051889e+01
5.902464137968124192e+01
5.896725399092477460e+01
5.889703712063776919e+01
5.884520107622606133e+01
5.881036732616852447e+01
5.874309050426546008e+01
5.872060611788592865e+01
5.867107456078634442e+01
5.860617675379823766e+01
5.860339906150208122e+01
5.856459277492577087e+01
5.855896928268089852e+01
5.849035366920379175e+01
5.849529326857065570e+01
5.840532433608469631e+01
5.837788235941756909e+01
5.836790022844613901e+01
5.833063657808019542e+01
5.832886689144940817e+01
5.835092834234220760e+01
5.837234286672374139e+01
5.837362286093282648e+01
5.840741379590508586e+01
5.842518964340131760e+01
5.840991297305621544e+01
5.843943615543803105e+01
5.845749272326343515e+01
5.855458293535092906e+01
5.859285861740288226e+01
5.859779311043331518e+01
5.859989263066213283e+01
5.868300097176751251e+01
5.878891923006352016e+01
5.887872348356467711e+01
5.887227587819238295e+01
5.887232989695240093e+01
5.884334513101457986e+01
5.887916015420869797e+01
5.889599451165490507e+01
5.897346492757397129e+01
5.902324032343875615e+01
5.901411554255951586e+01
5.901056401004083085e+01
5.905100529294502110e+01
5.909430131514820772e+01
5.911903844766542448e+01
5.915035256270058284e+01
5.917422208337669076e+01
5.915661084428980843e+01
5.915896905005407547e+01
5.921029245333297553e+01
5.925285793289953773e+01
5.925752374707013814e+01
5.926089487479031703e+01
5.923182813373696121e+01
5.924573296090482444e+01
5.919356179536499241e+01
5.920902702205559365e+01
5.917108633079695323e+01
5.915536906290902408e+01
5.908772851604569354e+01
5.909579471301949383e+01
5.903812713569590187e+01
5.903881762011315004e+01
5.896381610849407195e+01
5.890604836870864602e+01
5.884564502926513541e+01
5.879899035483847314e+01
5.875352507306859451e+01
5.873438905104267604e+01
5.874105773977815659e+01
5.873724877704826497e+01
5.865245449999782323e+01
5.859121056570220532e+01
5.859641981773086883e+01
5.856914274718444346e+01
5.854254323632177659e+01
5.851945465159993631e+01
5.844725154363786146e+01
5.842027469934274819e+01
5.842015344159566581e+01
5.844375263488422689e+01
5.843295488051285247e+01
5.838824317171052058e+01
5.832829548225733873e+01
5.827112060867754906e+01
5.820124003854395767e+01
5.821311108697786807e+01
5.821316580600414881e+01
5.814830238651065031e+01
5.811334558596874444e+01
5.807038459875202108e+01
5.803665280978128038e+01
5.804091936254081929e+01
5.808862762965699744e+01
5.804143757925298530e+01
5.797896792209851924e+01
5.796610200696260762e+01
5.798332968413475896e+01
5.795398010309795467e+01
5.800263716501600442e+01
5.799824749565230775e+01
5.798257319245433905e+01
5.800288876140926675e+01
5.798582767593279641e+01
5.797209651073616499e+01
5.799786591281515769e+01
5.801737632666943512e+01
5.800078405370167900e+01
5.804550870603114276e+01
5.800725645188673951e+01
5.803938233097672850e+01
5.799493948697795531e+01
5.805371336871333199e+01
5.804053738122590289e+01
5.804326247378883608e+01
5.794668877434712329e+01
5.789016406689707850e+01
5.786910718277614052e+01
5.792605583079646436e+01
5.792478418919395722e+01
5.788996968828980982e+01
5.791066810835727807e+01
5.788068086818380209e+01
5.787203307798993279e+01
5.781848602773994372e+01
5.780455745814405333e+01
5.776445344473889065e+01
5.770382149691634766e+01
5.770815376715788148e+01
5.769002090306936736e+01
5.767439177090053448e+01
5.764558523706678983e+01
5.767126757035182294e+01
5.768537162513914751e+01
5.766895522820041009e+01
5.766998467372986426e+01
5.765916510726393085e+01
5.758504104778623400e+01
5.753151680669133583e+01
5.753194794074651952e+01
5.751446342342938323e+01
5.751370519130308878e+01
5.745189403491011149e+01
5.738195318520670440e+01
5.734705058456461302e+01
5.729875201963621123e+01
5.727122125819317944e+01
5.730752559416680469e+01
5.726914796877752423e+01
5.725696254732596202e+01
5.723511731676513392e+01
5.721376567471091334e+01
5.723858396767163725e+01
5.720450063200002688e+01
5.717391665858369976e+01
5.716220026980252555e+01
5.716826838329363625e+01
5.711586968519426222e+01
5.705513932664004528e+01
5.706720574244400979e+01
5.703873022214089161e+01
5.697075667490287287e+01
5.699564269898874613e+01
5.699003725785391339e+01
5.692481384562257318e+01
5.695276892636271526e+01
5.692277882565302605e+01
5.693212705914221061e+01
5.695900883580323182e+01
5.695951363447830573e+01
5.698124900829061801e+01
5.695303136553513923e+01
5.700943471585696187e+01
5.700401276030863329e+01
5.700447007637346530e+01
5.699936901331173544e+01
5.697370291053519509e+01
5.689341779887087114e+01
5.686180103652338858e+01
5.687308195033349278e+01
5.686243515160521866e+01
5.681095596123651603e+01
5.679415089958882135e+01
5.673418405026443168e+01
5.673287930084031672e+01
5.670104010453619026e+01
5.665717880514575455e+01
5.665762450480304580e+01
5.667474760061496397e+01
5.671285997233979259e+01
5.670381549431692036e+01
5.670303820949953177e+01
5.662988565987528489e+01
5.663603140273237813e+01
5.660948239822719330e+01
5.661103826082445778e+01
5.658943893265565350e+01
5.660489045408412778e+01
5.658523647743835028e+01
5.659470962178888698e+01
5.661495446947407828e+01
5.662054576008500817e+01
5.665280314828508779e+01
5.664602853006667260e+01
5.666455671103567937e+01
5.668991626795868655e+01
5.672115539579298371e+01
5.670964521124841440e+01
5.677005799027803334e+01
5.678147653643433301e+01
5.685078577092043162e+01
5.686278566436682524e+01
5.682446273251625968e+01
5.689416675597891526e+01
5.686494946882268664e+01
5.690657406949995334e+01
5.689838292220199634e+01
5.688975579316586106e+01
5.688794866844494891e+01
5.690766495057410168e+01
5.689736525433344383e+01
5.692231681999098925e+01
5.690417115170977524e+01
5.692292834673161650e+01
5.690458714033454157e+01
5.686407379901945092e+01
5.691444290043035181e+01
5.691723681786071154e+01
5.693308229979395918e+01
5.693472187309274091e+01
5.700060283617093404e+01
5.693887207495862413e+01
5.695226135742942830e+01
5.694575707201452275e+01
5.695690381834137384e+01
5.695887547849322630e+01
5.696438271151902200e+01
5.693207573232002261e+01
5.692227003524302376e+01
5.695421085271475903e+01
5.702258577334344380e+01
5.698436188003518765e+01
5.699787359818085974e+01
5.699805666246688673e+01
5.704576071813860239e+01
5.709142119918586644e+01
5.710984554829740034e+01
5.710740836733533143e+01
5.707808502623100111e+01
5.703644676239030531e+01
5.700183270279076453e+01
5.703751325815843387e+01
5.697893822375650785e+01
5.693684932648501729e+01
5.688284722293223439e+01
5.690535958641092407e+01
5.697639041478905853e+01
5.694532315286028989e+01
5.696901454343883842e+01
5.692610400398942261e+01
5.692313406591783576e+01
5.685500826215530168e+01
5.688002887463190405e+01
5.689755699586952176e+01
5.692883044549343907e+01
5.689880483907492703e+01
5.689876357412355645e+01
5.688492402734777187e+01
5.695591745257302563e+01
5.695332853672380935e+01
5.696905862830610090e+01
5.697599036248534787e+01
5.691301424939847209e+01
5.691611004348713010e+01
5.692150859713797928e+01
5.687230592248162964e+01
5.689086662293008345e+01
5.687271750070186016e+01
5.681842456457424362e+01
5.678249618526360365e+01
5.678127714008051186e+01
5.671790463549402972e+01
5.671939902026628744e+01
5.668617477387243042e+01
5.662971981216132633e+01
5.665851909739668457e+01
5.664719519938949333e+01
5.666193104568107941e+01
5.669418642541673137e+01
5.669073880536870291e+01
5.668687894048603937e+01
5.664043797596843888e+01
5.661512120244778856e+01
5.658407301853110738e+01
5.662704774253851525e+01
5.669324328328596607e+01
5.673607793913018327e+01
5.668380310293701996e+01
5.668067793544861388e+01
5.667321918242284795e+01
5.665735489560400140e+01
5.669101419113326301e+01
5.674143746772281105e+01
5.677474884181296488e+01
5.676412596035802238e+01
5.681426678555997967e+01
5.682527395655181124e+01
5.676956700920636223e+01
5.678352336830373304e+01
5.676297074535519016e+01
5.678872088294941989e+01
5.678529309766781097e+01
5.679713733248970442e+01
5.680951459395221548e+01
5.681200875487661506e+01
5.681220843873551729e+01
5.679898054355219728e+01
5.677943417993007102e+01
5.673642838090558627e+01
5.669090423387896038e+01
5.660854432406853931e+01
5.654316951179828266e+01
5.647146775162409682e+01
5.642348845708332306e+01
5.642588867141761710e+01
5.635475886508098142e+01
5.635379561564103312e+01
5.640445332375714571e+01
5.637600403918631997e+01
5.643644187949814039e+01
5.637483853977466453e+01
5.641044513099267022e+01
5.638296335616757915e+01
5.635933154129711653e+01
5.636647087290620561e+01
5.639409608627116199e+01
5.637791302324335874e+01
5.634676497246837812e+01
5.632488226886815852e+01
5.631960031570438474e+01
5.631463353843869157e+01
5.634803865898103226e+01
5.626010823957890494e+01
5.627527573314029041e+01
5.627500224772619219e+01
5.627169376459680450e+01
5.625374306055023510e+01
5.629014423297520864e+01
5.629512806124417779e+01
5.632071058072421721e+01
5.632654417879954423e+01
5.639902459606616247e+01
5.643226277457898732e+01
5.641121810634086131e+01
5.645127429548044518e+01
5.647720039607941089e+01
5.651561518206680290e+01
5.650178748539959628e+01
5.658710345856876955e+01
5.657368886582518996e+01
5.659144300983582809e+01
5.661120327370044691e+01
5.666061264002178177e+01
5.662957745524848718e+01
5.668466127885832151e+01
5.666647867047011289e+01
5.671078756757806616e+01
5.670095731283971929e+01
5.671493235169155156e+01
5.666420776162241424e+01
5.663523715113296220e+01
5.662940202483709839e+01
5.660832645692152454e+01
5.661048313237974128e+01
5.664221821537524448e+01
5.661749388081501166e+01
5.661897169536163688e+01
5.661765704113780373e+01
5.653908508510239272e+01
5.652789734139990685e+01
5.647481916477883601e+01
5.646357260298268699e+01
5.645000033362482128e+01
5.640363164244246263e+01
5.638427935701665916e+01
5.638152766191561227e+01
5.633840244310425760e+01
5.635157431765966152e+01
5.633429312775716369e+01
5.628186349074682937e+01
5.625075811766783573e+01
5.623868367187154149e+01
5.626625160910197110e+01
5.630466557608968969e+01
5.626721842385537542e+01
5.624780258183296411e+01
5.624392115451173879e+01
5.623396482559162024e+01
5.621002252186315928e+01
5.625712329983441151e+01
5.628798761094012804e+01
5.628018527390441506e+01
5.629192546221507598e+01
5.629402293070854313e+01
5.633387789480451602e+01
5.639490340289866310e+01
5.643685243089421277e+01
5.644124252708432721e+01
5.647468241860935478e+01
5.643539601755804114e+01
5.645326391711232361e+01
5.651650892938609161e+01
5.645523891069198186e+01
5.648369231213548858e+01
5.640767150959072040e+01
5.638198725811481893e+01
5.637140063811938973e+01
5.635719872707573330e+01
5.635940258965862881e+01
5.638197610606066235e+01
5.641043090838539342e+01
5.642276957340449428e+01
5.641149957480750743e+01
5.640474800385778309e+01
5.643518518903163539e+01
5.645998524366957838e+01
5.640500672867649001e+01
5.639607356122620985e+01
5.633204211239637971e+01
5.635156333805033313e+01
5.635234598113513727e+01
5.637302048126406362e+01
5.632443658669234310e+01
5.634554644215221941e+01
5.632293656912843716e+01
5.637741104123320923e+01
5.641114619829561860e+01
5.645041274752368565e+01
5.650816465663039878e+01
5.653357349425738931e+01
5.656810890837685690e+01
5.659422611026018046e+01
5.659801644827629730e+01
5.662274856769334974e+01
5.660598748720083506e+01
5.662671197533068579e+01
5.659317139949224895e+01
5.660549242048163165e+01
5.664247650026938885e+01
5.663347309284806386e+01
5.662546868894321506e+01
5.662424311325533210e+01
5.661478005478348763e+01
5.660980276495396168e+01
5.660490555388090428e+01
5.660433971356965088e+01
5.656965390490829293e+01
5.653852040923624855e+01
5.645730055360188970e+01
5.646366428405753624e+01
5.643062967599987445e+01
5.642842024266721523e+01
5.645215692930651841e+01
5.647851932689535204e+01
5.646491318695699135e+01
5.645887549756608337e+01
5.640909761987783355e+01
5.642377474969519824e+01
5.641807845013770617e+01
5.638031997398618955e+01
5.641099999301008694e+01
5.647864660293785732e+01
5.653878800740687893e+01
5.656851400480955050e+01
5.661907336823877301e+01
5.664946468283331171e+01
5.668580224312004390e+01
5.663940951298954474e+01
5.667932829772090741e+01
5.666387675337179530e+01
5.669262117259573586e+01
5.672563403710183394e+01
5.680621430998401422e+01
5.685928157786503334e+01
5.690897844890560719e+01
5.689186779050502452e+01
5.694386309338084828e+01
5.692639846695213635e+01
5.693144845393987907e+01
5.693825982803571861e+01
5.700814017607672213e+01
5.698260165013039824e+01
5.699536674385995383e+01
5.693883977353432613e+01
5.691433278775819815e+01
5.695597421892993140e+01
5.695678797263003190e+01
5.697507687044548419e+01
5.694252219594819309e+01
5.692482086006261000e+01
5.696013714273522055e+01
5.698533909487081672e+01
5.698399781180452095e+01
5.699867223143922956e+01
5.698456306623649681e+01
5.696327694690851473e+01
5.697116366749433780e+01
5.700387722855779771e+01
5.700258918871781333e+01
5.696736936958310338e+01
5.692157964565360118e+01
5.691139111793638961e+01
5.688884606969609337e+01
5.686271662897456736e+01
5.687895305403596069e+01
5.684835618308355976e+01
5.684545649059820960e+01
5.684685780451594184e+01
5.677969673953043639e+01
5.680414126400354036e+01
5.677758205986030049e+01
5.676848097117395042e+01
5.669077187071695789e+01
5.667608599887475407e+01
5.660221671056882542e+01
5.659724012794110592e+01
5.659990312856757555e+01
5.658825277889700800e+01
5.662061148994666837e+01
5.659247975399703279e+01
5.661033314246015635e+01
5.659469112005135116e+01
5.659377875235227862e+01
5.659771836893140318e+01
5.660505104784227370e+01
5.656974963239947130e+01
5.649949821962113106e+01
5.644707498800015344e+01
5.641210438652365866e+01
5.629021855980418820e+01
5.628056402458540219e+01
5.623841907427477338e+01
5.617597422191015966e+01
5.618968816470761141e+01
5.616741241077534141e+01
5.614208382137848474e+01
5.613503093042474035e+01
5.613771529508262859e+01
5.617171893416900019e+01
5.619485508201397295e+01
5.618036104198700542e+01
5.616297501580773144e+01
5.618329420654617934e+01
5.622333991866201330e+01
5.624673785260978320e+01
5.625866662011738839e+01
5.626074944238575171e+01
5.629511351618590709e+01
5.627012485830048405e+01
5.631622825534229548e+01
5.628441616028762695e+01
5.633990206120900268e+01
5.634128352548221841e+01
5.635827249157033236e+01
5.639941499846691642e+01
5.642361846667465386e+01
5.643349469607731095e+01
5.641250508894788851e+01
5.643119351347506552e+01
5.641990273263881761e+01
5.643689341180872532e+01
5.647066765061028093e+01
5.647621683019600880e+01
5.644828124561468030e+01
5.647944572114522543e+01
5.646030752611574144e+01
5.645600593589089300e+01
5.640805930332471974e+01
5.638942595507647582e+01
5.644506539934499756e+01
5.642927677818695287e+01
5.643307820991688573e+01
5.633200544892414285e+01
5.634469771883676259e+01
5.638623026583217523e+01
5.640285683280639972e+01
5.640402021971685542e+01
5.640609345997687285e+01
5.640846193596603797e+01
5.641664726580636113e+01
5.646687136069714796e+01
5.653465425023336621e+01
5.657660486782017983e+01
5.657249117962229690e+01
5.662641756601772158e+01
5.657564853325659016e+01
5.656087884258158738e+01
5.660355037239221332e+01
5.661689325685637186e+01
5.664372045878419470e+01
5.662821680881900477e+01
5.660181963590570575e+01
5.658928643115367407e+01
5.655072845159323691e+01
5.654778148369631197e+01
5.656747813494850163e+01
5.660732200824222815e+01
5.654996084540208301e+01
5.646299892187033009e+01
5.638093645121180941e+01
5.638558436604814261e+01
5.642445139365025852e+01
5.642913146120252321e+01
5.634621597398727033e+01
5.623434602576995189e+01
5.623115893763709749e+01
5.618470867588394668e+01
5.619274557423698724e+01
5.615845665717766622e+01
5.614463430541493238e+01
5.609161174602395050e+01
5.604377406532586292e+01
5.602942658240797869e+01
5.604927023142933962e+01
5.603637000428413728e+01
5.606580024720395983e+01
5.606469862253973702e+01
5.597303554502065026e+01
5.597704243463421392e+01
5.597386369735123424e+01
5.598801521036365614e+01
5.599189143335139107e+01
5.596196285404519699e+01
5.597640318772057810e+01
5.593272127021955242e+01
5.589870219723345457e+01
5.589227059395135200e+01
5.588632610304055248e+01
5.587236185906073160e+01
5.582833195396316484e+01
5.586909947634395479e+01
5.580616534213761071e+01
5.578472605488409641e+01
5.574010690927762113e+01
5.573980535310596451e+01
5.573088818661680222e+01
5.570522105068560137e+01
5.569204098245461410e+01
5.574040332954431420e+01
5.579151981570985441e+01
5.584284220663171538e+01
5.581301064466560291e+01
5.581565605419503129e+01
5.584964501234914280e+01
5.586918485575049687e+01
5.588517035573850933e+01
5.597887238540489818e+01
5.597696628073943259e+01
5.603234785442296584e+01
5.606340781985635147e+01
5.607311304482288250e+01
5.609745899473654163e+01
5.612755554172657213e+01
5.612506174021660854e+01
5.615433693622458122e+01
5.618907894487224297e+01
5.618625992226702692e+01
5.626439944772307911e+01
5.633084194773307019e+01
5.635638353534808687e+01
5.642309643600877678e+01
5.644427006158021243e+01
5.647392217549780469e+01
5.650181796474743834e+01
5.656400700397919223e+01
5.663644288963394047e+01
5.662432295413020711e+01
5.659151303944581457e+01
5.661564169530191748e+01
5.661066731091273851e+01
5.666980008976232597e+01
5.668489360903600272e+01
5.667205359399803655e+01
5.670691613600969561e+01
5.673709402541939539e+01
5.677356962275592878e+01
5.678594361306134175e+01
5.676705588370354860e+01
5.679161579249667113e+01
5.679729279948660547e+01
5.676394932045915454e+01
5.677589687921764039e+01
5.677213961830181432e+01
5.670982735551080367e+01
5.671865747324366680e+01
5.670172520945314432e+01
5.671423682684792311e+01
5.669164228311255727e+01
5.672501402412941474e+01
5.669148434329561326e+01
5.668588604271090503e+01
5.669668067484752783e+01
5.671654369735411905e+01
5.676432837438397172e+01
5.679826415853813870e+01
5.677539809355988609e+01
5.685507457816562038e+01
5.685089527239939855e+01
5.692723151279956539e+01
5.693383843922491394e+01
5.700709141913844746e+01
5.705083278417659187e+01
5.707395885660327650e+01
5.713863136542135379e+01
5.711864225471774148e+01
5.716010899813605306e+01
5.715177059764531720e+01
5.717241092098949906e+01
5.719518648038216924e+01
5.716495685088218437e+01
5.715036800773755488e+01
5.716393111133228899e+01
5.715478658639653275e+01
5.717868894322671736e+01
5.714788512932172893e+01
5.716884093281030488e+01
5.717685996698948969e+01
5.719371679456173752e+01
5.719016768445169419e+01
5.724225943939962491e+01
5.729514691191847930e+01
5.728828588085488605e+01
5.728118935725684224e+01
5.728286331796396524e+01
5.726359275201141941e+01
5.729184706757384049e+01
5.728350547200376752e+01
5.734930201820264273e+01
5.735030761585181125e+01
5.737391956131651227e+01
5.738677904248529416e+01
5.748288493533636512e+01
5.751745761602752083e+01
5.756236293155490813e+01
5.758823050126228082e+01
5.756807521051175769e+01
5.754996506228988551e+01
5.761600997675653701e+01
5.766822523188778149e+01
5.765985685277989603e+01
5.768711023125496951e+01
5.766384290236150889e+01
5.769499587051326728e+01
5.763111025421650879e+01
5.768903615414998853e+01
5.764029695152779453e+01
5.763253067791999484e+01
5.758608518393836562e+01
5.761373977088754117e+01
5.763829504088153044e+01
5.765838784264059314e+01
5.761002800892462261e+01
5.755215992934569158e+01
5.755362818344177356e+01
5.756253368720730634e+01
5.759745145100135488e+01
5.762024158502138249e+01
5.759179647977072847e+01
5.765499801600162044e+01
5.761741554434598100e+01
5.766126700694427143e+01
5.772127721992691818e+01
5.770310267131975479e+01
5.771617881457012800e+01
5.768299551191952190e+01
5.772013227655295253e+01
5.772693117901159354e+01
5.777028959260684360e+01
5.782784633194226132e+01
5.783273862487036610e+01
5.779949630880711453e+01
5.779202205290330596e+01
5.779816226447536565e+01
5.782423606868748323e+01
5.781016605807358388e+01
5.776023245974199938e+01
5.773512396458804830e+01
5.767079157635029674e+01
5.762970655569822753e+01
5.765013547630277202e+01
5.763028864262211215e+01
5.764230306402428283e+01
5.761035569253406408e+01
5.758738652856720819e+01
5.750189814947204781e+01
5.749463852338101333e+01
5.750727738649476350e+01
5.747005293137341653e+01
5.740066983320794236e+01
5.734491348516502285e+01
5.734976799872477216e+01
5.733779806588029260e+01
5.737327101628331860e+01
5.740106020228171246e+01
5.740085197327924504e+01
5.739041185178283655e+01
5.738555280819857529e+01
5.743243507079016297e+01
5.745533702458980940e+01
5.749768193254156046e+01
5.750727597987297202e+01
5.750874652931456410e+01
5.753721387917349972e+01
5.754534822406731109e+01
5.751442518323827358e+01
5.749211004693219706e+01
5.742616423084265165e+01
5.734178883576901598e+01
5.733803485276087741e+01
5.732184812319738398e+01
5.730350659501328892e+01
5.728468876502130058e+01
5.729059016686785100e+01
5.729948345966479195e+01
5.725758017549276246e+01
5.730111682478325719e+01
5.727092096563234236e+01
5.722283578564795192e+01
5.723346711204574433e+01
5.717834181908628466e+01
5.714780596878095764e+01
5.718118870160369482e+01
5.715251639211287227e+01
5.720941480737178608e+01
5.722393229380692503e+01
5.727496758984089809e+01
5.732922529384685362e+01
5.733451350445938743e+01
5.730633907816882555e+01
5.732123028539599119e+01
5.727833065223111220e+01
5.723993802411506238e+01
5.724452118023472735e+01
5.720477831840525340e+01
5.715975875192722100e+01
5.708337689262217651e+01
5.705929189078198505e+01
5.702482436688285361e+01
5.701402831595333254e+01
5.697382889058543043e+01
5.695350638860480785e+01
5.691248667004832384e+01
5.692284420576431359e+01
5.694089376331041308e+01
5.693983089117704566e+01
5.691506383822262904e+01
5.689957165710892895e+01
5.684564357554688740e+01
5.682412043193931339e+01
5.678024059579133365e+01
5.673030635351097573e+01
5.672816931671457752e+01
5.673405756861605909e+01
5.674078287905212648e+01
5.675538475599521604e+01
5.674713349789158912e+01
5.680013989713494738e+01
5.680302180852103078e+01
5.677650036688372381e+01
5.684316078167728392e+01
5.682858970138309473e+01
5.687609197829551277e+01
5.693778872044288164e+01
5.700752731768313453e+01
5.701002439126666133e+01
5.700250090152567140e+01
5.702490541074573827e+01
5.701331248794661377e+01
5.705848891627113062e+01
5.708531988065603713e+01
5.713675558357652307e+01
5.710260607984784542e+01
5.709046196638167459e+01
5.711520108356929626e+01
5.714406392195927964e+01
5.716536870455847463e+01
5.719825244923944751e+01
5.712918414695160862e+01
5.711269039661640079e+01
5.713279361495848008e+01
5.715781886961102032e+01
5.727158056527485286e+01
5.728259611276654084e+01
5.732209018927926536e+01
5.728556149192626634e+01
5.728476993558461317e+01
5.728340435631510275e+01
5.734004999796227509e+01
5.732197523549019991e+01
5.729459455960141412e+01
5.727665733793362790e+01
5.726999188004466390e+01
5.721980912928183471e+01
5.720870850307851185e+01
5.720114606994194162e+01
5.720175829804842493e+01
5.719245000687137548e+01
5.720701451757867062e+01
5.714566811231338761e+01
5.712367697516485521e+01
5.719418960143276109e+01
5.722158079849047141e+01
5.722787326741640612e+01
5.729469180318937305e+01
5.727545549801807567e+01
5.724123907531134847e+01
5.719030189706697342e+01
5.720290038639707575e+01
5.719025904128579185e+01
5.715687598502607614e+01
5.710532040842934265e+01
5.709810263019048904e+01
5.708862228084713308e+01
5.708508832363871477e+01
5.708432849408325893e+01
5.712898823256371372e+01
5.713347300961056163e+01
5.716904296645459738e+01
5.711730609131547709e+01
5.713451314551258520e+01
5.710701860950722164e+01
5.710152584121108532e+01
5.713099910667521897e+01
5.715848110634635049e+01
5.718046722217289357e+01
5.727690857202284747e+01
5.727476285998325523e+01
5.727618468806442564e+01
5.728293839838735124e+01
5.732418798139339344e+01
5.734573007788769416e+01
5.734738009268478010e+01
5.737549812245868708e+01
5.732698569222824148e+01
5.736498019156802997e+01
5.734872145370617602e+01
5.735969800257647222e+01
5.736219090915036389e+01
5.739694238713507701e+01
5.743532780495702639e+01
5.742030750280910212e+01
5.744785936411966532e+01
5.748180217041106488e+01
5.753146434426086842e+01
5.754557976161768096e+01
5.756465690772979116e+01
5.754919064743368295e+01
5.749743107512811946e+01
5.753386655544846207e+01
5.750055590735650668e+01
5.754139424564453265e+01
5.751718280670215933e+01
5.748121236792025002e+01
5.737104234328813845e+01
5.732849078352730032e+01
5.730304346105743463e+01
5.731237090151413582e+01
5.726778301287947670e+01
5.719742604436559219e+01
5.717989617321555329e+01
5.718038515969537627e+01
5.718020104302375728e+01
5.713890988933495407e+01
5.715942337199357581e+01
5.707787330001460901e+01
5.710223733791664813e+01
5.707380993695813487e+01
5.703773427612946278e+01
5.706506293007731045e+01
5.700401021350336350e+01
5.702333463500620780e+01
5.695973332176187398e+01
5.695317507403721891e+01
5.694564027892303670e+01
5.694428386773115847e+01
5.689549239833741723e+01
5.695187035660463692e+01
5.694100070704918437e+01
5.691863551897307616e+01
5.691097150686251638e+01
5.686667541760454725e+01
5.690343986972530388e+01
5.693979703108711021e+01
5.692976304109220820e+01
5.691770715967631133e+01
5.687989410665686307e+01
5.687898904905723896e+01
5.684817649672706352e+01
5.681760123667122997e+01
5.679196265511946962e+01
5.679247146500215848e+01
5.678409101100867673e+01
5.673831781262131102e+01
5.671820232922889460e+01
5.672625333285462546e+01
5.673679617239829298e+01
5.666971383530675155e+01
5.662748836207307335e+01
5.658930112351254849e+01
5.661362337232643682e+01
5.661479094398725920e+01
5.660144484137487808e+01
5.662580069427825435e+01
5.658458118648322710e+01
5.659377345311281005e+01
5.660429938889325285e+01
5.657297893135043410e+01
5.662723494967164584e+01
5.658294425996631816e+01
5.655918297021915464e+01
5.652326466233524371e+01
5.648739865792553871e+01
5.652182096473678996e+01
5.642862024685539524e+01
5.644176451492225510e+01
5.643059143587515791e+01
5.647307843978902042e+01
5.647868265732559223e+01
5.648286469414470901e+01
5.644098536256525023e+01
5.640207023585960400e+01
5.638430011814845955e+01
5.639236537400933003e+01
5.640408305207667183e+01
5.645274901611794149e+01
5.642994284613082812e+01
5.640858340723216457e+01
5.638913592887985260e+01
5.646253363397028835e+01
5.649615844857357416e+01
5.652968179604890508e+01
5.652082390933999534e+01
5.659791764577315121e+01
5.660460652517664215e+01
5.661891530621613811e+01
5.663057110387925519e+01
5.668029091572761047e+01
5.670181229738572881e+01
5.669725089721689670e+01
5.672818772691159239e+01
5.665215083090156867e+01
5.662936497307523354e+01
5.660904926266454851e+01
5.660306458920022976e+01
5.662543664448304526e+01
5.666239205959442415e+01
5.667657654408385781e+01
5.664171359222095248e+01
5.658467220867596126e+01
5.656316407177956762e+01
5.654474116440406561e+01
5.651671339040955644e+01
5.647227574558622365e+01
5.644993546009712304e+01
5.645324005991904670e+01
5.644708590773561241e+01
5.640984691380040772e+01
5.642174037277075627e+01
5.633237387890275016e+01
5.635422184903700327e+01
5.636733978160032166e+01
5.638758315238340657e+01
5.636589510116402124e+01
5.639508703304317550e+01
5.641135524407124535e+01
5.638112632149631054e+01
5.641055312377095987e+01
5.638343108728988540e+01
5.638715341006856363e+01
5.638948379817039580e+01
5.636996392549966828e+01
5.637669325364036865e+01
5.637981208076796946e+01
5.638581494890416224e+01
5.634251925306864450e+01
5.634134992910185957e+01
5.631902174054204124e+01
5.638510814477582755e+01
5.637491563372521597e+01
5.635992160759381164e+01
5.636862337032786030e+01
5.637060892821038749e+01
5.643878785605467385e+01
5.645115251716327975e+01
5.645305992548311025e+01
5.642229066431000462e+01
5.637148683664947413e+01
5.640522188393072156e+01
5.634177150791110478e+01
5.635489867434638711e+01
5.633567242713225909e+01
5.631169640794015407e+01
5.632249214057257802e+01
5.633613866725571739e+01
5.632131717529524906e+01
5.633974768699190605e+01
5.635379883147267321e+01
5.642191198048963230e+01
