1.747027463305507524e+02
1.708656249181422027e+02
1.702341471575482785e+02
8.907509534269649976e+01
1.103466156817688670e+01
1.168745180809418116e+02
1.715540426171261856e+02
1.668978205739254861e+02
1.633891067947857323e+02
1.682181114094599081e+02
1.638570937969887211e+02
1.525388380629375149e+02
1.468185735561887668e+02
1.456186082604516514e+02
1.457116092156581715e+02
1.479168146208929784e+02
1.367844283312924176e+02
1.253247856585739868e+02
1.259974190873991944e+02
1.329798691135514730e+02
1.374413950737446157e+02
1.331344799732223976e+02
1.368155580215622535e+02
1.346898366875559248e+02
1.351035636081177813e+02
1.326745224606652584e+02
1.307086555766900915e+02
1.236120418201802522e+02
1.266105285019891369e+02
1.225337661503311040e+02
1.333864726423868206e+02
1.295872122176752157e+02
1.207330916554485043e+02
1.185546144344769459e+02
1.266939088992496352e+02
1.285072004434859707e+02
1.241253785162873982e+02
1.224194613342945388e+02
1.188489305988239408e+02
1.166804593551268567e+02
1.198241085781473743e+02
1.158160018091761145e+02
1.145163989079201485e+02
1.199110769819424434e+02
1.204382658701079833e+02
1.253267520378705484e+02
1.237414125689781486e+02
1.155381064391461052e+02
1.147662204974002975e+02
1.125599838756561155e+02
1.161173059767747020e+02
1.135505668321479504e+02
1.157617677784865293e+02
1.173790245201762446e+02
1.176026696483724550e+02
1.226311859902234573e+02
1.250629634800985173e+02
1.215442280342446395e+02
1.279792877464464453e+02
1.252360218482620269e+02
1.178635643392836272e+02
1.137799335388939568e+02
1.182183657355057136e+02
1.210673218608522319e+02
1.159174514195609902e+02
1.135002676532997583e+02
1.209541029869445623e+02
1.256061827959139521e+02
1.258849552892712325e+02
1.224135104883885674e+02
1.203064683051289734e+02
1.152132064858018907e+02
1.173020974236062273e+02
1.177851916727883292e+02
1.148021475671421427e+02
1.073103826793179536e+02
1.117286328374995605e+02
1.184001153168341034e+02
1.196995833483880460e+02
1.155168864152094415e+02
1.182534600295661278e+02
1.170563389175407991e+02
1.150924979473339107e+02
1.174852530386128819e+02
1.224505978253559135e+02
1.241237160676901112e+02
1.228255041508189436e+02
1.165034524711689272e+02
1.131928256542501288e+02
1.137078531359237843e+02
1.122440150143994657e+02
1.091644817796611875e+02
1.051789977619279881e+02
1.058746501308654189e+02
1.103499503758586400e+02
1.099323476120309380e+02
1.105226145900269330e+02
1.071435410393772116e+02
1.096655323991917044e+02
1.088872923503353718e+02
1.075559246742020036e+02
1.076253176261356259e+02
1.081370656252681641e+02
1.073568863298876721e+02
1.074439511514965773e+02
1.071484504132049693e+02
1.075787413625942435e+02
1.022404581938934882e+02
1.009497466450668526e+02
9.769740403942043372e+01
9.716579628496143073e+01
9.729730782266712197e+01
9.603238619610301896e+01
9.975707025926946869e+01
9.958958257335622477e+01
9.990680208359614767e+01
1.032973410599327195e+02
1.044104891842890908e+02
9.953331628151741484e+01
9.537896283334261227e+01
9.682564803939111187e+01
9.403275416018968258e+01
8.963912162827286068e+01
8.899239075544711852e+01
9.064601524792800546e+01
8.505295648377961015e+01
8.261205250430464275e+01
7.959226370998541711e+01
7.522697210555466540e+01
8.432700162556913881e+01
8.343540970934243717e+01
8.763341428897238927e+01
8.675999219347475844e+01
8.825969999822727630e+01
9.085539556680896567e+01
9.762376217926610877e+01
9.503819171315484482e+01
9.844875850350551616e+01
9.185980538113267357e+01
9.477290665494358279e+01
9.394310444768116497e+01
9.380355858962641946e+01
9.092790868077979383e+01
8.584690306782526648e+01
8.832476728520310871e+01
8.878877929813755543e+01
8.901152836679801794e+01
8.572470030213143843e+01
8.520872988724212860e+01
8.559468445256405289e+01
9.287413044911185978e+01
9.755657606962925854e+01
9.520376888658978487e+01
9.141586786509321882e+01
9.341270843863463824e+01
9.378244463698069922e+01
8.581350803160844976e+01
8.507391832571767054e+01
8.925542552018833931e+01
8.564685869551236408e+01
8.556652927740402959e+01
8.955766925468405759e+01
8.843416510488930271e+01
8.739893655152668828e+01
8.794688836527841147e+01
8.736412313903009874e+01
9.034965888769191622e+01
8.595903206309563416e+01
8.448677554320734373e+01
8.406051090930388625e+01
8.449819263550999437e+01
8.544643411113129616e+01
8.531734940725409899e+01
9.457549540547914546e+01
9.663761607080103033e+01
9.634484737369453455e+01
9.660401732032683242e+01
9.379448728180851447e+01
9.446600632100798123e+01
9.921284942484483338e+01
1.001989388051344179e+02
9.668573639942958664e+01
9.660586621957698128e+01
9.308156526424706101e+01
9.509143425571555497e+01
1.030013461078098800e+02
1.074882154911400249e+02
1.079886443851728757e+02
1.028104513983746386e+02
9.228211172697032794e+01
9.207544930649272885e+01
9.134334611118482883e+01
9.456056031207378965e+01
1.026866037362221817e+02
1.077773818629996043e+02
1.061393480563554874e+02
1.048410825808198155e+02
1.012128844701860402e+02
9.955717587686457648e+01
9.376066476363855884e+01
9.385383117036960243e+01
8.839426561443504227e+01
8.343759763366711013e+01
8.152118927360574219e+01
7.973925684876135733e+01
8.410836668779126057e+01
8.737018262056463414e+01
8.911046843654911243e+01
8.439576885757904279e+01
8.158329723290525237e+01
7.913875754705836130e+01
8.187577918219427886e+01
9.140384527236523127e+01
9.138573909705657172e+01
8.312783729347451356e+01
7.583318354451455434e+01
7.588809961205495824e+01
7.583741715257617955e+01
7.894963342346042623e+01
7.608948908822232227e+01
7.394325468721629591e+01
7.441675603903803449e+01
7.069310375507753008e+01
7.465691059494616866e+01
7.430533076490698363e+01
8.258550798101347823e+01
8.770542839607169583e+01
8.920721305694875980e+01
8.906556454425147251e+01
8.376879038690201185e+01
8.450958602785237872e+01
8.528094644965541704e+01
8.123250047348740566e+01
8.169390365548449040e+01
8.111772112475441077e+01
7.832323178555897414e+01
8.614538157192106382e+01
8.363587638932401092e+01
8.146003805390905939e+01
7.690449708315203736e+01
8.035767816860756341e+01
8.101831576791894918e+01
8.640896779349571943e+01
8.599844565226146642e+01
8.501593127828202512e+01
8.356474677227205916e+01
8.129615894407959331e+01
7.732788399603329310e+01
7.779995645925588121e+01
8.716980802825251828e+01
9.253799234448513289e+01
9.017920207314774927e+01
8.927379798912799913e+01
9.239610255988512222e+01
9.121837000666096174e+01
9.380923354139991943e+01
9.859595020564735535e+01
9.960869873495816762e+01
9.485262476656662045e+01
9.529931736433769629e+01
9.427455962209091922e+01
9.228689804873550884e+01
8.779019872598637164e+01
8.502032598631177507e+01
8.477006449509046604e+01
8.953940729187641523e+01
8.845541222496065359e+01
8.862201612651118410e+01
9.022435925360016995e+01
9.372979803440018998e+01
9.121805400351229309e+01
9.372386055542271777e+01
8.858304911471398668e+01
9.341818347560358404e+01
9.192373007718363453e+01
9.347852860982999346e+01
9.443103646778806137e+01
9.703096001407665483e+01
9.406622856206578831e+01
9.336016297591476132e+01
8.327315030924209793e+01
7.628129992676127813e+01
7.858458305424190371e+01
7.418850831477311658e+01
7.632587777887994207e+01
7.352122353826875667e+01
7.732307461056194597e+01
8.033240758040406604e+01
7.671959526474714153e+01
6.930214016204791960e+01
6.635452419388359147e+01
6.435467618330598327e+01
6.710964723440555701e+01
6.977330903628032388e+01
6.692363749637915760e+01
6.977026810878413698e+01
6.846887341310410591e+01
6.992503669296230839e+01
7.231221638323232526e+01
6.993568773261553417e+01
6.900578843252094430e+01
6.984436825950089656e+01
6.985111965891353236e+01
7.037293311874081780e+01
7.219492772744993658e+01
6.955381053507171885e+01
6.993153361899432241e+01
6.970003565534733525e+01
7.342243752070247353e+01
7.295030887532539055e+01
6.937940409229403826e+01
6.989316076406726097e+01
7.334467577154570961e+01
7.008859753470052567e+01
7.829751594369822953e+01
7.816789628395615352e+01
8.053627700522436328e+01
8.067760801970426598e+01
8.379053112089849265e+01
8.362070373851236127e+01
8.082882833649796339e+01
8.250300668444701557e+01
7.765654097106843778e+01
7.846788847150364177e+01
7.528696182698153905e+01
7.517054097182449368e+01
7.900239779209722712e+01
7.765539796964654329e+01
7.845411853530121959e+01
7.866479049583554684e+01
7.684184892541578904e+01
7.867777631808006333e+01
7.952749994198173056e+01
7.417898898542111397e+01
7.677037203837554102e+01
7.295220493614080226e+01
7.369863250589482107e+01
7.673569718611315693e+01
7.689261989492271709e+01
7.431445759773311011e+01
7.632291254811813985e+01
8.395785136213380895e+01
8.445947102463186695e+01
8.564580123835172287e+01
8.294597220090687983e+01
8.159675165549582232e+01
7.772104141084062690e+01
7.373512381224149692e+01
7.657126383631873523e+01
7.702367623899382920e+01
8.035448747048118889e+01
8.231764970425088279e+01
8.231025529268318053e+01
8.798333842289987672e+01
8.917056410542321032e+01
8.536206449653188599e+01
8.545471812402666956e+01
8.423006566695597996e+01
8.719885656468775892e+01
8.637247476225822140e+01
8.551588329816141254e+01
8.441849592986660866e+01
7.993838785944110725e+01
8.196802378540479594e+01
8.202387225389706771e+01
8.432564901148924719e+01
8.499909379514276964e+01
8.185103163648622626e+01
8.209593173675473565e+01
7.756940527800877305e+01
7.257818060599974785e+01
6.997456377897277946e+01
7.511296718070538248e+01
7.732883420407598862e+01
7.793289965499937466e+01
7.940657257533331403e+01
7.923183947638854363e+01
8.295963641739713523e+01
8.718626549212709165e+01
9.101362493362960038e+01
9.161355966092042991e+01
8.938284911742621830e+01
8.728435372203276188e+01
8.784048362995892489e+01
8.606272043682218964e+01
8.672161194773130433e+01
8.866846046136907944e+01
9.122100539657581919e+01
9.052116631876626229e+01
8.202627245746032258e+01
8.559686115824959529e+01
8.373142154706137319e+01
8.574412383096742474e+01
8.498696774311559921e+01
8.197264667382880532e+01
7.961222214443984058e+01
8.750284370084912666e+01
8.209975629474280368e+01
7.788969089667028811e+01
7.323555209424586110e+01
7.036369431792336115e+01
7.097158761343153799e+01
7.531569965876455797e+01
7.417429816169673984e+01
7.455407290963231048e+01
7.269790417259976323e+01
7.533691543844601313e+01
7.432118430100931050e+01
7.309100522945861655e+01
6.567109784892817004e+01
6.075465258763051679e+01
6.132080435850895128e+01
6.484900503355993351e+01
6.451568982470094227e+01
6.797048513201134767e+01
6.997402356521627098e+01
6.567125141581188075e+01
6.287039135724066341e+01
5.278705711912773779e+01
5.205042615484512680e+01
5.577882159704674336e+01
6.075910061993263866e+01
6.158662789253598646e+01
6.157597439101466819e+01
6.111735464235094639e+01
6.320123106368022547e+01
6.448581104962804034e+01
6.181520512245860743e+01
6.000693703999166928e+01
5.936489943061870633e+01
6.503504682398830994e+01
6.410942104452627177e+01
6.342148566644279128e+01
6.327153448146212611e+01
6.209505213517401501e+01
5.945542045369569450e+01
5.930464271677838894e+01
6.139992842124286199e+01
6.576346800129813630e+01
7.039532735775698313e+01
6.899465712556124686e+01
7.329491181553993329e+01
6.785207527193740873e+01
6.992936938159625981e+01
7.298459409045581481e+01
6.897325356421183074e+01
7.256586073241892620e+01
7.244137488645321810e+01
7.166033984107514243e+01
7.915298669720796454e+01
8.144891556032652602e+01
8.038596067513294940e+01
7.428646064583404041e+01
6.895284941337575901e+01
7.213545205805638716e+01
7.019143392686524408e+01
7.317820045555953357e+01
7.698219769826403081e+01
7.290771323503422252e+01
6.982393618550024428e+01
6.740139217241305403e+01
6.697891146048465316e+01
6.960347190423458130e+01
7.085142699821149392e+01
7.756947892808024392e+01
7.878222336360485656e+01
7.124817553964959416e+01
7.192521306530032632e+01
7.090998114856861889e+01
6.861131086580680005e+01
6.683988486971139764e+01
6.983541033943660636e+01
7.150742888716519019e+01
7.209506620799122345e+01
7.271624475357948825e+01
7.521177227855189074e+01
7.719731438922654831e+01
8.324741144856838559e+01
8.316431009446094436e+01
8.354255705121902054e+01
7.988394971987413840e+01
7.816152137309467207e+01
7.512371222108497193e+01
7.020344166990737733e+01
7.136952284793842693e+01
7.280476627060767214e+01
7.023934216820718746e+01
7.203718552558106580e+01
7.367809688515080779e+01
7.652610175248420887e+01
7.444719250397929500e+01
7.159332567602676534e+01
7.122856499216096893e+01
7.399552770481322739e+01
7.466626901131378702e+01
7.420209079318082956e+01
7.112943440643645943e+01
7.041600244555198174e+01
7.289779697596041785e+01
7.549568799844014677e+01
7.582881461083485419e+01
7.233069194817284142e+01
6.764800030458262370e+01
6.468877716046580417e+01
6.408319402561063782e+01
6.870356026409977801e+01
7.026509972865471809e+01
7.248448228861818166e+01
7.623929749426007163e+01
7.310416207169616598e+01
6.990280962110003316e+01
6.973959991667672398e+01
7.087473078151661809e+01
7.272158117359705898e+01
7.158222730717751858e+01
7.289615667088935425e+01
6.700325171999030260e+01
6.506693426434537741e+01
6.617762921622166061e+01
6.835026109369309211e+01
7.278174867460528219e+01
6.637153114303123402e+01
5.972986240043256601e+01
6.111842458185319060e+01
5.939190079312449200e+01
6.003296912208563185e+01
5.843930425901081094e+01
5.984425516608838791e+01
6.305706817071974513e+01
6.407142701218783998e+01
6.456443176244546578e+01
6.400575761408050823e+01
6.701022245189352589e+01
7.040038787176413848e+01
7.173039347000060673e+01
6.851444183496617768e+01
6.463471624717421093e+01
6.830887890870040735e+01
7.038950718220294789e+01
7.020149816420708078e+01
6.204403300292224799e+01
6.021087025716830965e+01
5.788166441826471953e+01
5.873830892419925931e+01
5.966430519335951033e+01
6.047218594234719546e+01
6.065308295566879337e+01
6.007623193935607731e+01
6.319362389691009696e+01
6.183842482966595355e+01
6.149143809640554537e+01
7.024631321607598977e+01
6.968809121555388231e+01
6.944285457656805249e+01
6.585112535014094703e+01
6.658420151332994408e+01
7.268059357884901317e+01
7.249918307409507179e+01
7.361045520107448681e+01
7.588418580929189261e+01
7.769727771432420127e+01
7.172002703834949955e+01
6.815116246670105227e+01
6.961947715509762702e+01
7.303518610408254119e+01
7.659821147067886216e+01
8.204163924775252781e+01
8.986044429104407527e+01
8.782769333135075840e+01
8.645382293138251839e+01
8.851184262408504821e+01
8.113197005146781748e+01
7.707680612743145332e+01
7.732000154190284036e+01
7.792141649523698277e+01
8.475930055521341444e+01
8.092749034700909760e+01
8.005103863851809365e+01
8.066146845389910425e+01
8.021420097882335654e+01
8.355508961497736209e+01
7.911903664674157710e+01
8.371585650951702462e+01
7.890081222656517923e+01
7.611319596703324919e+01
7.362636894301451207e+01
7.253271714649615376e+01
7.630453388886448352e+01
7.859983948275798582e+01
7.962672084657062044e+01
7.306655143379813921e+01
7.611184318237357616e+01
7.675467886695372499e+01
7.515386890490637484e+01
7.528781347857059814e+01
7.949400847951837079e+01
7.424447685942246267e+01
6.925626677770360118e+01
7.023675866859333894e+01
7.423965410193785885e+01
6.786844773289504928e+01
7.196797726460550848e+01
6.839822287241607057e+01
7.028887898018139424e+01
6.582545001477656399e+01
6.266009969500221644e+01
6.163689621524640927e+01
6.475818504506575835e+01
6.981721028182140287e+01
7.144554744885986963e+01
7.487686480054017579e+01
7.948242101564684958e+01
7.575043393867649399e+01
7.734649181187947420e+01
7.742108778209589559e+01
7.601180029966704410e+01
7.187938860220296533e+01
6.772227935844540525e+01
6.902659534233417560e+01
6.956748596745364921e+01
6.361974195041949542e+01
6.168275839383963444e+01
5.639108697886244670e+01
5.220089292031418893e+01
5.150854660375571825e+01
5.404093166167317008e+01
4.874759092162909724e+01
5.293988172405956050e+01
5.852409055764783830e+01
5.288740088000957940e+01
5.318791045104019588e+01
5.646713026536181701e+01
5.404871069276303786e+01
5.348810190912440987e+01
5.369905535911807704e+01
5.059634635767633881e+01
5.331641930074918889e+01
5.282654432781477283e+01
5.469619719345844544e+01
5.807957199388037850e+01
5.959637593654038312e+01
5.612340286071500373e+01
5.214265024752700128e+01
5.051013655858312745e+01
5.045710829312702117e+01
5.093917620118651257e+01
5.481021809052127480e+01
5.458345710854160870e+01
5.791417044492609989e+01
5.694632120478588888e+01
6.130142399530390662e+01
6.121236668140920756e+01
6.120439188277012477e+01
6.636589328559117007e+01
6.684878295754162991e+01
6.768339246118584640e+01
7.045686539493991063e+01
6.778960252495539862e+01
7.353174136304133413e+01
6.661368839149646703e+01
6.829592391192022660e+01
6.497347427362512917e+01
7.039633923323530951e+01
6.602573057202411633e+01
7.026423976443456354e+01
7.828202200928063803e+01
7.848213212907671732e+01
7.646583736854628910e+01
8.044240806432637214e+01
8.079529954680491244e+01
7.726755240595218766e+01
7.026473076662736617e+01
6.718336031826474652e+01
7.036670133784100756e+01
7.190225243172115199e+01
7.488651109551729235e+01
7.657968975863974492e+01
7.549475121748443485e+01
6.931347648723109955e+01
6.405000155221232205e+01
6.848755667747650477e+01
7.249882069813769192e+01
7.390863561455715569e+01
7.100030641359815320e+01
6.858044666322982152e+01
6.535903850015728267e+01
6.004397761034758219e+01
5.461312390925822058e+01
5.690610646293092145e+01
5.664131428524318324e+01
5.991282145025270722e+01
6.135649354494661623e+01
6.570127993626873319e+01
6.754047253543929230e+01
6.604225395165727264e+01
7.293691859992144089e+01
7.464253478151887577e+01
7.670953590175075476e+01
7.189428247417252749e+01
7.036375537098250277e+01
7.181151799531119195e+01
7.604616469116244559e+01
6.905071529948654074e+01
7.317725227182148728e+01
7.466215851857276675e+01
7.380897226132957201e+01
7.305360967847127540e+01
7.312301775375685509e+01
8.020983068537452709e+01
8.068213567709587153e+01
7.441143137352771930e+01
6.923018212693646944e+01
7.028851975271238928e+01
7.235821648836655129e+01
6.941298798555719429e+01
7.466670061195398489e+01
7.166524073393166816e+01
7.278546668274920250e+01
7.409325389071403833e+01
7.079271764133106615e+01
6.987960416165458355e+01
6.911700788847078059e+01
6.662168608148309090e+01
6.750769253717496099e+01
6.905496205366080176e+01
6.776052533655212073e+01
7.261079240072825769e+01
7.469430479285813362e+01
7.089574713630753422e+01
6.954410535713154218e+01
6.994091434110609384e+01
6.438074993845775396e+01
5.714546415087252740e+01
6.644195246829947621e+01
6.908682551516994863e+01
6.224457462220279069e+01
6.101277287147932782e+01
6.061810303392104515e+01
6.437731582816947196e+01
6.339725487332925979e+01
6.577352329579851187e+01
7.093299150084185101e+01
7.063608665370956885e+01
6.885157198062817940e+01
6.712926758887476808e+01
7.075032456756416366e+01
6.570687407569101879e+01
6.635239794073092412e+01
6.785192216854224512e+01
6.742386704063717673e+01
6.360792368306144340e+01
6.852185559415757155e+01
6.563856430071700743e+01
6.550659327112622066e+01
6.340814627703650785e+01
6.215811913682544798e+01
6.118675388460293618e+01
5.832169459650592103e+01
6.215049998309328316e+01
6.661131231788318985e+01
6.705349678335360863e+01
6.116782675140601100e+01
6.471099441446837375e+01
6.405048853533605779e+01
6.330745809037111371e+01
6.417980031001401642e+01
6.424541691304747815e+01
6.234101008657903265e+01
6.497362231570920699e+01
6.458286646081698734e+01
7.063402814066195390e+01
6.787017939217068374e+01
6.999069608713355706e+01
6.995187358234254305e+01
6.955540641227683807e+01
6.611918619439886413e+01
6.273687126013378190e+01
6.370638738908900223e+01
6.786900544837637028e+01
6.519628725164363914e+01
6.753687090643428803e+01
6.425175017409615918e+01
6.113327764527309682e+01
6.169281352712893352e+01
6.301619030199272231e+01
6.235860734628668922e+01
6.133655413896033792e+01
6.448022153481829832e+01
6.891032605930817567e+01
6.555934991324848227e+01
5.871937990914544514e+01
5.842160283118454345e+01
6.294690831144076526e+01
6.282020716299555829e+01
6.890533294257211594e+01
6.964840875001914355e+01
6.444266147120934818e+01
6.517123189603393030e+01
6.675783988028425142e+01
7.060715817076436451e+01
6.570556401939262514e+01
6.437585392683428154e+01
7.108073346640176737e+01
6.762701299709367220e+01
6.689355277143319256e+01
7.143415042710475404e+01
7.567530744431684298e+01
7.104298395095531760e+01
6.978803059313946733e+01
6.370138149810951234e+01
6.375084736522545370e+01
6.377241609431999336e+01
6.522465494208982761e+01
6.283636692867078466e+01
6.854683346591205861e+01
6.864629505465005366e+01
6.811153837376573961e+01
7.102799741945514711e+01
7.135372942477809488e+01
6.796606623473779507e+01
6.769215868227504984e+01
6.971291918335259652e+01
7.435177113733509202e+01
7.470024240317327724e+01
7.320947865703818991e+01
6.813518824533413465e+01
6.591639823016700461e+01
6.595244016593494507e+01
6.592581997330665899e+01
6.775520718962194167e+01
6.803671674803968017e+01
7.088275750632087124e+01
7.527317135331941245e+01
7.996848540830943364e+01
8.458607308923500057e+01
8.003332929874119372e+01
7.640395184964617670e+01
7.849985667642722831e+01
7.871205869304414193e+01
7.756859787745513302e+01
7.354137886861082052e+01
6.981956024190569110e+01
6.749818168070552815e+01
6.606149816387092244e+01
6.198992306876507996e+01
6.377421104599679325e+01
6.907163519773052940e+01
6.677290411071128062e+01
6.299909516259334907e+01
6.107094152228548012e+01
6.418580304043085505e+01
7.047193922401386601e+01
6.843650448490302551e+01
6.294083626885243632e+01
6.164534791580993556e+01
6.257166718917066817e+01
6.668622790628620578e+01
6.900654444228831608e+01
7.126368479183099680e+01
6.726568776881919121e+01
6.157254362238963097e+01
6.474279181278414796e+01
6.910525656431386210e+01
6.854045138930307246e+01
7.272832329640273485e+01
7.096702370555085793e+01
7.172616005010945628e+01
6.878009677000898137e+01
6.925091752611008644e+01
6.978720969996645351e+01
6.766671544926543902e+01
7.353231066548404726e+01
7.199927744925115292e+01
7.661241799116960749e+01
7.603893028009788679e+01
8.484687558095527038e+01
7.945177626776748525e+01
7.682985498446514327e+01
7.732786427676191465e+01
7.608555631998135027e+01
7.661564130157560726e+01
7.588697679396690887e+01
7.845395874380760404e+01
7.254761185712051486e+01
7.174193479959897957e+01
7.520361683360890481e+01
7.468116639846356009e+01
7.330299733309549026e+01
7.105463978411262360e+01
7.379414240829937910e+01
6.794844453088424530e+01
6.987560664385999587e+01
6.843095097469937116e+01
6.918809400660089182e+01
7.037561362665491060e+01
6.936260781630639372e+01
6.747676903245513813e+01
6.691324738517369042e+01
6.814773808173647751e+01
6.757555328103708803e+01
6.376533337050291550e+01
6.337789935139591080e+01
6.584698049948829635e+01
7.073929109543242078e+01
7.253766376450620612e+01
6.876285603430639526e+01
6.529723751017687050e+01
6.279922102653769400e+01
5.854762941631126694e+01
6.023364083904297672e+01
6.212796643197764013e+01
6.505939865802990596e+01
5.941447022797980537e+01
5.754380334153574950e+01
5.970014282110574300e+01
5.737212837652349151e+01
5.982526777853294675e+01
5.759267943513849275e+01
5.368457496002568519e+01
5.407554052162582536e+01
5.597279833295540641e+01
6.003796227154793996e+01
5.747976985377307813e+01
5.634584904257761195e+01
5.650856363236331958e+01
5.873410161147081965e+01
6.045903657011861299e+01
5.904375641001070107e+01
6.054502050671921154e+01
6.765895071052915455e+01
6.988559716492349594e+01
7.436640865112985921e+01
7.175003415744309621e+01
7.380909772030786087e+01
7.386007804252537312e+01
6.994062833421884307e+01
6.280095622290409096e+01
6.067250411110501318e+01
6.221928725171586905e+01
6.408238408157102128e+01
6.643579359093517667e+01
6.787403839641436321e+01
6.446751553657009026e+01
6.285093940310780170e+01
6.183557485953141963e+01
6.071582230459610230e+01
6.493192645676512598e+01
6.245788868588016385e+01
6.494480612139383879e+01
6.495826847013256611e+01
6.300473734204594223e+01
6.331141599589281554e+01
6.028056492362641450e+01
6.506874302572251167e+01
6.392468303133222207e+01
6.499167202661989506e+01
5.695016762825528644e+01
6.555197626982983650e+01
6.743366167534435363e+01
6.561933083195549443e+01
6.364058528098904333e+01
5.963950302379058144e+01
5.722629665572543445e+01
5.946519447671694536e+01
5.840985926547404006e+01
6.042764549555027997e+01
6.638418129431798320e+01
6.522824623436210345e+01
6.244613300857361082e+01
6.680577128884084459e+01
6.577839200877706105e+01
6.373403813934555728e+01
6.085711565756916741e+01
5.986545675563984048e+01
6.504332075033661908e+01
6.276485769247757673e+01
6.850939728193229428e+01
7.259030317023491818e+01
7.512762414213132445e+01
6.483763831646278675e+01
6.233506886557584892e+01
6.817254982971790866e+01
6.282207350985605387e+01
5.620137167264586253e+01
5.712219771125283785e+01
5.088070948909722802e+01
5.052701308346172482e+01
5.101334202362909309e+01
5.217741264874527474e+01
5.425253563642304755e+01
5.883818401902114203e+01
5.758890919306266198e+01
5.686601806348780030e+01
6.259311000287792126e+01
6.252103060150824376e+01
5.883680102176148807e+01
5.599698938288146621e+01
6.038027450813653729e+01
5.841364205167559476e+01
5.835475656620408813e+01
6.158441993549645588e+01
5.916971985784586252e+01
5.717483408712762127e+01
5.485904081428036250e+01
5.454626778192375980e+01
5.719256688834006752e+01
5.595514991390399473e+01
5.417136485049817907e+01
5.836683532050199119e+01
5.640734228331686495e+01
5.365499640045652541e+01
5.404575998141613979e+01
5.433979400443051588e+01
5.158156425614677687e+01
4.991714247133157301e+01
5.115144200024178645e+01
5.094778997607846804e+01
5.220940154464976501e+01
5.189383535291494809e+01
4.520443796061971398e+01
4.119987266170349471e+01
4.491379273860911781e+01
4.686068371185677961e+01
4.279656411891812695e+01
4.575175891224373004e+01
5.178833770661003655e+01
4.807796345290105933e+01
4.511027859206114954e+01
4.199609698991463347e+01
4.244021146613835072e+01
4.226276967936320261e+01
4.293346052024034520e+01
4.459143195890123934e+01
4.292637659938054639e+01
4.001984815476151880e+01
3.933976454814049362e+01
4.262509121249240707e+01
4.476450745242408402e+01
4.345415945782363565e+01
4.095012005616564466e+01
3.778725540898773261e+01
3.961061875329704662e+01
4.013831860807485441e+01
3.910891709224958390e+01
3.798667648011806364e+01
4.326217248200856602e+01
4.223597519732317096e+01
4.084777001883819025e+01
4.073154636018949759e+01
4.266636778637550265e+01
4.308765493453225304e+01
4.798149122731413740e+01
4.155209807318118465e+01
4.103592889858188641e+01
4.163399573639500773e+01
4.160981993073829699e+01
4.096911158021913479e+01
4.397099965641405106e+01
4.722609281187865804e+01
4.953768042232661628e+01
5.124904973903937844e+01
4.992067644321170405e+01
4.586866291983798760e+01
4.448019533520113100e+01
4.743380246472747785e+01
5.072799347750151355e+01
5.107907323459500049e+01
4.846309315744886703e+01
4.689807054206264070e+01
4.931054368641443375e+01
5.301342643796463960e+01
5.024936236521801902e+01
4.855554801290276146e+01
4.674373173487674649e+01
4.697303411941118156e+01
5.291085263942838424e+01
5.565624680657529666e+01
4.810475221667749679e+01
4.810755608412839024e+01
4.670733310270233574e+01
5.025012616309479085e+01
4.859640420773959590e+01
5.080040766743633185e+01
5.200207394390594118e+01
4.897744622134578663e+01
5.431910913783093520e+01
5.826753580738952110e+01
6.212332543626635584e+01
6.054456689364027966e+01
5.908677702078853144e+01
5.642309125710177398e+01
6.092332194175276072e+01
6.043403090668944344e+01
5.657373386532279369e+01
6.006321100954500025e+01
6.266123158533898163e+01
6.694730364833873182e+01
5.889130501370648574e+01
5.714161136203286162e+01
6.176817847213077073e+01
6.242605353445937055e+01
6.241889576173866772e+01
6.082926012783487124e+01
6.234591507779768449e+01
6.169398446309187989e+01
6.220729386052065024e+01
6.186782153458524647e+01
5.743439123926333423e+01
6.298400801611963118e+01
6.070939595411142875e+01
6.067653305283018028e+01
6.100575132090945374e+01
5.829431072230651978e+01
5.952429781958510091e+01
6.372345900416756592e+01
6.026731619985319810e+01
5.614838486053918132e+01
5.221361200237441835e+01
5.568396118261371441e+01
5.574248314291374129e+01
5.870896950875314246e+01
5.929361192021418958e+01
6.013511647395074533e+01
6.236896302053192187e+01
6.120135047498828840e+01
6.651487487111046448e+01
6.394573224752767260e+01
6.610720905811409409e+01
6.323167699087552762e+01
6.247027543498168711e+01
6.237363153822121831e+01
6.422629741016014293e+01
6.530229316543527318e+01
6.771442812260964672e+01
6.251175541315510031e+01
6.383569534736811590e+01
6.270008722693215475e+01
5.877842664928293459e+01
5.777968793013370430e+01
6.480355172058474977e+01
6.765334851599359922e+01
6.154589920121507873e+01
6.318201496808025297e+01
6.139492985771968847e+01
6.315214753855859442e+01
6.497605109223900399e+01
6.809696368216194173e+01
6.767147815448423387e+01
6.468739263653300497e+01
6.284285945763980408e+01
6.521018204778671645e+01
6.309274662345967499e+01
6.094275722381475191e+01
6.342416897019234057e+01
6.557252962259673268e+01
6.508646856946378989e+01
6.395763659817565383e+01
6.321291223019063921e+01
6.557244705102269222e+01
6.607450991361412207e+01
6.955916486302291446e+01
6.759282083017029663e+01
7.222543090997463366e+01
7.145801002626284060e+01
6.775389469852186153e+01
6.104499010664797254e+01
6.100788355241262195e+01
6.169278766530986502e+01
6.325362743841681379e+01
6.408148694206865059e+01
6.304724939290662178e+01
6.336137508842953991e+01
5.620457755461838190e+01
5.861110528568957534e+01
6.017702212266799222e+01
6.438543649057768903e+01
6.187438196940840385e+01
6.370257244195694568e+01
6.461738492770128062e+01
6.141818870520144458e+01
5.923358358683849190e+01
6.418088928029756346e+01
6.483523254608326170e+01
6.824546168687713532e+01
6.867605973000208053e+01
6.550641620331275305e+01
6.937836725540329041e+01
7.414541964338430091e+01
7.145720565545178715e+01
7.068360567704392849e+01
6.824737022484875126e+01
6.883933058517800418e+01
5.968478118123553600e+01
6.261397049369887213e+01
5.844418520771903047e+01
5.444728578668073737e+01
5.689141503941078781e+01
6.139021748189590255e+01
6.539798697709507280e+01
5.809193875620779579e+01
5.808046089965613135e+01
5.930862644283320151e+01
6.000336656080523312e+01
5.828576010135719798e+01
6.121394334991639141e+01
5.631911453807325074e+01
6.496913290237975502e+01
6.786529220691753039e+01
6.737024945660253650e+01
6.718755240618983748e+01
6.779406625216918769e+01
6.652085981108596968e+01
6.217893816275247332e+01
6.215656537503633672e+01
6.501518852233071755e+01
6.872712890603770575e+01
7.292944926442002895e+01
7.638218272464493452e+01
6.848190553617128273e+01
6.492352394681621774e+01
5.998443520149304220e+01
5.788786894344302425e+01
5.681306140203933808e+01
5.597322840409626110e+01
5.629618852990886069e+01
6.046365130950457001e+01
5.988355567430797066e+01
5.926633015136076210e+01
6.250977120516579078e+01
5.441054067154607310e+01
5.686920361420648362e+01
5.692487875946294196e+01
5.826147264982584772e+01
6.118405450271929169e+01
6.495043115691424873e+01
6.147980041301771337e+01
6.428959989171353584e+01
6.359945533304501453e+01
6.818809244478379128e+01
6.315415515857523587e+01
5.704828062513806231e+01
6.099456174444193834e+01
5.929839654994181330e+01
5.428394365329633331e+01
5.335287677589749933e+01
5.402875904613058822e+01
5.614247425637243794e+01
5.603983460704573361e+01
5.407106478879316569e+01
5.563946629257306142e+01
6.406352114043608026e+01
6.158072592505028808e+01
6.617094125249707304e+01
6.416724860632773186e+01
7.092105521616409192e+01
6.815638248976546265e+01
6.325264016529402511e+01
6.156430260444963665e+01
6.130166750176731227e+01
6.069419243182775858e+01
6.330873534746729092e+01
6.315261798430771023e+01
5.683445733685900336e+01
5.844197065185237250e+01
5.808246230045754999e+01
6.205849517199459342e+01
6.201126703912966320e+01
6.868516140202571307e+01
6.826802625115078627e+01
6.857389723264169845e+01
7.142957707603538609e+01
6.917008492566024813e+01
7.010879599442681354e+01
6.397032552450301068e+01
6.573645921829515260e+01
6.013529527229998450e+01
6.359694872005364630e+01
6.324559681678415757e+01
6.059930952191476194e+01
5.850431509236958050e+01
5.647050049852629172e+01
5.656460198733527989e+01
5.591058720979322061e+01
5.767741039763603794e+01
5.781850786744506365e+01
5.817061124429891095e+01
5.891337596831498047e+01
6.003239685206010279e+01
5.555981541297437332e+01
5.578079523045121846e+01
5.861654174012357998e+01
6.084654640616064114e+01
6.261175929122067885e+01
6.201208323814383050e+01
6.885687319141287333e+01
6.630139680780790457e+01
5.875106822619757452e+01
5.761487314718220887e+01
5.352729877631813338e+01
5.087225870260482452e+01
4.746357758975136676e+01
5.107248198591071287e+01
4.725308739547952541e+01
4.925711639692062249e+01
5.221719808731380397e+01
5.145094964979844576e+01
5.684255205673660782e+01
6.007084389398693247e+01
6.089222875534521506e+01
6.088378186404186465e+01
5.833299973309625841e+01
6.348728771831487450e+01
6.340264911497679634e+01
6.721710324928311309e+01
6.528309112122370550e+01
6.118925136529166764e+01
5.958264515950767759e+01
6.018404086824241972e+01
5.432031347010338607e+01
5.532758054354900423e+01
5.427860845992968564e+01
5.755053490175944830e+01
4.991252231686786445e+01
5.297738370782343509e+01
4.945235422306743089e+01
5.405565930571734157e+01
5.027848049770418015e+01
5.149386072803125103e+01
4.268108701659446069e+01
4.494647962797617424e+01
4.152300510082400820e+01
3.966826758497077776e+01
4.007447631985215253e+01
4.422551728357805700e+01
3.777408148764175166e+01
3.671598693523026213e+01
3.685981572786786842e+01
3.868187236270412654e+01
3.486026505801470421e+01
3.476200009488945852e+01
3.823220898922491529e+01
3.583756462824950972e+01
3.649053147650468532e+01
3.410125622363960929e+01
3.581107157836967758e+01
3.666343807383316289e+01
3.660848784293753511e+01
3.523051815397062114e+01
3.398300543146058317e+01
3.435012358903568952e+01
3.331841237093044583e+01
3.439752219623963470e+01
3.426653369003560101e+01
3.763617016292013773e+01
3.879918636121124109e+01
3.798891302437479567e+01
3.446739500447742444e+01
3.490525094574164200e+01
3.655186821955604159e+01
3.431051333060392494e+01
3.625736027853602650e+01
3.476954038290080007e+01
3.799589545811437574e+01
3.982366421533316725e+01
3.935884062809637385e+01
3.699516063341133076e+01
3.871972024431244108e+01
4.077489109865047112e+01
4.131487497468694414e+01
4.320716110149945166e+01
4.230650540723033259e+01
4.232833758888691023e+01
4.285594926555884854e+01
3.878833337875582288e+01
3.918845519919182152e+01
3.844705623492143332e+01
4.059241463583339282e+01
4.020113160070209801e+01
3.829211777349476620e+01
4.123705897149540078e+01
4.074297690097452573e+01
4.223489992672807603e+01
4.357701920755042124e+01
4.247239076501463728e+01
4.839991435104298034e+01
4.461185484984585514e+01
4.602496826205489810e+01
4.372571760028500876e+01
4.319463686744563802e+01
4.653483889660390105e+01
4.768114226494375885e+01
4.620696492835972435e+01
4.776066343880080467e+01
4.595710487199195882e+01
4.864218829705993130e+01
4.394739650131600683e+01
4.704401073389766452e+01
4.686254209663599113e+01
4.438533401806552092e+01
4.051341535027194141e+01
4.360045640555247815e+01
4.805349627578644345e+01
4.827545289922110783e+01
5.392104464024045285e+01
5.567074294886292307e+01
5.262079313757084265e+01
4.131536520808944601e+01
4.678363667123210234e+01
4.935484092225260611e+01
5.034929395854160816e+01
4.457033840090574017e+01
4.324756180255258187e+01
4.319792665377292451e+01
4.570454015689557536e+01
4.461903702527041560e+01
4.965413681140660174e+01
5.074761011496468655e+01
5.452706739664671431e+01
4.917873785966546052e+01
4.791762568729959071e+01
5.247945220583470416e+01
5.229828809050754046e+01
4.966560146370224516e+01
5.663977399440538818e+01
5.440034874570147849e+01
4.638498484518757436e+01
4.621352069131984308e+01
4.580158345219115290e+01
4.771990081433239084e+01
4.761505983648365259e+01
4.953995417374798649e+01
4.891176564901095958e+01
5.059993752778225939e+01
5.298485653764588221e+01
5.694224297590173478e+01
6.071203094752659979e+01
6.303925243466882478e+01
6.309540789377713566e+01
6.835126082056116559e+01
5.492544393516682533e+01
5.371098545107284394e+01
5.461926441820506284e+01
5.332114805784971168e+01
4.958810943821913497e+01
5.398690516716807508e+01
5.176659299220202115e+01
4.956300670211038550e+01
4.983393179860962618e+01
5.377695848134493417e+01
5.033373114299965323e+01
5.603252254118508802e+01
5.837369757591405062e+01
6.202564195928398760e+01
6.389766874398767982e+01
6.746686171459410275e+01
6.514954260966430866e+01
6.195545859723416982e+01
6.471451908789376262e+01
5.872577355129749321e+01
5.715189219709536417e+01
5.150879296171609667e+01
5.303499117026379395e+01
5.825939937578216643e+01
6.077791072482260404e+01
5.727921277112621112e+01
6.093278556501327614e+01
6.513560453162141073e+01
6.543153217723327941e+01
6.170395410548184145e+01
5.407396194143257162e+01
5.387138748084915107e+01
5.737032222091713152e+01
6.183719472646768622e+01
6.922844323321795912e+01
6.788024638987559456e+01
6.168056393141546323e+01
5.527096091549172741e+01
5.888673102803969073e+01
5.341303083688337949e+01
5.517518892139675302e+01
5.758607050597298382e+01
6.220961609254199232e+01
6.048057117891718804e+01
6.128012020092531031e+01
6.483102151042218964e+01
7.054576358712941442e+01
7.222828519593204533e+01
6.583492228525369683e+01
6.055358193248366661e+01
5.683026720251066877e+01
5.764742829509742705e+01
6.046873248081371344e+01
5.611871726454559450e+01
5.195935009908484403e+01
5.035478698190848945e+01
5.050304507077441940e+01
5.427884744982956988e+01
5.744817358226367787e+01
5.424027816935615931e+01
5.522013764572336925e+01
5.773682062388279235e+01
5.891926043383705291e+01
5.714793997406181347e+01
6.424467916525274802e+01
7.065523385797524725e+01
7.065353723548099651e+01
7.033567187768483109e+01
6.436171461220932599e+01
7.133685221214760475e+01
7.588489911696473200e+01
7.752681825899816204e+01
6.989815467444574892e+01
5.876366605271434196e+01
6.016237084659741186e+01
5.896860150251399091e+01
5.901905143268574250e+01
6.217538259646795495e+01
6.426522714186170049e+01
6.170863498692743576e+01
5.965531258664709924e+01
5.347904356205123122e+01
5.078358337306599424e+01
4.975600677717488907e+01
5.050306066193260790e+01
5.004890144294950005e+01
5.007847118938894937e+01
4.882232516271923828e+01
5.301675436435385791e+01
4.840796455462091785e+01
4.798247234104758263e+01
5.031002241284502929e+01
5.113713022569029931e+01
5.170214197915083787e+01
5.169317820382386230e+01
5.505994064777733854e+01
5.012511226058552438e+01
5.044163339337703178e+01
5.178190704292231317e+01
5.192834123161324555e+01
5.862800221276287971e+01
5.925011757883750363e+01
6.006853651011842032e+01
6.176712825389331840e+01
5.866198735370295481e+01
5.838808156963153806e+01
6.112481687132570585e+01
5.882964735956171864e+01
6.062147846313908417e+01
6.520935749634666934e+01
6.386316383807138664e+01
5.669669130831890413e+01
5.222406017269724998e+01
5.004748051095310757e+01
5.190300528120249623e+01
5.296304221820541613e+01
5.117028580145964156e+01
5.041810158209025872e+01
5.429173962128554365e+01
5.487223981027999287e+01
6.264861848332138550e+01
5.980296636449057246e+01
6.827770160203233729e+01
6.862828167853373884e+01
6.901198624446998053e+01
6.526718965743467038e+01
6.468739357695726255e+01
6.108038759545715379e+01
5.120301885211520698e+01
4.852829448717795913e+01
4.962708401301679828e+01
5.000507176424645195e+01
5.104021612941338049e+01
5.160590672121728062e+01
5.439752901997159995e+01
5.139761949293838939e+01
4.852897841459767392e+01
5.003691972539158428e+01
4.948455402654590785e+01
5.546685228702150994e+01
5.623638189624237782e+01
5.515530946312186700e+01
5.375247626345608865e+01
5.360099790464437319e+01
5.227501541704467058e+01
4.990488108006337598e+01
5.125422445355911805e+01
5.458118825658885953e+01
5.833601485236890483e+01
5.913792833400847826e+01
5.693605360228170298e+01
5.773902202414144824e+01
5.679395884916378634e+01
5.894915756185299927e+01
5.750980719135711183e+01
5.994798416685294740e+01
6.231431221205696147e+01
6.376228946450353874e+01
5.865280522620597026e+01
5.502061440838760120e+01
6.069824118775636634e+01
6.287560933195510415e+01
6.022966475093419092e+01
5.609129949621807043e+01
5.057063825435639615e+01
4.830736826378483784e+01
5.645867904052619224e+01
5.499347075588683253e+01
5.373224406696826350e+01
5.261199597522114857e+01
4.884462976437981752e+01
5.338963301307232712e+01
5.351284358142900999e+01
5.323623700508201750e+01
6.056914806170004795e+01
5.953741833222906621e+01
5.616515662315930513e+01
6.310275507016135066e+01
6.343793471459099464e+01
6.240736385163006616e+01
5.880010421177091473e+01
6.315724814378427254e+01
6.072012770050012875e+01
6.124824793076442120e+01
5.964355410419615566e+01
5.610142595212572303e+01
5.285895625906560724e+01
4.942174347261453704e+01
4.899638239295870790e+01
5.620657950498720368e+01
5.676901667290039200e+01
5.135130587369664568e+01
6.169355773869025938e+01
6.068490867968851887e+01
6.082043076799416781e+01
5.961403054707562887e+01
6.267921217718641458e+01
6.528173461592230353e+01
6.837579089517059572e+01
5.507902106155292188e+01
5.609456510029309584e+01
5.772663550373675889e+01
6.425463801344164949e+01
6.165467925323704890e+01
5.446941226169272454e+01
6.381526261712133419e+01
7.238479457094221914e+01
6.659392155180238149e+01
6.258967591358656080e+01
6.174267836115717500e+01
6.380986118592477396e+01
6.410068685534476174e+01
5.716240507068299337e+01
5.963505615654466396e+01
5.830784693262263829e+01
6.279556766290141923e+01
6.615820524770062150e+01
6.661524438322996389e+01
5.630284039506445026e+01
5.270929105188864128e+01
5.289815683148887615e+01
4.651771214556856648e+01
4.716443705554581811e+01
5.243964308678550879e+01
4.989677746850068729e+01
5.051761758267360847e+01
5.568463686803541179e+01
4.782246657537399415e+01
5.026664915766093600e+01
4.901408329126761032e+01
5.085824672778070976e+01
4.609990629171076648e+01
5.164239581045680438e+01
4.928848941678185724e+01
4.632972746068691094e+01
4.417892874116927260e+01
4.508965919508696629e+01
4.441675518523763344e+01
4.786893705074351146e+01
4.464917688638558957e+01
4.506577190084544782e+01
4.695733307403281742e+01
5.314014313384393517e+01
5.459533068331352013e+01
5.420040845469374347e+01
5.457234456652342658e+01
5.164392140427474942e+01
4.817989008261639583e+01
4.289490836016352659e+01
4.425549309026891365e+01
4.474558587984719793e+01
4.820897209496044411e+01
4.957748214629231143e+01
4.482839513768132633e+01
4.456038845347686106e+01
4.367525166799100589e+01
4.326088026053247404e+01
4.352337936283402087e+01
4.355050565516324923e+01
4.381541465664997759e+01
5.450955085304120473e+01
5.746818169785066743e+01
4.928714314116743367e+01
4.470830388521901000e+01
4.684108128009455640e+01
4.416290085271771204e+01
5.203187136983019911e+01
5.189229632540718740e+01
4.986472835454813435e+01
5.015973530778731515e+01
4.648168965392525820e+01
4.687412112352885174e+01
4.640077946882820470e+01
4.952578334122915749e+01
5.031594443713274245e+01
5.135162062900803903e+01
5.153981789798933733e+01
5.356742934492004338e+01
5.550208624843959626e+01
5.048381155459193792e+01
4.830434947668592827e+01
4.589215607345317949e+01
4.918416768437074893e+01
5.717504210768645123e+01
5.795672009471373087e+01
5.629992843490002485e+01
5.662447018042564650e+01
5.394691932108077026e+01
5.338448479154058646e+01
5.264695621212615606e+01
5.176763411661409009e+01
5.491109965735866183e+01
5.886135433266028372e+01
5.319278217992729196e+01
5.258790463331141041e+01
5.304401513848762306e+01
5.636816680027666848e+01
6.020562721131102535e+01
5.968384354157679184e+01
5.846735695410040989e+01
5.748921732868483048e+01
5.839063188459989817e+01
5.948575246343958156e+01
6.350379228064977610e+01
5.896950357660975328e+01
5.533358634313739799e+01
5.442461795223816523e+01
5.709957331683565940e+01
5.779666716287913175e+01
5.436177279172841281e+01
5.702773318849328632e+01
5.627459198917884464e+01
5.803036828796392399e+01
5.702609142323890978e+01
5.327672217011674149e+01
5.204022123151339940e+01
4.994564569807795351e+01
5.490741097995524456e+01
6.214973306420263555e+01
6.115347585990741663e+01
5.890725521484404226e+01
6.209583542599031603e+01
6.140270753553593863e+01
6.050990845625041459e+01
6.305869790250278584e+01
5.902950644896488086e+01
6.443067803903815616e+01
6.241631356421301291e+01
5.494962903279689215e+01
5.627534677317643741e+01
5.609309723639455569e+01
5.641796657232440282e+01
6.018793595890706172e+01
5.772139047774757614e+01
5.456558017582079856e+01
5.779291745536519898e+01
6.222038822156345361e+01
5.901172214307212016e+01
5.802605714996010988e+01
5.711327672151469415e+01
5.359881600123338785e+01
5.025987897717240571e+01
5.901971089606870180e+01
5.980113515689791370e+01
6.362900815849336311e+01
6.235745550774235824e+01
5.867166913622379809e+01
5.929104790335607333e+01
5.110317507140609905e+01
5.010702261745279884e+01
5.607694622705909637e+01
5.449589802125349536e+01
5.617713548993624784e+01
5.457466046353640365e+01
5.294041011601720470e+01
5.481123632197765971e+01
5.672031361695687224e+01
5.188198762388773844e+01
5.280119572928992966e+01
5.403010278036606451e+01
5.726889688697241354e+01
5.926437275414876638e+01
5.923673467306956297e+01
5.809100555258778797e+01
6.025060537454176313e+01
5.791098498391556859e+01
5.689477104169898780e+01
5.623016240627015350e+01
5.135792314648873003e+01
4.990947582387019565e+01
5.095020938714529279e+01
5.818589266575943952e+01
5.822438199816572535e+01
5.377173464494674704e+01
4.955074191963316821e+01
5.358342329898394496e+01
5.610020420598991109e+01
5.454004078943539469e+01
5.937414368308148482e+01
5.536955080102293891e+01
5.520645975092735114e+01
5.717808859759861662e+01
6.359189744030813074e+01
6.266029186358990444e+01
6.086211142848405586e+01
6.032522259856411040e+01
6.179689801355236511e+01
5.873844093489610430e+01
6.065903668563015572e+01
5.983484925914248720e+01
6.138253639885186885e+01
6.010946929944564943e+01
5.909083180275779057e+01
5.845362659062601551e+01
5.532578110482913303e+01
5.651743616778554724e+01
6.022834640616095214e+01
5.657808904516372195e+01
6.272960988918912051e+01
6.447530311776783662e+01
6.149762584217313588e+01
6.320860306610353518e+01
6.645954228319629919e+01
6.426908181878334858e+01
6.129498614425691017e+01
5.993973297199256933e+01
5.877259639344508457e+01
6.080953138709540440e+01
5.929418010314168441e+01
6.815828274931195097e+01
6.693506679453295760e+01
6.702939864752951848e+01
6.730411226585735562e+01
6.022754721294985814e+01
6.468745495809007195e+01
6.339230269169074461e+01
6.469001116523421047e+01
6.825986393793583318e+01
7.585119523629951743e+01
7.374067766708864724e+01
6.577556513281592743e+01
6.526993175583011464e+01
6.431956435494704749e+01
6.902375653574337377e+01
6.568756828868031050e+01
6.036955135014119378e+01
6.194765816956896742e+01
5.904587969595326058e+01
5.702518434941441683e+01
5.412950631739118990e+01
5.070443420353774400e+01
4.828348165768724698e+01
4.967869978666249153e+01
5.820082841781224658e+01
5.982113518342534064e+01
5.969022078535165576e+01
5.463136170906848577e+01
5.944183181339526811e+01
6.244694967017979081e+01
4.866033476929675317e+01
4.420668276135936026e+01
4.557348610870081984e+01
3.946088712086049100e+01
4.022061106519717555e+01
4.684358154111495764e+01
5.316776496382196626e+01
5.105066489753650671e+01
5.240898943168477331e+01
5.285216092329498849e+01
5.293226791612923421e+01
5.876047909655056856e+01
5.467987227478251100e+01
5.564622622533663332e+01
4.968514150054130596e+01
5.069080309011587815e+01
4.992616120002912794e+01
5.027827590438974426e+01
4.741102766881897423e+01
4.961675734819010586e+01
5.444785678743605217e+01
5.868259592822076343e+01
5.842200735447511306e+01
5.824825910050799394e+01
6.287662088066961985e+01
6.123897808169131451e+01
6.206252647681824897e+01
6.207548774075334563e+01
5.910759632708365530e+01
5.876799374049571156e+01
6.004482552728421751e+01
6.148023877567058548e+01
6.146009157663921485e+01
5.874916810200986106e+01
6.159370654387565480e+01
6.250500896101119963e+01
5.693510905113761567e+01
5.579866846337161235e+01
6.190019889478088544e+01
6.877438315007699998e+01
6.451761709576494752e+01
6.993597329807961671e+01
6.143881507782849383e+01
6.148614475981973726e+01
6.330148174132372674e+01
5.829789886556172007e+01
5.556295620875928876e+01
6.011164609028327277e+01
5.917890282063676466e+01
5.434079194757718767e+01
5.454977906031483315e+01
5.985562125232686981e+01
5.524834631887314629e+01
5.144126945401967532e+01
5.008771549697036107e+01
5.269038083992198551e+01
4.973191408588093054e+01
4.848500105465217302e+01
5.465523997215174745e+01
5.618819200259468971e+01
5.939895145666757514e+01
6.100322478819099103e+01
6.396409030183082223e+01
6.311087109290902220e+01
6.476246069616067302e+01
6.526246804294365234e+01
6.280185100548889920e+01
6.048866816148600378e+01
5.866980797263869363e+01
6.083560659424308881e+01
6.615626445298261160e+01
6.872770472899486549e+01
6.929618051033146742e+01
6.088376691582027433e+01
5.876949911622097034e+01
5.745357939196837549e+01
5.570924069108698973e+01
5.455494822896508822e+01
4.992409237994854720e+01
5.179080709379672953e+01
5.420840009604593490e+01
5.942366552604896413e+01
5.851549313652817830e+01
6.283121935417582904e+01
6.750098306495534928e+01
6.856178745641759065e+01
6.872278794436650173e+01
6.776806920633809739e+01
6.703504410365231081e+01
6.396343557556535586e+01
6.496275608389326806e+01
6.453684163321136680e+01
6.660032627077269751e+01
6.728804928373735095e+01
6.426769553858977702e+01
5.818229905813171854e+01
5.983777450110058282e+01
6.500531865183019420e+01
7.045247427540704166e+01
7.302781671657561446e+01
7.061860774990149991e+01
6.606612910880305378e+01
5.997959870161240303e+01
6.449819525983367896e+01
6.458204786184678881e+01
6.860651447562365490e+01
6.478731964904505958e+01
6.935097022330135985e+01
6.172682461633962703e+01
6.001641743565022580e+01
5.644079022432126180e+01
5.359365205312840885e+01
5.924355492812421176e+01
6.451908555651056076e+01
6.620810868478896793e+01
6.512771306285202400e+01
6.125042306856776975e+01
6.468960520241468259e+01
7.486194241812052041e+01
6.937938210095245495e+01
6.458150535052112673e+01
6.301019924990083609e+01
5.997998058003898336e+01
6.471314843065937339e+01
6.239063655067691627e+01
6.196147985588379470e+01
7.053482143845262442e+01
6.478574926317517679e+01
6.284549388883127108e+01
6.077360807260272679e+01
6.228214867524243914e+01
6.134116376173858498e+01
5.919905970868009604e+01
6.071562107322532142e+01
5.781412616256343995e+01
5.697284715993615123e+01
6.009005229822372485e+01
6.056565073784817343e+01
6.086097623736614537e+01
6.068299028915774329e+01
6.420885752608621999e+01
6.571555611584751944e+01
6.666958886604466272e+01
6.241567135471575511e+01
6.091794385444541149e+01
6.319800637550950739e+01
6.158718908780426204e+01
6.313145143804352699e+01
6.319921178233019532e+01
6.905784138841971753e+01
6.338077937042164933e+01
6.018847916858928215e+01
6.056465781230464529e+01
6.331324169257189283e+01
5.984769287920536840e+01
6.137424591008559105e+01
6.366040737857680654e+01
6.358055245698113822e+01
6.101326825580345314e+01
6.410540081251839695e+01
6.591249027378960079e+01
5.670372579044190786e+01
5.811008348153501402e+01
5.874643573919732376e+01
5.401379616994022115e+01
5.724354631474720634e+01
6.069950545617237481e+01
5.806720242782171226e+01
5.552600825466988965e+01
6.059370863615964709e+01
5.690002256078371090e+01
5.609659144609345560e+01
5.820545936945836729e+01
6.354732697842793243e+01
6.396401301967675579e+01
6.477143009327940604e+01
6.754517845317224101e+01
6.356119122249585018e+01
6.200472268068934056e+01
6.345093666802995358e+01
6.221491583541332204e+01
5.974142159003706354e+01
5.564073604252389771e+01
5.440341286190994197e+01
5.798006522218004477e+01
5.881373347143978947e+01
5.732081544150415198e+01
6.213746455251924772e+01
5.802776772142820505e+01
6.082201823480042435e+01
5.799066412096047429e+01
5.647658038979027140e+01
6.391300070370321862e+01
5.821663827468579200e+01
5.254934025996765001e+01
5.491013529183810249e+01
5.486046981764006603e+01
5.187833794752944527e+01
5.394849548364916814e+01
5.735278243188750480e+01
6.086547224067690820e+01
6.011255476781160212e+01
6.572527202218023490e+01
6.820436979710085268e+01
6.458050543431981794e+01
6.845360923392813390e+01
6.329921255856869777e+01
6.550744140685262096e+01
6.772027925218642963e+01
6.609526366509493300e+01
6.188162988735780345e+01
5.552655545925713909e+01
5.554373246023425281e+01
5.265526223571281150e+01
5.564368309159260662e+01
5.088956793036902582e+01
5.506821603071189486e+01
5.657526573117499424e+01
5.234224352143880310e+01
5.551978311862923476e+01
5.961356847087236588e+01
6.329795565343384567e+01
5.998235847267130794e+01
6.145729959682977039e+01
7.589710339514458326e+01
7.650271022298800006e+01
7.455412743140053067e+01
6.468878787363382799e+01
5.784971323951232591e+01
6.118103836416925390e+01
6.391037388914959649e+01
6.205508021230181726e+01
6.261965489394619055e+01
6.272929301069750352e+01
6.952331248832874167e+01
6.286192079406785638e+01
7.027094759659776457e+01
6.949957186939374765e+01
6.830178622150643264e+01
6.192854994323219842e+01
6.641090108160432237e+01
6.627661309609966622e+01
6.132794291294682409e+01
6.533816840189136599e+01
6.350043930451589347e+01
6.055519253119750545e+01
6.277778435983574923e+01
6.033936213204414400e+01
6.452678726496061756e+01
5.633966545530905989e+01
5.144711995502643731e+01
5.191999432639403267e+01
4.953760954298431329e+01
4.799377160785635965e+01
5.244605708818518508e+01
5.460563112666616803e+01
5.431609608454503757e+01
5.061961794546945725e+01
5.034234409304576729e+01
5.433692076599915310e+01
6.266843528044776690e+01
6.183753605281860644e+01
6.041968847988799496e+01
5.566151209453407489e+01
5.291854320271609424e+01
5.823874476778441078e+01
5.687499086125805547e+01
5.859352318388214087e+01
6.261303558408013714e+01
5.779611997198406925e+01
5.160888064231184558e+01
5.656105222829042134e+01
4.973100144060424554e+01
4.559743287480503682e+01
4.351396360133588814e+01
4.960901983462773046e+01
5.226563171596714596e+01
4.983540878078403580e+01
5.040806854778810475e+01
5.059567811150571970e+01
5.496626045691488116e+01
5.636993807455120020e+01
5.365690590566113372e+01
4.811811671985478256e+01
4.483831813411347866e+01
4.494262373504469110e+01
4.582162132419895784e+01
4.543162492977731404e+01
4.534915491615905125e+01
4.145227448974802087e+01
4.034191026824746018e+01
4.102993083599710644e+01
4.114512804883617036e+01
4.208868317761366029e+01
4.344460651478908630e+01
4.765697658484037902e+01
4.516570363915775488e+01
4.644612387037008716e+01
4.588711688427255808e+01
4.657819450796216643e+01
5.170579715403417254e+01
5.233005303917849460e+01
4.489694066161723640e+01
4.439274551786456868e+01
4.646251775287686314e+01
4.811447430233394584e+01
4.502658613823814449e+01
4.670627145725671880e+01
4.718192576149232309e+01
4.312833476690778411e+01
4.466813648072422893e+01
5.066942709053105887e+01
4.947326840138424586e+01
5.440110917470522622e+01
4.971743059438000500e+01
4.462406934660000957e+01
4.538317929589149458e+01
4.596130619697939323e+01
4.579849491894825064e+01
4.852942394740756527e+01
5.238883379756327940e+01
5.599459372684511038e+01
5.475138913411271346e+01
5.294019578085939770e+01
5.282324309026950004e+01
5.447410228796337606e+01
5.736026689991453509e+01
6.081668579845830891e+01
5.867132916445486046e+01
5.912821870217203468e+01
5.565134685832354933e+01
5.266331672681988607e+01
5.398540850564231164e+01
5.039524435255407298e+01
4.678765039776158119e+01
4.757886937504162006e+01
5.056901475561272719e+01
5.265205155409651638e+01
5.082538274140151202e+01
4.663088341103801326e+01
5.036759074128050884e+01
5.361633272199802036e+01
5.043786932438936788e+01
5.227442906662601274e+01
5.288408453539878451e+01
4.714855295353527254e+01
5.282171242804477629e+01
5.609537871436330647e+01
5.934252879354963284e+01
5.524988120571450168e+01
5.513547333050664179e+01
5.175091800210279303e+01
5.140144834990798017e+01
5.326898922011612569e+01
4.762577983293263628e+01
5.389164044666212305e+01
5.180242973567675335e+01
4.683549771241982285e+01
4.353809220969023386e+01
4.225979318204386459e+01
4.229519844502979709e+01
4.866767223470665726e+01
4.636103160559159164e+01
4.703025332922970847e+01
4.439372192759606151e+01
4.454549225560137415e+01
4.521746774429652760e+01
4.713814270043292254e+01
4.599420558629489619e+01
4.798446541818154287e+01
4.751148336950438988e+01
4.036482928944371906e+01
4.207994866576569848e+01
4.404189214665794339e+01
4.795318242118580088e+01
4.749203750474327990e+01
4.492630031276371483e+01
4.185633767271181682e+01
4.274055738671356153e+01
4.365473664835985801e+01
4.195597625792237295e+01
4.356952905150819788e+01
4.740244630842622087e+01
5.033295281547529498e+01
4.997205506338912073e+01
4.498263616797623854e+01
4.133963414592722074e+01
4.679645551235873313e+01
4.877652077109900119e+01
4.866170145763581445e+01
4.346312694453902736e+01
4.686334938755553026e+01
5.376608160537900005e+01
5.110763627030820544e+01
5.041556119135753988e+01
4.532303034351039628e+01
4.496855233083738312e+01
4.504011175384562193e+01
4.303844873717528685e+01
4.580958969539042869e+01
4.693159439096208985e+01
4.232149838621330673e+01
4.313265905919757870e+01
4.556868520561602054e+01
4.317815852815289190e+01
4.348894856462931102e+01
4.208857215105027194e+01
4.570536345906663200e+01
4.540236750492155693e+01
4.901301174928889282e+01
4.726949432145946162e+01
4.733617106671727015e+01
4.858558602682711580e+01
4.728425196362695715e+01
4.697178638106927906e+01
4.283169864490227496e+01
4.498499859581099258e+01
4.085033461848155412e+01
4.348808767637095229e+01
4.559424391871348803e+01
5.268100449215316416e+01
5.471412031251465180e+01
4.609262315508934194e+01
4.919418291349865058e+01
4.914742113209754848e+01
4.770370065724253550e+01
4.672933761717973766e+01
5.076909314936145279e+01
5.304885599195776535e+01
5.432852416465028966e+01
5.769932433967932184e+01
5.923096433086216450e+01
5.463428236323969145e+01
5.180909363291652880e+01
5.057721616220888450e+01
4.954162297635787127e+01
4.665689249606373323e+01
4.775522551701280349e+01
4.768027627967069293e+01
4.933616250505247081e+01
4.701100655096277592e+01
4.741084175402133383e+01
4.576339954087990236e+01
5.092380231317946482e+01
5.007010520631874329e+01
5.061374660869537934e+01
5.366949277066061086e+01
4.947495247526074991e+01
4.249833596451955486e+01
4.627788433571171822e+01
4.321352429361095915e+01
4.865642557229520548e+01
5.156450777569926913e+01
5.573713892798224379e+01
4.987468427392335002e+01
4.937576606777648180e+01
5.228577215948051560e+01
5.518135595212216060e+01
5.649909901305764492e+01
5.632659903314964822e+01
5.143040458725280928e+01
5.355663736937187025e+01
5.961386298465050970e+01
6.022083691565097752e+01
5.873021367627372058e+01
5.602413651924139515e+01
5.214552165987493026e+01
5.747992713336658710e+01
5.458119965228860337e+01
5.366471851795228076e+01
5.373021270564767349e+01
5.743310817677819102e+01
5.493334507375699616e+01
6.006514372411605507e+01
5.702728916330013931e+01
5.679042498193277311e+01
5.596070747576126792e+01
5.636207563760439143e+01
5.220251402294093168e+01
4.895672719392953809e+01
4.972663118146567740e+01
5.511050230729642863e+01
5.308718783486428094e+01
5.462337511818498115e+01
5.953149250395189540e+01
5.533424300941956631e+01
5.381183787220399495e+01
5.505346471965137312e+01
5.122165905650382456e+01
5.304591452671029117e+01
5.012815299794365842e+01
4.871350281489208101e+01
4.573860004694392956e+01
4.365277393494005764e+01
4.588670158935488530e+01
4.545387337466624444e+01
5.189034679386256244e+01
5.422078190629531491e+01
5.674726891532149864e+01
6.003379286916592150e+01
6.369859563121947588e+01
6.327642135313887195e+01
6.029448398787377528e+01
5.839831912772601186e+01
5.709825421668399770e+01
5.474721470259169109e+01
5.318499348771818802e+01
5.268229787327767610e+01
5.487102295646130301e+01
5.550268832549346598e+01
5.657324611145870108e+01
5.688350731296823426e+01
6.144690440500154693e+01
5.621864040881631297e+01
5.331424138277489533e+01
5.283502930656723606e+01
5.751046525780132868e+01
5.263610444284277889e+01
5.216613351718929437e+01
5.321991151865584868e+01
5.769452803725782530e+01
5.661371171340999808e+01
5.377447822697187974e+01
5.031287459141282170e+01
5.622051458330226126e+01
5.525841278771551401e+01
5.688124277088327574e+01
5.711850272413025209e+01
5.835448834943291274e+01
6.360129398573380399e+01
6.130810439570470294e+01
6.282823818764792634e+01
5.933002306648562296e+01
5.658505915212781190e+01
5.523051166384477995e+01
5.468171287392686963e+01
5.633177732235105850e+01
5.395293589790044564e+01
5.854025275126775796e+01
5.845025202785474505e+01
6.275779561751107849e+01
5.945994630521326485e+01
6.538898582033375817e+01
6.679796456961723550e+01
5.732148894088378199e+01
5.604590457538620285e+01
5.426327815737482752e+01
5.859843138580529853e+01
5.912121303208610357e+01
5.411449434604003272e+01
5.282538738710111659e+01
5.573991534246883361e+01
5.973475467353290469e+01
6.232687748820396223e+01
6.353618198589742860e+01
6.507451418304331980e+01
6.548614887288320574e+01
6.403983726350573136e+01
6.865308536277507301e+01
6.453750104254156383e+01
6.771507954648514271e+01
6.865245103848194219e+01
6.902257862564724178e+01
6.778761952284057202e+01
6.317490555300176425e+01
5.971834541992053857e+01
6.431668392194335127e+01
6.550282091974236209e+01
6.634804786658982323e+01
6.555724541695913388e+01
5.617230187838542577e+01
5.908168067762660769e+01
5.831700308888507323e+01
5.678574132473207214e+01
5.906255816687075821e+01
6.135961657933626157e+01
6.314967513279442812e+01
5.962895194087766981e+01
6.035716397279088596e+01
6.361301372689133871e+01
6.256580352198852779e+01
5.575884652334949010e+01
5.687751699513553660e+01
5.909214264276451445e+01
6.067409872658933523e+01
5.965974972391633457e+01
5.600850297392798893e+01
5.332246727646912632e+01
