1.733852095786461689e+02
1.759064283180799748e+02
1.712567278227648160e+02
1.767063280405515968e+02
1.747550874806438514e+02
1.736219317809911331e+02
1.730772224121044474e+02
1.704347897014741591e+02
1.663225322387047243e+02
1.559942480738056076e+02
1.531912827250270368e+02
1.511109553806294059e+02
1.465066242095980726e+02
1.482277873496330471e+02
1.502661324089999653e+02
1.479519195874575530e+02
1.458125681419928128e+02
1.414346545023758210e+02
1.385148331508309525e+02
1.372161999189485186e+02
1.333428758161530254e+02
1.310077522244417025e+02
1.334971288142165804e+02
1.363952596706423606e+02
1.385507182060044897e+02
1.336965076220492961e+02
1.280346691691738954e+02
1.263092443001016392e+02
1.290391906363295504e+02
1.303071693051458055e+02
1.350705417366538086e+02
1.435675151739411888e+02
1.369570420433105369e+02
1.359253578513229570e+02
1.335790699842010270e+02
1.379400957110375998e+02
1.441164202787736883e+02
1.403848522469222360e+02
1.446241656750999880e+02
1.332953904558235081e+02
1.274050025101555974e+02
1.232585978859477507e+02
1.186320795623377933e+02
1.198304581812368923e+02
1.239991241626655949e+02
1.230739717179750130e+02
1.210306772171082628e+02
1.218106216115355664e+02
1.228064283136118746e+02
1.258621848364638112e+02
1.236213971819454400e+02
1.220262068096255632e+02
1.198760564349312858e+02
1.151589653175668815e+02
1.162385815354161593e+02
1.212430881953267487e+02
1.231916018757053450e+02
1.176354817330104794e+02
1.156970549599115827e+02
1.157846006451950842e+02
1.137505923828886267e+02
1.146723632876832824e+02
1.150335233843958207e+02
1.136182015989606526e+02
1.121543368046593230e+02
1.143422060972872174e+02
1.173847355482113386e+02
1.190065314719411305e+02
1.194789903932651498e+02
1.209101838717627118e+02
1.240183366104662639e+02
1.196687593363540003e+02
1.212727061232131831e+02
1.234681213660630448e+02
1.201277391663431047e+02
1.223242428874333285e+02
1.235761438666846459e+02
1.225935484252871959e+02
1.199397965995874387e+02
1.187898922399211159e+02
1.224583222498253434e+02
1.191757255626361314e+02
1.149766740604775066e+02
1.143102157733344910e+02
1.145691852046392825e+02
1.146587866442572476e+02
1.126137073263210056e+02
1.107403512015824276e+02
1.006528707296685496e+02
1.021326622405469351e+02
1.025739462660706920e+02
1.035100575983877462e+02
1.043121824163444131e+02
1.063321906395681538e+02
1.063183433079305331e+02
1.034539744725785937e+02
1.052152132707464460e+02
1.048525350109431997e+02
1.024046056755733787e+02
1.038871246680973996e+02
1.018258092343472896e+02
1.036843410316205052e+02
9.788276979118109011e+01
1.072807790293887535e+02
1.096893527844994622e+02
1.084855928522436415e+02
1.118570139655774938e+02
1.118409963942460053e+02
1.133108045405615059e+02
1.144796210380108050e+02
1.135321599865381330e+02
1.119299665041667282e+02
1.050682738421748894e+02
1.053878522928898605e+02
1.074964144368550620e+02
1.074019964438629557e+02
1.088700879389903662e+02
1.071366697366867413e+02
1.064875699798529496e+02
1.070734147452312612e+02
1.076418859526968532e+02
1.049840748743478827e+02
1.107503708507682774e+02
1.075082091922234611e+02
1.029904201152478862e+02
1.046509660324940683e+02
9.682217694813415676e+01
9.580338809963475910e+01
9.111521454953971499e+01
8.623573743090400967e+01
9.045287126351060181e+01
7.845367513297394169e+01
8.295878001729651885e+01
8.384690342699140331e+01
8.450678089774740442e+01
8.492957263620547792e+01
8.863047691829612518e+01
8.982608340539140102e+01
9.279764173673422079e+01
9.430578883974871474e+01
9.496393740813273610e+01
9.723757638793517799e+01
9.634275396220205323e+01
9.292002175225401572e+01
9.480142961522642508e+01
9.213783459248611507e+01
9.667361637377190675e+01
8.982191422176832418e+01
9.037138367183759158e+01
9.179042172824193813e+01
9.401229207716545488e+01
9.960181882776181794e+01
1.024529952100222800e+02
1.028986513727521555e+02
9.735055125236560514e+01
9.709170868549171018e+01
8.959400872630227752e+01
9.147785690420774074e+01
9.849628648414805809e+01
9.665664063140749818e+01
9.159375386566688348e+01
9.137062119527006132e+01
9.162597307414658587e+01
9.233373544692933876e+01
9.822439989984879105e+01
9.381449900871456293e+01
9.749417418167473670e+01
9.252377428197551978e+01
9.084923968372510217e+01
9.344082065655143765e+01
9.140918727168083535e+01
8.749705161121495678e+01
8.731271474548707090e+01
8.131045103060175450e+01
7.637013427550117228e+01
8.278931327699120857e+01
7.869466297079033268e+01
8.026363693284730516e+01
8.151312185378581887e+01
8.490544600245141282e+01
7.852507035912655908e+01
7.921113843929931875e+01
7.815420081795359408e+01
7.688463409711812346e+01
7.552636075456545939e+01
7.208537628002358133e+01
7.273818950033472674e+01
6.897070912453033031e+01
7.173793302114475523e+01
7.068063353545646521e+01
7.103272887250892609e+01
7.237905642685213081e+01
7.249650375858720963e+01
7.594701936404520382e+01
8.007469903161127434e+01
8.109251784435001298e+01
8.573529246521495395e+01
8.725926909630241823e+01
8.709772929573809108e+01
8.665681561279450307e+01
8.817780851836511147e+01
8.856801798761161137e+01
9.098140993813525768e+01
9.367731333174201325e+01
9.135018146146229867e+01
9.665559636640833219e+01
9.924311812295982804e+01
9.250018366000465164e+01
9.641733072936098381e+01
9.729590640486091502e+01
9.449901334140731990e+01
9.442718034093131507e+01
9.509173968999319015e+01
9.198757630623451576e+01
9.349301415671958182e+01
9.373776213145609404e+01
9.366142910249790532e+01
9.448064338396939377e+01
9.510116624172054856e+01
9.484022776205202376e+01
9.308089728558903175e+01
9.272364760037953602e+01
9.272490249834490328e+01
9.085030314549227626e+01
9.287497347748012544e+01
8.982222504766984628e+01
9.380660586748983576e+01
9.203920933367614055e+01
9.199458686780266703e+01
9.352072911797814925e+01
9.474849159639157392e+01
9.441462672512081156e+01
9.761874160002018641e+01
9.436893054430967709e+01
9.437323233796301736e+01
9.089219782674000214e+01
9.415165521807419680e+01
9.539555227028304785e+01
9.006435633957102027e+01
8.825145816067173143e+01
8.777255983004538109e+01
8.446578045639810739e+01
8.842699311098704129e+01
8.617118212236579211e+01
8.586443572435453575e+01
7.923261447917400346e+01
7.991509669969639162e+01
7.644495683621801163e+01
7.472395401103315749e+01
7.727230721782669320e+01
7.993098220316461777e+01
7.617167284306458441e+01
7.345308926442112352e+01
7.240972545150101780e+01
7.342845710060277042e+01
7.610641671959973564e+01
7.447361494850468944e+01
6.898395480004028002e+01
7.207090634941110352e+01
7.492982188379551189e+01
7.312674764852535247e+01
7.480214404513505144e+01
7.283257473237441104e+01
7.385176095422397680e+01
7.310825034861701965e+01
7.505137402013501458e+01
7.313770496324679016e+01
7.478406476455121776e+01
7.281299861162945319e+01
7.159388259559354140e+01
7.740158498155700784e+01
7.988568832884507742e+01
8.108154453921868310e+01
7.921820389145693753e+01
8.436500073783808773e+01
8.586414296427213344e+01
7.896114935821579195e+01
7.243771483600711747e+01
6.869004004895454329e+01
6.645329050172874474e+01
6.640412526632559320e+01
6.493093281434074981e+01
7.123923185323126006e+01
6.984291151654041130e+01
7.110011502795430260e+01
7.201938467946865785e+01
6.804482110819569129e+01
6.916240921325390900e+01
6.945244330002424249e+01
7.206431361279402381e+01
7.325135087778728860e+01
6.992617722338458464e+01
6.740945612915383833e+01
7.509485658148737741e+01
7.497181486206829959e+01
7.173471779373440427e+01
7.485640431700937825e+01
7.872761604626035137e+01
7.848214089141113448e+01
7.935843301304994668e+01
8.035934146203867101e+01
7.740603059495870752e+01
7.524617779309795651e+01
7.710681963660074700e+01
7.754913438971831852e+01
7.785000166296772761e+01
7.662858606057871214e+01
7.779002673894542852e+01
7.892135446391027642e+01
7.758492600644625270e+01
7.515319638294046456e+01
7.777670765121007435e+01
7.421779368030026092e+01
7.400555550519551673e+01
7.262547993170110772e+01
7.386022764987639277e+01
7.025620236460081003e+01
7.302310511097110179e+01
7.496677363901764579e+01
7.802993225057315385e+01
7.889751053349273491e+01
7.560624558476160928e+01
7.739391299752482212e+01
8.034186360123698023e+01
8.179313649826276844e+01
8.278245732679239666e+01
8.414995891579880549e+01
8.341484129647261625e+01
8.788134139170777814e+01
8.787348673474591010e+01
9.284673327539471188e+01
9.234811953017016606e+01
9.341305248972373931e+01
9.324092379343890968e+01
9.404397004863243126e+01
9.179316998684106466e+01
9.082515039815700675e+01
8.987652219218097116e+01
8.734957942511950080e+01
7.982643983751185601e+01
7.823400400037306213e+01
7.544207977931337439e+01
7.170535943981374771e+01
7.060419840524785684e+01
7.225139131620363742e+01
6.508486064538696780e+01
6.323613683201786273e+01
6.652434109961328090e+01
6.480974325064003949e+01
6.830528781287613072e+01
6.189384139797869011e+01
5.996949887799032552e+01
5.776735571535017755e+01
6.050707553930738669e+01
6.191055634001783403e+01
5.915810264069440905e+01
6.108115447737495884e+01
6.135120099353987655e+01
6.382997031118454601e+01
6.602368385212928104e+01
6.270935333734853856e+01
6.269093248322321443e+01
6.280670115282568844e+01
6.852972937363999506e+01
6.882417153850940394e+01
6.556783926655401729e+01
6.038860800143203988e+01
6.325253868600501761e+01
7.030842198187562531e+01
6.244414060481276607e+01
6.429660984021150227e+01
6.358662185294164004e+01
6.566771077871420914e+01
6.291370557884087589e+01
5.964380927864903725e+01
5.695375963241851736e+01
6.468773776978437695e+01
6.384785849076406805e+01
6.501216218340822195e+01
6.277320810468709311e+01
6.090990896789011089e+01
6.211447543887970113e+01
6.337692352732091194e+01
6.460433010854423230e+01
6.763019727479917265e+01
6.855896367619986620e+01
6.857302922763929587e+01
6.706281128051945473e+01
6.966214487131716737e+01
6.623137465119228295e+01
6.906198983573207784e+01
7.167825247269166766e+01
6.648494750105803064e+01
7.082718432548908538e+01
6.570171450350063935e+01
6.783522649141670513e+01
6.948783715802632344e+01
7.105928289437399314e+01
7.068448812251421032e+01
7.273316777836517133e+01
7.410603682747502319e+01
7.044116933567359240e+01
6.518034786528203028e+01
6.788787437072329567e+01
7.240847945254672879e+01
7.301128463282549319e+01
6.998700444101052653e+01
6.549867948713314547e+01
6.854635562452220654e+01
7.066182864017014253e+01
7.454757707728032301e+01
7.611039812940430238e+01
7.590796507887387179e+01
7.062064968934886622e+01
7.257022405068930482e+01
7.455223724792938356e+01
7.261670412448592060e+01
7.668474756140145132e+01
7.636959439765102786e+01
7.859468743948590941e+01
8.693081427552974105e+01
8.357430236535984136e+01
8.373143392329387780e+01
8.297518151397450481e+01
8.287274390622330600e+01
7.881797168765598371e+01
7.733964514155420034e+01
7.698409378081605325e+01
7.229426370577911598e+01
7.000076775850072863e+01
7.067355582955043758e+01
7.035867792266166987e+01
7.255539079708407257e+01
7.032503098325086910e+01
7.096291416565347276e+01
7.464516826595408361e+01
8.009907799046955290e+01
7.812161479548703369e+01
7.911316072604591909e+01
7.815066179740723840e+01
7.964736462549250007e+01
7.771102147944641558e+01
7.219147746856106096e+01
7.028293865028615528e+01
7.028780636270001025e+01
7.236803943042210108e+01
7.258250558310221834e+01
6.856480611367700817e+01
6.918016642068896260e+01
7.238415130658130181e+01
6.944928235353343382e+01
6.924995705536177582e+01
7.058240028406564193e+01
7.160341082586703010e+01
7.072032013790656890e+01
6.915149555936466186e+01
6.936842054801215340e+01
6.824089905485077168e+01
6.606569917097382927e+01
5.956933801501511994e+01
6.038587958769467434e+01
6.562363959680827463e+01
6.529801046183673918e+01
6.446240944049999655e+01
6.769425819546667356e+01
6.913321270813254671e+01
6.668534437951858251e+01
6.847279603200179565e+01
7.215710327277277258e+01
6.951833257492619111e+01
6.879893141286999025e+01
7.074747795640286085e+01
7.247271681388185982e+01
7.483942227524244117e+01
6.966979259776437061e+01
6.450975567164226732e+01
6.642272545987354704e+01
6.900173304735025681e+01
7.293471764193368756e+01
7.469172117912260944e+01
8.103500200167974299e+01
7.542076038068769606e+01
7.244608439752380491e+01
7.313136971761502991e+01
7.166332828054831339e+01
7.149198279780922860e+01
7.243741132665748239e+01
7.137247843316002616e+01
7.069047716086387823e+01
7.022688020044601842e+01
6.859484399825217338e+01
6.680476531670778684e+01
7.298034169933552562e+01
7.732717647062987965e+01
7.809983124211517236e+01
8.286880716306372108e+01
8.716227328627660143e+01
8.462240171360824093e+01
7.974885862948097781e+01
7.878696020123476274e+01
7.294657113126304182e+01
7.041381566020123728e+01
6.706429179996740686e+01
6.874091497588574384e+01
6.785319696625192876e+01
7.302151797777067088e+01
7.134654366620301857e+01
7.819586809965849739e+01
7.532171080641123240e+01
7.474997240565255652e+01
7.771171267928424697e+01
7.185413646071327776e+01
7.163758585127088452e+01
7.532392492347784696e+01
7.149920161873208713e+01
7.384315164919004815e+01
7.343035926142550807e+01
7.432085058509792930e+01
7.595228162285783924e+01
7.358950323154593320e+01
7.093748818679443957e+01
7.028168221393201520e+01
6.585658734723075725e+01
6.975785242648325379e+01
7.229639960310552738e+01
6.976895630028447215e+01
7.052965808129088998e+01
6.608434782135850583e+01
7.192061925920812371e+01
7.621167106458561591e+01
8.034863528362404850e+01
7.924902632622172405e+01
7.849262962076960548e+01
7.970797696362573959e+01
7.865978910876404484e+01
7.487269952476120238e+01
7.513352044500675220e+01
7.175942416051002226e+01
6.773291762397171567e+01
7.703743920713418447e+01
8.002379222426149852e+01
7.663427764533444986e+01
7.210633217698159569e+01
7.572840459912980293e+01
7.792091070385536966e+01
7.585961998387830363e+01
7.125257274172487598e+01
7.918625827264888528e+01
7.734095144564817303e+01
7.751383111734254783e+01
7.631469036175246856e+01
7.404061342773000831e+01
7.095652722027193704e+01
7.248685223591233751e+01
7.213620589099491553e+01
7.355092948965575772e+01
7.742151046404178771e+01
7.996998097939282957e+01
7.653046837684536285e+01
7.595541765972510007e+01
7.378242478184307629e+01
8.197469340690985007e+01
7.960913319132629340e+01
8.134709962541538175e+01
7.982748288656681268e+01
7.638590785541245509e+01
7.526169306054389097e+01
8.105538727694295176e+01
7.955889004251444874e+01
7.950068006455214231e+01
8.006477904145901903e+01
8.069554880230644756e+01
8.118777377146099639e+01
8.066737373122843735e+01
7.907311359844875653e+01
8.351220106918692920e+01
7.613954108464069748e+01
7.449193925702950025e+01
7.246712435274770314e+01
7.232660284785936256e+01
7.199224070088357053e+01
7.289885565640804543e+01
7.363508291732590294e+01
7.312992030806569232e+01
7.447837215463314919e+01
7.313935469629086583e+01
7.789210008124052820e+01
7.490184673029382623e+01
7.749975303483739708e+01
7.460703404432929631e+01
7.727613577311213078e+01
7.430146426691736394e+01
7.515497899267937498e+01
6.807924575732674555e+01
6.535270171814035223e+01
6.763435395861849031e+01
6.638987974165171124e+01
6.614068673320441860e+01
6.745358632733402260e+01
6.898798402971036126e+01
6.449867534601121122e+01
6.490060789756049076e+01
6.324466819096814163e+01
5.823156722333944657e+01
6.183626455460179017e+01
5.547087351825415169e+01
5.385941658352265193e+01
5.193320772779318872e+01
5.221856657920501021e+01
5.406648649269033058e+01
5.508105058041097379e+01
5.269451168647466233e+01
5.280633239673121437e+01
5.347030840291846943e+01
5.463042262359615364e+01
5.480231677960516379e+01
5.206666226617798543e+01
5.295031000301219848e+01
5.678665638198875598e+01
5.929690731548978988e+01
5.821776060807214748e+01
5.812657837180124432e+01
5.722795100773938515e+01
5.505305869358170412e+01
6.036913900082507922e+01
5.922943343768758240e+01
5.416670729847547960e+01
5.407896491998288013e+01
5.446647015967155880e+01
5.633452877029756678e+01
5.062027141878228775e+01
5.043896421527524865e+01
5.656457177576537276e+01
4.937914689016051994e+01
5.090086932671184883e+01
5.624275069856791731e+01
5.310847279964116296e+01
5.148030478799856979e+01
5.271285343178914928e+01
5.174552336830333132e+01
5.329351574567631644e+01
5.226329732989216836e+01
5.042483118353387539e+01
4.926838448059172748e+01
4.937390398116961876e+01
5.116968035748842425e+01
4.917371568924037462e+01
5.289770190455914189e+01
4.735330087564553736e+01
4.921831659335238385e+01
5.287464778256343578e+01
6.262120074540779768e+01
5.677145752178113725e+01
6.286444456948098747e+01
6.294710188882434210e+01
6.368649670423194920e+01
6.180107073271965135e+01
6.255469736780547407e+01
6.411110995455378259e+01
6.059809078983788311e+01
6.329399802574278766e+01
6.064379799567073093e+01
6.033757940814624021e+01
5.844102324053196895e+01
5.768055887228637602e+01
5.674869191802557822e+01
6.289090404326680783e+01
5.423509765378826586e+01
5.388168866561787951e+01
5.393481774056704126e+01
5.517532317415498966e+01
5.494537122092515347e+01
5.799433728995153103e+01
5.793109590632176520e+01
5.715620779414574315e+01
5.821193684688574876e+01
5.031278698831136609e+01
5.086500194235256345e+01
5.173168738879279260e+01
5.604566243775931156e+01
5.939722375238363838e+01
6.291040215078749043e+01
6.348133476222802329e+01
6.337264386067819544e+01
6.565478599992063380e+01
6.637084211138952128e+01
6.461858957833750594e+01
5.878972718126381380e+01
5.910040937775364256e+01
5.947711651075226058e+01
5.828853860011925292e+01
5.876127657327868548e+01
5.633925300392257185e+01
5.904636787912266982e+01
5.984171404218103874e+01
6.530673242114370680e+01
6.552870249196377017e+01
6.610043687721243089e+01
6.339283819253711982e+01
5.898448427660956384e+01
5.644497892071461820e+01
5.733895860368372865e+01
5.853346369853838382e+01
6.528219227843915462e+01
6.552592772539853172e+01
6.499410618823503683e+01
6.377011696136030139e+01
6.243858530730418721e+01
5.844786941137999037e+01
5.853484487773565803e+01
5.859223304858171844e+01
6.109464387130807239e+01
5.860885210260263989e+01
6.288263610931807790e+01
6.532238721253636982e+01
5.764876194885960103e+01
5.252269486224827943e+01
5.179518084728391614e+01
6.003963189169593306e+01
6.025591182237091914e+01
5.838922534468085246e+01
6.308115178995441852e+01
6.094680755818031770e+01
6.151642104513992138e+01
6.109688669838939745e+01
5.976221912822091298e+01
5.690676218657247887e+01
6.062152948302418309e+01
6.161757186105146644e+01
6.332882403886356570e+01
6.166053893106671779e+01
6.167681039307314705e+01
6.622854316804897223e+01
6.576677552478491862e+01
6.749661737862524546e+01
7.414567779689565441e+01
7.441957282086113423e+01
6.957204030434688491e+01
7.233692262484795776e+01
7.087345317050294113e+01
7.239061014673336558e+01
7.289624722067952689e+01
7.239151051391374381e+01
7.734309812156489272e+01
7.205475012529399237e+01
6.775745476217154817e+01
5.874303862505828278e+01
6.092621609367872537e+01
6.446117891350935736e+01
5.919661127807453482e+01
6.152332144332496711e+01
6.014185637623267411e+01
6.269228731726422410e+01
6.604645911978956008e+01
6.347682167767037242e+01
6.339107887409764430e+01
6.633701829189129739e+01
6.966005591637441796e+01
7.287198499565391785e+01
6.706767830995697466e+01
6.747365133305738993e+01
5.999767360203271238e+01
5.901420811904080210e+01
6.099398493919103004e+01
5.990486164405044178e+01
5.942324972723478282e+01
6.116750596834347675e+01
6.579990638842285477e+01
6.386530104603991731e+01
5.944706005748845712e+01
5.898460956012518608e+01
6.573448273324693503e+01
6.168476227031870707e+01
6.388360650329349966e+01
6.795948599349097208e+01
7.103907365855872058e+01
6.500121494619210694e+01
6.572003891923351659e+01
6.617781074477190373e+01
6.526744227178494384e+01
6.687594200213993645e+01
6.787047450229384538e+01
6.646313790643984021e+01
6.644116024484273453e+01
6.134499535941866810e+01
6.631800830580968409e+01
7.052589510103076975e+01
7.059020571312331072e+01
7.488964704869432865e+01
7.953197259964474597e+01
7.398431843534443431e+01
6.934263035106177142e+01
6.776938000891853164e+01
6.934968815051973934e+01
6.614394457808104733e+01
6.244044023301880486e+01
6.195718885706576629e+01
6.243145040151495806e+01
5.967364100412577699e+01
6.217483858729129764e+01
6.327028524876781290e+01
6.151645636888347468e+01
6.313599355242611466e+01
6.260352794308483482e+01
6.361153798451174168e+01
6.257187668748667875e+01
6.281201410477358849e+01
6.060414481200055548e+01
5.967496500161229278e+01
6.061148618527585086e+01
6.348032728826050430e+01
7.101726105445068526e+01
6.739951615906261395e+01
6.898453731581737713e+01
6.720015426913548140e+01
7.163642424148955001e+01
7.205168246783374286e+01
7.238680242203105308e+01
7.129850873544010881e+01
6.723632071033256352e+01
6.387403688071437102e+01
6.277660702910436896e+01
6.816985263696466291e+01
6.687510101428537723e+01
6.762004577723187992e+01
6.379553839177869179e+01
6.582836678026085053e+01
6.458989559685274173e+01
5.988454894749477830e+01
6.389996685008959787e+01
7.168385624038990045e+01
6.835933244128808894e+01
6.508399206645576385e+01
6.199748995454945089e+01
6.887516665611572364e+01
7.563697410651299435e+01
7.003616116526031021e+01
6.767095324317320149e+01
6.623279930395581516e+01
6.508933142457202337e+01
6.493824257942182498e+01
7.179173554111942224e+01
7.370842288021501076e+01
7.446377991010565722e+01
7.381178207928273594e+01
7.202208208098814168e+01
7.142735258752020400e+01
7.080431089173644921e+01
7.213529575752249912e+01
7.077656812515834872e+01
7.368957634173085580e+01
7.296594996335456074e+01
8.056952361966287413e+01
8.199890364362754269e+01
8.632544024173904518e+01
8.243845325625903797e+01
7.662200511042091478e+01
7.549819932073010875e+01
7.120388992483114521e+01
6.491895965694743609e+01
6.654771863443937718e+01
7.480143852082956357e+01
8.099605398947032597e+01
7.979369459460727398e+01
7.770935811832018203e+01
7.384156946625711271e+01
7.099976028707801845e+01
7.153045055194351676e+01
7.195068576572980135e+01
7.253502993105485075e+01
7.193165899904892058e+01
6.965349403564758290e+01
7.189047899850660883e+01
6.771301351177943673e+01
7.102927803355221670e+01
6.937903598074963440e+01
6.135278381950237048e+01
6.736487834546804265e+01
7.061505615680691506e+01
6.888531890733840157e+01
7.176801148343882630e+01
7.762346630619371979e+01
7.744841115922949371e+01
7.709852994253718350e+01
7.722633881325995731e+01
7.298201014300224188e+01
8.010405403341304975e+01
7.026513925054452159e+01
6.423449864603003334e+01
6.441062573148981585e+01
6.492228667301102973e+01
6.840660357014704118e+01
7.244977689834252033e+01
6.925500485907132031e+01
6.797343429857336616e+01
7.072776776304033319e+01
7.151443684238986975e+01
7.320056034496190023e+01
6.681401847714053588e+01
6.350225311582321552e+01
6.680887489957694925e+01
6.835629414951334581e+01
7.115159385547426041e+01
7.093272118383103475e+01
7.165198630916241029e+01
7.269117719528762223e+01
6.742687672392982279e+01
6.445105715259519741e+01
7.179566249833888492e+01
6.940633383197268813e+01
6.629193037759041829e+01
6.510542165867867936e+01
6.653039579297809780e+01
6.493096624300578412e+01
6.433630663041608955e+01
6.673823165460642315e+01
6.649833924575284527e+01
6.220607137721672331e+01
6.500646101334115201e+01
6.420494902071104093e+01
6.298650921101616262e+01
5.922934587068117906e+01
5.916441349334436239e+01
5.942153106022639264e+01
5.455038160349177900e+01
5.390108655067036381e+01
5.366873612626326917e+01
5.519343744734933921e+01
5.297942481609722165e+01
5.477954370846185128e+01
5.660018978612153262e+01
5.481642560648734275e+01
5.629154179754280563e+01
5.707772177758448606e+01
5.725004434387949459e+01
5.765759610489617870e+01
5.621684074912140261e+01
5.692523114304675858e+01
5.703237851261710034e+01
5.365169910613156645e+01
5.705095590162801500e+01
6.260938342971988391e+01
5.925214507705696576e+01
5.628072784609165780e+01
5.533919030634985603e+01
5.996997265841274327e+01
5.659087299395275039e+01
5.038309137289191852e+01
5.146258997111689126e+01
5.845973812444961482e+01
5.757833440626016142e+01
6.176000509583009546e+01
5.418168735494784727e+01
5.602929024642342171e+01
5.805388774598240076e+01
6.167662021144052886e+01
6.103638248319809634e+01
5.973595709790497210e+01
6.391055664052313290e+01
6.524271236196240409e+01
6.262619434301236510e+01
5.858400796673358002e+01
5.950089659157156063e+01
6.147614202872647127e+01
5.810158937656373723e+01
6.237240735847997541e+01
6.281848566902148434e+01
6.404043817103102754e+01
6.165259239169649419e+01
6.507726314712728310e+01
6.621797271685932174e+01
6.295694316632578591e+01
5.520062048151431355e+01
5.691056485907905937e+01
5.581557313341601656e+01
5.632253712483502284e+01
5.794596348857236023e+01
6.140619595074122827e+01
6.039881683518916589e+01
6.289703479094076499e+01
6.316203746301496125e+01
6.004093979355729971e+01
5.718115547844166713e+01
5.672546699771346113e+01
5.932908422890793076e+01
6.564731171901468088e+01
6.942134059755555597e+01
6.764613400409243127e+01
6.298114339014365015e+01
6.544068747023769106e+01
6.611137351425537645e+01
6.834094459879156602e+01
6.778935364371757544e+01
6.809295713710378095e+01
6.779323533234439481e+01
7.038627870634535100e+01
6.958911600113842155e+01
6.221635624841573531e+01
6.451150774409481414e+01
6.070625082848674481e+01
6.337989893661341512e+01
6.672844806483546165e+01
6.344525434669724007e+01
6.197085488863334746e+01
6.237330867939018475e+01
5.994650566681493586e+01
6.624850072262269407e+01
6.615290820051477283e+01
6.746807525981550668e+01
6.912886857847969679e+01
6.745440706466047232e+01
6.482564947013531764e+01
6.251911988844088341e+01
6.483816267348504425e+01
6.702912524062750776e+01
7.181938058685824444e+01
6.313473676998127360e+01
5.589005570059869399e+01
5.796109611319805310e+01
6.225769738495596783e+01
6.430394509492556665e+01
6.125096572485607993e+01
6.474648927431340439e+01
6.317913324053316870e+01
6.431076965341763696e+01
6.652867990486312522e+01
6.719635495742794262e+01
6.602628936323706910e+01
6.834236977953513303e+01
6.724363904615094611e+01
6.196558836886789123e+01
5.989747593848385776e+01
5.860291762717609743e+01
5.807483014122589537e+01
5.931539632998251221e+01
5.547300822653284058e+01
5.665185808675525436e+01
5.443871250811667295e+01
5.345665105013556229e+01
5.814321019452970063e+01
5.938512078972490826e+01
5.944412966841463231e+01
5.682170383769454247e+01
5.330296358689319902e+01
5.279290996115083345e+01
6.011538778004549499e+01
5.744829285959325205e+01
5.420816223906098230e+01
4.933173583227236492e+01
4.848562621708723697e+01
5.010423919293447170e+01
5.427462416450210725e+01
5.669614814011352877e+01
5.261569035780975412e+01
4.948902333915737728e+01
4.708123989683636523e+01
4.698385039564571031e+01
4.567648138636541688e+01
4.671330358633775859e+01
4.867079360205150351e+01
4.704958864450371436e+01
4.807391887584905987e+01
5.149765584835980547e+01
4.850192766207187844e+01
4.863076105701585305e+01
4.649562229311334960e+01
4.576253653642898200e+01
4.434146138893061107e+01
4.550289779014049429e+01
4.373000950008850651e+01
4.571389197249951764e+01
4.341661591277731702e+01
4.431596147133537045e+01
4.242901758222379272e+01
5.049377786991395567e+01
4.935271360398229490e+01
4.861863048613587779e+01
4.898922210993916337e+01
4.288875596878642682e+01
4.155401795379287222e+01
4.423492134275575438e+01
4.621341926529488120e+01
4.530071733306560589e+01
5.163603891940201152e+01
5.134966197945281152e+01
4.792600668819145682e+01
4.642768770138241763e+01
4.735570560052908462e+01
4.632292879185543910e+01
4.738192765487304570e+01
4.393372467059407427e+01
4.779263088458412057e+01
4.926555968909251959e+01
5.074082305922967606e+01
5.514168888829298965e+01
4.966520739014006125e+01
4.961009379623454407e+01
5.126605887319333021e+01
5.076264437118239670e+01
5.013242789085611406e+01
5.284581341780482688e+01
5.100238893455494349e+01
5.173648956345659400e+01
5.879206477651337082e+01
6.507347225323773898e+01
6.224625498422212644e+01
5.891690595476273273e+01
5.517676216923540267e+01
5.818744289746388887e+01
5.628724144909632088e+01
5.706755981486368512e+01
5.426156619261862346e+01
5.556017820123600615e+01
5.283606167737269743e+01
5.741111264186776708e+01
5.685255077711294547e+01
5.419940284773708328e+01
6.024596426047379083e+01
5.748292419689579447e+01
6.269407284404783098e+01
6.115327962957979935e+01
5.881419338148371168e+01
5.639790948897515221e+01
5.512040494289112758e+01
5.883045028341596350e+01
6.143369387098374546e+01
5.863618850242998803e+01
5.619447936918421505e+01
5.778085668834820865e+01
6.122806596045221283e+01
5.768578266032250212e+01
5.694490988351877547e+01
5.265746681811586427e+01
5.267390472060745310e+01
5.225318026786158754e+01
5.304407185867982122e+01
5.043980987050086640e+01
4.833523266107901861e+01
5.171964028986661788e+01
5.432111511085669520e+01
5.695276214291533989e+01
5.879258137061055578e+01
6.121375497017972833e+01
5.612070117403595049e+01
5.732363931746024122e+01
5.718138070089010938e+01
5.785302267785549191e+01
5.744562018194472586e+01
5.967535801027183595e+01
5.546932645638711534e+01
4.768565492417148732e+01
4.690198021362286340e+01
5.162770183486347975e+01
5.530670846012188946e+01
5.670244991394598344e+01
5.306490597270654774e+01
5.516252389152531066e+01
5.638287779846559999e+01
5.825794412790691013e+01
5.599142316419224130e+01
5.464213051137675592e+01
5.353510857955228630e+01
5.577716115645883832e+01
5.531963512373113900e+01
5.662929058601000776e+01
6.091402976044167161e+01
5.957373036393838106e+01
6.414282434319457593e+01
6.424286307282611119e+01
5.780119318739795631e+01
5.403416485076824216e+01
5.926286343608298068e+01
6.012854743343228137e+01
5.985986825383227483e+01
6.208815721624844031e+01
7.166549832633228334e+01
6.532481871917173066e+01
5.993379080841661732e+01
6.250102631467679259e+01
6.197054511056258974e+01
6.205580309536361483e+01
6.379807388897845755e+01
6.097905684482660860e+01
6.145703936480678919e+01
6.543683010438009262e+01
6.441172670500276354e+01
6.847549025604536155e+01
6.534397492309054201e+01
6.843056113228136894e+01
6.906546951278541258e+01
6.409713526740365808e+01
6.395610361100254693e+01
6.238741488595793783e+01
6.488313239160453350e+01
6.334569285338591271e+01
5.951838091322764512e+01
6.191615195732470767e+01
5.888564238545895080e+01
5.626887924205654912e+01
5.446221601919180699e+01
5.941164814115754211e+01
6.040282942006532352e+01
5.563295621964175552e+01
5.509586109450361846e+01
5.229822464160169204e+01
5.040488867832968367e+01
5.357985230330231019e+01
4.834148797975054634e+01
4.833450957327397646e+01
5.206580294743991999e+01
5.191736514701292293e+01
5.356347376056020693e+01
4.885136271022108190e+01
5.315528606230227382e+01
5.896709892038819589e+01
5.729622425935487229e+01
5.515026195259886066e+01
5.264872939742625846e+01
5.991817563032914506e+01
6.547076056021958834e+01
6.588856142844691988e+01
6.785676461785489266e+01
7.013459112329010736e+01
6.856952829936918192e+01
6.463251838545768635e+01
6.269327826456648012e+01
6.425531613100139339e+01
6.031704318387980379e+01
5.513077701836113675e+01
5.605927414434528799e+01
5.439324878160060450e+01
5.331556132427112971e+01
5.206072067378073598e+01
5.413602420354772704e+01
5.339223012767269694e+01
5.586596115335046164e+01
5.751220788771787085e+01
5.949696767645557571e+01
6.108821803019584706e+01
5.922938086108777611e+01
5.921817199506798346e+01
6.553381612582266769e+01
6.411821634062673070e+01
5.815894215056024308e+01
6.057030725888889577e+01
6.332823094481386050e+01
5.607651090972881747e+01
5.609595384372089910e+01
6.282248292020332769e+01
5.983883068693261009e+01
5.279132034003816898e+01
5.183089539199727369e+01
5.712708860849863157e+01
5.803294736026722944e+01
5.968583599394737860e+01
5.781643052579232744e+01
5.546128999088409728e+01
5.578191493195152617e+01
5.657240051161465999e+01
5.729569159111765941e+01
5.453172341458476069e+01
5.932259366360044339e+01
5.759030167462607608e+01
5.876501285067864444e+01
6.058266934480366928e+01
6.538088781422101192e+01
6.385361525848178843e+01
5.972873550237340368e+01
6.177691106384330055e+01
6.628172675544880121e+01
5.951358297796082297e+01
6.114989414751436669e+01
6.286116402744380594e+01
6.610742140887991525e+01
6.298214280149139199e+01
6.529600537195773313e+01
6.790125804010884281e+01
6.967839805826504573e+01
6.336208762724578492e+01
6.562279601716527111e+01
6.309382950459828976e+01
6.399985012146446195e+01
6.369586839431105574e+01
6.473292632694771953e+01
6.395911163873108052e+01
7.375612288431779007e+01
6.881817356297068500e+01
6.971100640503131274e+01
6.670823376148814532e+01
7.013995424097517173e+01
6.927986130053747615e+01
6.874930275679730585e+01
6.931285547492009869e+01
6.946667690181473631e+01
6.883972279573278286e+01
6.841453452089396592e+01
6.536184103553681268e+01
6.154135641699908632e+01
6.144275335518297965e+01
6.200930239935123467e+01
5.958654256345365496e+01
5.909350235797089113e+01
6.268956144231242433e+01
5.929048379653279000e+01
6.480051927585103044e+01
6.894114929175739803e+01
6.662199389689068596e+01
6.293678381685445089e+01
6.735785159287094359e+01
6.455002078603868654e+01
6.585340998810234225e+01
6.172357950273588756e+01
5.867470692864443294e+01
6.303625838410590632e+01
6.409285236137586139e+01
6.713416977808032016e+01
6.311940894588611428e+01
6.719745736627841382e+01
6.347942829705395695e+01
6.739299327145465668e+01
6.854916772119581481e+01
6.033341118285493820e+01
6.251128034711801718e+01
5.818437864293210993e+01
5.359682599747485199e+01
5.422791637642528428e+01
5.436505362131129004e+01
4.661327313791073834e+01
4.845645708778754823e+01
4.894724809706183777e+01
5.260774501241505163e+01
5.174922301324609464e+01
5.499682468481675102e+01
4.897217516878075116e+01
4.882430360007010961e+01
4.811306022557583617e+01
5.184615163206510857e+01
5.428355739996504781e+01
5.009692744988640101e+01
4.959175522143979009e+01
4.829444508324418450e+01
5.082458014218526898e+01
5.204404762384115202e+01
5.364492274784373649e+01
5.490221542970545698e+01
5.741440455405206933e+01
6.041563032476371120e+01
5.963071486756564354e+01
5.890679510759078141e+01
5.911645000182012666e+01
6.378600323796220550e+01
6.636047995525129295e+01
6.663595689930592414e+01
6.972563583859231073e+01
6.905677924326600703e+01
6.494029632830950050e+01
6.137274910638829795e+01
6.163910524605755370e+01
6.731314794984994876e+01
6.218589090800293917e+01
5.744984830507582529e+01
5.624836081287461553e+01
5.335576255206925822e+01
6.061869072786180368e+01
5.874755640583241956e+01
6.217758914256038594e+01
5.493873552333475629e+01
4.990095880702352815e+01
5.078031055321583409e+01
5.135390017006123742e+01
5.016795852905774211e+01
4.964914431503761705e+01
5.124683186389609801e+01
5.215543308822362434e+01
5.752397325059006050e+01
5.949751320243691310e+01
5.986830516520544876e+01
5.751463910682581826e+01
5.660851515957916291e+01
5.902855211746403086e+01
6.213360751712641417e+01
6.149947058290344160e+01
5.978920822386804446e+01
6.027144102702643380e+01
5.474040426567849238e+01
5.091865870111783465e+01
5.444857224063299839e+01
5.218553240295097595e+01
4.771271222900010400e+01
5.046242917373599113e+01
4.914126994406044702e+01
4.671244927121067292e+01
5.105143293910590074e+01
4.445385735279911898e+01
4.234504282134940922e+01
4.507485876781053236e+01
4.284901120623521820e+01
4.476562544506523267e+01
5.039296213162193538e+01
4.625759429997158634e+01
4.489141229780980780e+01
4.238981621813864820e+01
4.295896240464045945e+01
4.210761140345862685e+01
3.992532670454705368e+01
4.325392439451015747e+01
4.644554016277297137e+01
4.467735581934346101e+01
4.579367194996565615e+01
4.997825669901407508e+01
4.781963403728989448e+01
5.599223735505473343e+01
5.666308253472852385e+01
5.437087557906438917e+01
5.315920002876754324e+01
5.169460713224909654e+01
5.360100091076460416e+01
5.062031914062485072e+01
5.052766068668000088e+01
4.715471987196364267e+01
4.836666066112933748e+01
4.437534812712517862e+01
4.304977861587356358e+01
4.462392895944449123e+01
4.522419929165334906e+01
5.263838839171934580e+01
5.544704465303479424e+01
5.926940467329087170e+01
5.485383136410381155e+01
5.164866184322460896e+01
5.719604404770347372e+01
6.189451985836669934e+01
6.416630245809975008e+01
6.074641601436675842e+01
6.721699378872403940e+01
6.569549534754108322e+01
5.743067002715694258e+01
5.412592428554652457e+01
5.707320450550877666e+01
5.188720231950806294e+01
5.115388108291037383e+01
4.846408899763825673e+01
4.925215673362744440e+01
4.984422037255657756e+01
5.418298991721050584e+01
5.529522222994535952e+01
5.459692148041779092e+01
5.428508974740565662e+01
5.053901260889966096e+01
5.248589929437546431e+01
5.482253772682108206e+01
5.811709613884647041e+01
5.725201118458425498e+01
5.740263325905142011e+01
5.707089667405497124e+01
5.705055872402942896e+01
5.661928207638570854e+01
5.917530661419958449e+01
5.698423577819638552e+01
6.201368764253810895e+01
5.878576239317026619e+01
5.486496904707858846e+01
5.826166018058674467e+01
5.547700904588700155e+01
5.384310990433186817e+01
5.245646707606162806e+01
5.073482490395758759e+01
5.234110429187144575e+01
5.145728882222718426e+01
5.386314749045868666e+01
5.511146660418749832e+01
5.567889596324326362e+01
5.315144619421698735e+01
5.452697016779657702e+01
5.353376617086886569e+01
5.256867402709291071e+01
5.226339948275002456e+01
5.287812011372376730e+01
5.464689099744507672e+01
5.846459214551968131e+01
6.430189979447827398e+01
6.346483624664256240e+01
6.019016548504912123e+01
6.205754881608152118e+01
6.425053410280904131e+01
6.514181847074279119e+01
6.232959504580708909e+01
5.842823327109909570e+01
5.694446626584652194e+01
5.352294776169760127e+01
5.332276985133557190e+01
5.460205271640601410e+01
5.715960406228513335e+01
5.768126298181196887e+01
5.777905700620878093e+01
6.178733493216774519e+01
6.121292970595249727e+01
5.735761682271273543e+01
5.613772027545773824e+01
5.395293418885636072e+01
5.580969747613863063e+01
5.579500674893350265e+01
5.302048229297822246e+01
5.405802461570753792e+01
5.439118716673402076e+01
5.821736213599175613e+01
5.648674261755573411e+01
6.108750601917658685e+01
6.271987811050373551e+01
6.532888674458723699e+01
7.226155244200080574e+01
6.745251651116393532e+01
7.407974619019331897e+01
7.560418302938857948e+01
7.223082244278072039e+01
6.872256285883098315e+01
6.212137018569175240e+01
6.052355597778255714e+01
6.279188565417872070e+01
6.430800937983042331e+01
6.331804436031645622e+01
6.276307147697437472e+01
6.643761173446834789e+01
6.213198175736830819e+01
6.666312568857010490e+01
6.625338119691549821e+01
6.605550505913343784e+01
6.286824117450156280e+01
5.969499425918200330e+01
6.135983102026290936e+01
6.369958619517927900e+01
6.268014934313988107e+01
6.201943363410011045e+01
6.264700118753621183e+01
6.973255084719863817e+01
6.895833023760053493e+01
6.642239665269978843e+01
6.385254023848883520e+01
6.727408718399890120e+01
7.226455790166664883e+01
6.682507805218004648e+01
6.065283952499662945e+01
5.965180722643381728e+01
5.596603652397493533e+01
5.684953943106850716e+01
5.323877796200054746e+01
5.825145276777275427e+01
5.616019152313351270e+01
5.430948709464469459e+01
5.623257463330188699e+01
5.890728736297264589e+01
5.548305201500102157e+01
4.868243124698272339e+01
5.070287178341114043e+01
5.228773078953931019e+01
5.529096281248335032e+01
5.867292495972545652e+01
5.593929415091315605e+01
5.676691399119547299e+01
6.385620695854330364e+01
5.728213480040737693e+01
5.414868719904263372e+01
5.046779603913948620e+01
5.079264166695452332e+01
5.046672460436848695e+01
5.525813912308102260e+01
5.517856918376909903e+01
4.926899139570478070e+01
4.915039079483673135e+01
5.009197485505771397e+01
4.874745667719491138e+01
5.357463740471688851e+01
5.048622599218454354e+01
5.061222394604052255e+01
5.385976969787081714e+01
5.365779745455188277e+01
5.183562047815215834e+01
5.265749817901291863e+01
5.368142118251213191e+01
5.353342451739185748e+01
4.810773223436019919e+01
4.962858752576453725e+01
5.519310991768183783e+01
5.543650645873429994e+01
5.816447510158354106e+01
5.316564166863469865e+01
5.463953134675544732e+01
5.450070599527044379e+01
5.848981065390251644e+01
5.940924118250644170e+01
5.902146731829191850e+01
5.549155760144589067e+01
5.653784295015028505e+01
5.338288512899655558e+01
5.749372158029813562e+01
5.551170410450347958e+01
6.149700187090860481e+01
6.079625410239491146e+01
5.531950514686840847e+01
6.031790730998093863e+01
5.701354712221532850e+01
5.709457338302772911e+01
5.805230410427301280e+01
5.580261201852390940e+01
5.449825981736587721e+01
5.657287505219988333e+01
5.622973221609939287e+01
5.770815920216180217e+01
5.419934485792585832e+01
5.246218789575430463e+01
5.839589478487604168e+01
5.896506933060668842e+01
5.618692001187153551e+01
5.670075047505312682e+01
5.805224437039960605e+01
5.721535463087916185e+01
5.748748043693610299e+01
5.575198262682179973e+01
5.538978663410374281e+01
6.376505563995420545e+01
6.365448008266164948e+01
6.303342325737242646e+01
6.272853917823968573e+01
6.121231099953518395e+01
5.664171977424938120e+01
6.031220315590464054e+01
5.952928546721043546e+01
6.311164804747375712e+01
6.477593518499932657e+01
6.633318807167781017e+01
6.552150178270400716e+01
6.154469402527019639e+01
6.438919214794070456e+01
5.933166163833924855e+01
5.667462897944658096e+01
5.946649856511074006e+01
6.489685145870666361e+01
6.114343629727832763e+01
6.325477774060382785e+01
7.138826614241978064e+01
7.089443927407910451e+01
6.636745161389414704e+01
6.418713245640994103e+01
6.444142014352837577e+01
6.465752495512958831e+01
5.854236805035748858e+01
5.934369595291465771e+01
6.393215331806278101e+01
6.439315254501097741e+01
6.387768271662708486e+01
6.039896717085984790e+01
5.889439753805871902e+01
6.112434180183355181e+01
6.054929449912010142e+01
6.481798123526716893e+01
6.606406637475427601e+01
6.124815182432114824e+01
6.490143193087817508e+01
6.604019212755093804e+01
6.428122382534429846e+01
6.701047536232090351e+01
6.601541675863396108e+01
6.639874636730223756e+01
6.349116154750099383e+01
6.346477877169318305e+01
6.906797609258680382e+01
6.861204690906235726e+01
6.831979174541972100e+01
6.889947878596829867e+01
6.726552274055337932e+01
7.096182972395160959e+01
6.659354866185402955e+01
5.898277143388823873e+01
6.023459590184289425e+01
6.335370218192720415e+01
6.794547458840077070e+01
6.795678634791759976e+01
6.793406822492920583e+01
7.725056840046789830e+01
7.993483569919146703e+01
7.444617600672533797e+01
7.043831434362425625e+01
6.802351747365482026e+01
7.539794236438763164e+01
7.129889724380507232e+01
6.734121384605030869e+01
6.426695390082238646e+01
5.987587059334386907e+01
6.616057737706152864e+01
6.543555010210310741e+01
6.809404358298542093e+01
6.714647750918777547e+01
6.589480723651017513e+01
6.432360189478986001e+01
6.116187409770422789e+01
5.855135947791956141e+01
5.450774717585506579e+01
5.271049670992199765e+01
5.855913161241027609e+01
6.021746576254711414e+01
6.176901671731953058e+01
6.218616152194015001e+01
6.537689686349204976e+01
7.187650249138275171e+01
6.941479733112115014e+01
7.140956076000792052e+01
6.929970325978023027e+01
6.712569466284760722e+01
6.436301672230186455e+01
6.305568753243169766e+01
6.089520979880029472e+01
6.566213445511363034e+01
6.461831848708898463e+01
6.173427351567382715e+01
6.356371034094068051e+01
6.544966641269287777e+01
6.249522705363143871e+01
6.072034944476251184e+01
5.749448048162646074e+01
5.499757588495516103e+01
4.988107642734109248e+01
4.985022071253040821e+01
5.238766302221449678e+01
5.331854037521544143e+01
5.891974899107029984e+01
5.908894910799496358e+01
5.557588676175180353e+01
5.394117432792820921e+01
5.689459304585239607e+01
5.868179900396302173e+01
5.319264543145180113e+01
5.714534331190429839e+01
6.335904339350206271e+01
6.699596887674883305e+01
5.811719829282215244e+01
5.520571603663372429e+01
5.553324589341575290e+01
5.689726242925497246e+01
5.779398279491157808e+01
5.449265964693056219e+01
5.571469393752893495e+01
5.812167541096704326e+01
6.465628327359230809e+01
6.475916086546403960e+01
6.173937935805054877e+01
6.402602016228738080e+01
6.263882593184932546e+01
5.831913079106912789e+01
5.995697013394762109e+01
6.300745182471819561e+01
6.279961747955758256e+01
6.117605228759659042e+01
5.987257081027864558e+01
6.336889962801889453e+01
6.096716714960595596e+01
6.516900307640753454e+01
6.199471133080110974e+01
6.657789673756808213e+01
6.757928793444490623e+01
6.113372297365161501e+01
5.778156530379004607e+01
6.071626770057109468e+01
6.175377071374234816e+01
6.335185104468997963e+01
6.096843268352283474e+01
6.007099970427857727e+01
5.555248559962316790e+01
5.306992794573492489e+01
5.339371695106376592e+01
5.170258994765879379e+01
5.357146275296981486e+01
5.579744079896493503e+01
5.281420311346827390e+01
5.345286260580802917e+01
5.690862836444362216e+01
6.041538562098836707e+01
6.201499897439674669e+01
6.065021264111681631e+01
5.897436016972948636e+01
5.022852671300363880e+01
4.976584347535936814e+01
5.262440203399622618e+01
5.854686720865976923e+01
5.722221626561226770e+01
5.717722956692685443e+01
5.439408488046269952e+01
5.591031859747032939e+01
5.882437525415571855e+01
6.219954002752989908e+01
6.137689027653423324e+01
6.482795778367946582e+01
6.105808857449797244e+01
6.447843925080192662e+01
6.231229658543524863e+01
6.183642860006412434e+01
6.500326173439711397e+01
6.460686110138071570e+01
6.190413348176038255e+01
5.722791674867868039e+01
5.402745870233209757e+01
5.498140506210909706e+01
5.015445807909062381e+01
5.238821895869796208e+01
5.027950506291805510e+01
4.845539411048057588e+01
4.958132571598706306e+01
4.970704137780280973e+01
5.139910862724269691e+01
5.570075630505758824e+01
5.431163674620903237e+01
5.717719122291283185e+01
6.441687567678287962e+01
6.158028396624381173e+01
5.508301148698834737e+01
5.452059449241864542e+01
5.346430180449976177e+01
5.354239306517182229e+01
5.681741515300490164e+01
5.330767600363257941e+01
4.997810649006180483e+01
5.341595774039194566e+01
4.988948345407627727e+01
5.001078366074605697e+01
5.165160128293985053e+01
5.323079921751996579e+01
5.622112836177416995e+01
5.796422794248593391e+01
5.757629195678227063e+01
5.942839482726138556e+01
6.024870179184221541e+01
6.223195188147466439e+01
6.251919228108609161e+01
6.414279565721156473e+01
6.228435712876851937e+01
5.884205957122044595e+01
5.996358587509943305e+01
5.832003843386739561e+01
6.199486606275045375e+01
6.090197934617832942e+01
6.471305583702228148e+01
6.655428815905126783e+01
6.187144103054012589e+01
6.212648759048801850e+01
7.143929852223305943e+01
6.696221903169220013e+01
7.004458114084596332e+01
6.760718326406873757e+01
5.774452924256883790e+01
5.859146249802572726e+01
6.349421369925648406e+01
6.701392760891448575e+01
6.711716319334156822e+01
6.810309636959898683e+01
6.801144849641956114e+01
6.643487850724812915e+01
6.024404270749802492e+01
6.208176815399362880e+01
6.192478010991165860e+01
6.281383374064279224e+01
6.592042240982284795e+01
6.385493382084627711e+01
6.708242375387023060e+01
6.551797010558745171e+01
6.481325920722784417e+01
6.206857125314687806e+01
6.268612687354683288e+01
6.427831554239935485e+01
6.092316888488858950e+01
6.356447724157288093e+01
6.550455381597960525e+01
6.235911508575416917e+01
6.305159000393202007e+01
6.541465612774581473e+01
6.547607526172801329e+01
6.191949340167120397e+01
5.710045124853059662e+01
5.850926474163866686e+01
5.694110647524685476e+01
6.048217873046908011e+01
6.228049482463202935e+01
6.136011337681128452e+01
5.783055951009011153e+01
4.843870068377284355e+01
5.196664352205428372e+01
5.601592072050693361e+01
5.721697113408929170e+01
5.659196093177018838e+01
5.570909065257080783e+01
4.762401496923073552e+01
5.073382582282786046e+01
4.954964277280285501e+01
4.820882773563679535e+01
4.824594604717520951e+01
5.321266223362076886e+01
5.165101379120341818e+01
5.659416443798952656e+01
5.667583093579491305e+01
5.459951567359113511e+01
6.086624831600614982e+01
5.532642078771915095e+01
5.137651748620653080e+01
5.138123375871117560e+01
5.207098402778579782e+01
5.559478142271832013e+01
5.567654732077168944e+01
5.535378209742990663e+01
5.808497014689611149e+01
5.803927050526004905e+01
5.709362397364001396e+01
6.023548826551526503e+01
6.326124530612029417e+01
5.664917372505225046e+01
5.601116319231530127e+01
6.230684769035967463e+01
5.561512849180072493e+01
5.347529558568410124e+01
5.387447532816214846e+01
5.555478679242617801e+01
6.034559461704921546e+01
5.572513196083333753e+01
5.813163518678425845e+01
6.908223288519529603e+01
6.087407962780853410e+01
5.610021820640552903e+01
5.923807231931770190e+01
6.203372920637229981e+01
5.840989761172387063e+01
5.806355596812713316e+01
5.779749918780342455e+01
5.667401279821347515e+01
5.707829570568116395e+01
5.967468716078707303e+01
6.141088888004703250e+01
5.524605512211297764e+01
5.583408748472111682e+01
5.674886466677190811e+01
5.055103064446787897e+01
5.086318133917277606e+01
5.156138250562086967e+01
5.365805661890672695e+01
5.573769342134189486e+01
5.902198545716745315e+01
5.991489013435605671e+01
5.809667149453250801e+01
6.441228928383547725e+01
6.652366566619735977e+01
6.428553033756047341e+01
6.206442024656107748e+01
5.937387824486570054e+01
6.116721277445819993e+01
5.625685167004586873e+01
5.503513994004219967e+01
5.084689359732304581e+01
4.883144035478056821e+01
4.508984207337464767e+01
4.763172483225270071e+01
4.865712872656122556e+01
4.719544630445275857e+01
4.653304674227280913e+01
5.058690101009098328e+01
5.404348574691764640e+01
5.274875358140747039e+01
4.668582735456369193e+01
4.881902963816121854e+01
5.013015676550234190e+01
5.286441789300766203e+01
5.713573030193319369e+01
5.321624424156470212e+01
6.257909085877191302e+01
6.773097853734843454e+01
6.745900625299447029e+01
6.797484488936598268e+01
6.508126843958001473e+01
6.369921252285669766e+01
6.113862275013006808e+01
5.623779291800666158e+01
5.385001425610200698e+01
5.653639559043556773e+01
5.706232966921312055e+01
5.858828032650618667e+01
5.962341197380582969e+01
5.919734914357207600e+01
5.861714177321678676e+01
5.556524333108123415e+01
6.295572447059743126e+01
6.507404592630717843e+01
6.237483370993770393e+01
5.836473089668529468e+01
5.752509042735186995e+01
5.419546795002390382e+01
5.778889224308174022e+01
5.675049711719815093e+01
5.375491176456414166e+01
5.971311550082933906e+01
5.733978292970698476e+01
5.660440943820361781e+01
5.998117226758801479e+01
6.036792673311007462e+01
5.978752101563473076e+01
6.189154212447011361e+01
6.673397786642601659e+01
6.226350605694681661e+01
6.052440973949271097e+01
6.245569218214922103e+01
6.287806228975046707e+01
5.911494548516374437e+01
5.886721301315512989e+01
6.134558541360169670e+01
6.036310333946988038e+01
5.981909719492165323e+01
5.872786109910636299e+01
6.119211894737580337e+01
6.301227984343439203e+01
6.146111115371555655e+01
6.406345250872887220e+01
6.273340841477416774e+01
5.616473101418554137e+01
5.500621283349250490e+01
5.881207776422454714e+01
5.406545030964979759e+01
5.676707977084229384e+01
6.384372696016235693e+01
6.701993899593830406e+01
6.760914443793861039e+01
6.596222479248523030e+01
7.013252527563197702e+01
6.941634160282748667e+01
6.706482412025404471e+01
6.551951770705194633e+01
6.101809624238857310e+01
5.776546129058213097e+01
6.386866384609876945e+01
6.464484664260498903e+01
6.469924620144945493e+01
6.704225555790863211e+01
6.530110425177780087e+01
6.260885311944738874e+01
6.324158504204277875e+01
6.222062039551414614e+01
6.220874010009725197e+01
6.004032355256047282e+01
5.726441020148141803e+01
5.248910666179967421e+01
4.980430148078282571e+01
5.478861499705676863e+01
5.218439743006276643e+01
4.972125334712242761e+01
5.281401281923094615e+01
5.219609384546472342e+01
5.345035204038799748e+01
5.912658655313479272e+01
5.629248691603731203e+01
5.752449971591526179e+01
5.820426619561484216e+01
6.659440542234746374e+01
6.398696466563673368e+01
6.090117585653425891e+01
6.084892087726247212e+01
6.256473927046909012e+01
6.666082941500233972e+01
7.132116745768807675e+01
7.169725917754342959e+01
6.906068686408808333e+01
6.868318536377451267e+01
6.699859740090526827e+01
6.782433208259209323e+01
6.012904383354706539e+01
6.644973067847575976e+01
6.921476058101823980e+01
6.262457637950164724e+01
5.877443733319115182e+01
5.759235982943634014e+01
5.671037237735289693e+01
5.521885337959341911e+01
5.259337444299621467e+01
5.207985741683252456e+01
5.587287237726773981e+01
5.851340391261815199e+01
5.952757306700401330e+01
5.935610157641220752e+01
6.175947788945165229e+01
6.606248172414009900e+01
6.379448492349060018e+01
6.072087411152763536e+01
6.102203678549973631e+01
6.107342140808937359e+01
5.925801862185296898e+01
5.921652967961573211e+01
6.090608985554555233e+01
5.201330262625291567e+01
5.501898157175150317e+01
5.480955530850145152e+01
5.503069056241552914e+01
5.045440966016963813e+01
4.213140310923031961e+01
4.227717354402764727e+01
4.298497224171812547e+01
4.361688719627899502e+01
4.897170261167678973e+01
4.770148945708547217e+01
5.005937901192046269e+01
5.150585447326164257e+01
5.534974657559975952e+01
5.289127749180654092e+01
5.345081213450519897e+01
5.749089405093117477e+01
5.449019305740937824e+01
5.621025403388782848e+01
5.726826765984280598e+01
5.620274708999480850e+01
5.327852361171985507e+01
5.727291555426985070e+01
5.787080382817435975e+01
6.118863620161639005e+01
5.904701275879113354e+01
5.845963584637532762e+01
5.689057499990597222e+01
6.167918311349978921e+01
5.541679931150377314e+01
5.205194494463302135e+01
5.036854869425663139e+01
5.735230514187257000e+01
5.742683343154330800e+01
5.539733887326376305e+01
5.719580644758337939e+01
5.719951936205494292e+01
5.597342564225193939e+01
5.475671828824273035e+01
5.107837502953589137e+01
5.017291384720011393e+01
5.249020348303557881e+01
5.454048250154652777e+01
5.274951559836573267e+01
5.181381966184257948e+01
6.020605539019190644e+01
6.311616339638037942e+01
6.508468401582544516e+01
5.631351502977565104e+01
5.890540966500341113e+01
5.597711296390130542e+01
5.449893758857778181e+01
5.390415509156673579e+01
5.424364247425099705e+01
5.548276290329589955e+01
5.296396600735270965e+01
5.911609883347830419e+01
5.742535394940431104e+01
6.043491584433803609e+01
5.545238423519402460e+01
5.117073697040525815e+01
5.385287311907224961e+01
5.712554019249449055e+01
5.343545815571484070e+01
5.334478541617678360e+01
5.675492110001820834e+01
6.121600342063938172e+01
6.057529483107641255e+01
6.125159433562573952e+01
6.003359762112332731e+01
6.168074286485715163e+01
6.697371772601759687e+01
7.182661566626916283e+01
6.303551604102604244e+01
6.262797368717837543e+01
6.121476145266270663e+01
6.266945159920508956e+01
6.426282609463579831e+01
6.576791601925445718e+01
6.505858471151579181e+01
6.448727317945625259e+01
6.230847427318627751e+01
6.035335368210611762e+01
5.524266722614107294e+01
5.792925639818689376e+01
6.154828701661460144e+01
5.705376468785162558e+01
5.600522457566555090e+01
5.633001408812965138e+01
5.520333213201212885e+01
5.561758329655859967e+01
5.755795315810193102e+01
6.226286607259456218e+01
6.220162678817754909e+01
5.736698148839525402e+01
5.294829574821341822e+01
5.103630221269617806e+01
5.285168045698833339e+01
5.255439443808459998e+01
5.934869991659394373e+01
5.737079016392183206e+01
5.165771843074094960e+01
5.322031726941809637e+01
5.305596634920541987e+01
5.869586729806082559e+01
5.748020917507810879e+01
6.793158110509614289e+01
7.162455692226309623e+01
6.996150488296345316e+01
6.156647464472475662e+01
5.790023010664891245e+01
6.383398090913807010e+01
5.585807190571013336e+01
5.257474640619971495e+01
5.023445922772694416e+01
5.026798918246959147e+01
5.090536799293354875e+01
5.417300672466156186e+01
4.944844412049167914e+01
5.231547188007024118e+01
5.179318413812467981e+01
5.211547128461260314e+01
5.371039426361100766e+01
5.454845148273896882e+01
5.294923750885251224e+01
5.371953068630567429e+01
5.257927368944098134e+01
5.318493825136597053e+01
4.968668173240066466e+01
5.102628603137012675e+01
5.286955358306841646e+01
5.508648474756633817e+01
6.234843181501116760e+01
6.030943050277365103e+01
5.639558850323013672e+01
5.734370039227579241e+01
6.197092143870234793e+01
5.872301894189774174e+01
5.951175356972856179e+01
6.028218436229567345e+01
5.714740892198306454e+01
5.985588625256141881e+01
6.177198478488423916e+01
6.313233067025138467e+01
6.460417337940482696e+01
6.629270096309664950e+01
6.594733629263390640e+01
6.495183639319297697e+01
6.070923644532080488e+01
6.004827725690819307e+01
5.863909798400202789e+01
6.176553655016397215e+01
6.006101064642356846e+01
6.242065252458775859e+01
5.993511355057409418e+01
5.707775390096505674e+01
5.655561911281375842e+01
6.116849512898320995e+01
5.665436429416698871e+01
5.311868933390724123e+01
5.425453564089360725e+01
6.047563110639136852e+01
5.713775748895020712e+01
5.638465791426199303e+01
5.789427115614618202e+01
5.751186141776823746e+01
5.368966378475413137e+01
5.104555079345915658e+01
5.952908410871474842e+01
5.799815944814567814e+01
5.336033891120912642e+01
5.186880098765335134e+01
5.066433015321099731e+01
4.935954796417162527e+01
5.248774348076762664e+01
5.858282331005989363e+01
5.885112729121871666e+01
5.534364353767061573e+01
5.281358341736168427e+01
5.785748631667866704e+01
6.066009947085645138e+01
5.786319542103743885e+01
5.431692142160898840e+01
5.510887243114625988e+01
5.609595626108372102e+01
5.157539678737253297e+01
4.971515780478488011e+01
4.922887333000650756e+01
5.360431836477160061e+01
5.490197729763814039e+01
5.337611979417184926e+01
6.416694579569401924e+01
6.312165569993896952e+01
6.149319313073662130e+01
6.052881808538614905e+01
5.626134999551376126e+01
5.585719409358988941e+01
5.332210282543667290e+01
5.374544727298561497e+01
6.277573025144015162e+01
6.235851878985755548e+01
6.122677828961234070e+01
6.033612336169158397e+01
6.147699559918082457e+01
6.361985420413353864e+01
5.559151038168204906e+01
5.819373933906980767e+01
5.520364781844291713e+01
5.632267819927083252e+01
5.547005446516120486e+01
5.675315347593522830e+01
5.630798222503244688e+01
5.568733839876288272e+01
5.292544983710937601e+01
4.979573279958683685e+01
4.640143609148118742e+01
4.694275570016035459e+01
4.808456852052599828e+01
4.833861133915029029e+01
5.175621851165598031e+01
5.202261529141220819e+01
5.659608614112641334e+01
5.561790743662901093e+01
5.460093640051812969e+01
5.439816746596616071e+01
5.239978563416275392e+01
5.346564436489313721e+01
5.584398916897414011e+01
6.006394035530664155e+01
5.442420606523387505e+01
5.354769744852603708e+01
5.264292841702275183e+01
6.026890509587551747e+01
5.978171340401760858e+01
5.828607824931019366e+01
6.125461775940903664e+01
6.145370127266193805e+01
6.779300922843600574e+01
6.351878522512537018e+01
5.501051254027971282e+01
5.116287367218333060e+01
5.016613322465410363e+01
5.520303934047970529e+01
5.374728837291765871e+01
5.499678037979268197e+01
5.957397575966719216e+01
5.993267054208601508e+01
6.255064371099021514e+01
6.114005121064383275e+01
6.054113560466966248e+01
5.828668853125873994e+01
5.920720056195527548e+01
5.919548113050367988e+01
6.209353621380704169e+01
6.796330547619854201e+01
6.919254247616797215e+01
6.718601224533777838e+01
6.621162156570268564e+01
6.944517236254247905e+01
6.596581649307040607e+01
6.482132508862741815e+01
6.421808379748678419e+01
5.860578272055754212e+01
5.928041922303734168e+01
5.304863752981550107e+01
5.353884012415429794e+01
5.420066058006002407e+01
5.420867030435137934e+01
5.219582724192163425e+01
4.971376165278795867e+01
5.324416683545034346e+01
5.365010736690366855e+01
5.139822843611712955e+01
5.694160329763231942e+01
6.130037860576106112e+01
6.719335450084157912e+01
6.608093847948173050e+01
6.353531613731659888e+01
5.845655192859830862e+01
5.233145656020202807e+01
5.893211688681184057e+01
5.845494327052282557e+01
6.508193444593489119e+01
6.303360010416889025e+01
5.622809607445742586e+01
5.736802923370508012e+01
5.502536872849982075e+01
5.470629383478712526e+01
5.484138177764076261e+01
5.578254998353648375e+01
5.509732819147579619e+01
6.539226071041794341e+01
7.570328563811477807e+01
7.541805987739172679e+01
7.041802977370038263e+01
6.839048647336652209e+01
7.186225601594784962e+01
7.087572330672341536e+01
6.541778254358818856e+01
6.987496793515748550e+01
6.501117979786137369e+01
5.774585038540432436e+01
5.184619927564659747e+01
5.430346348580366822e+01
5.665799553420462331e+01
5.671627983771391968e+01
5.647355707876349129e+01
5.324108838202909766e+01
5.595669255609681159e+01
5.686008306805165091e+01
5.860115254307948618e+01
5.817580883974876826e+01
6.262496069250501307e+01
6.396598229666201973e+01
6.007030520378346949e+01
5.832520315407710854e+01
5.795044785716842739e+01
6.072009437555487921e+01
5.729606243829267243e+01
5.987639738761895103e+01
5.842629808509242650e+01
6.161036532013385170e+01
6.454005030668868415e+01
6.281674181738703311e+01
6.226988045786362136e+01
5.865310602819761243e+01
6.116806022505301144e+01
6.433735241161978990e+01
5.905782986838055137e+01
5.766271649221832263e+01
5.476297286367949368e+01
5.504671916612075933e+01
5.269182773540586595e+01
5.268695037106189005e+01
5.747285439044360800e+01
5.909771199687026666e+01
6.023009027487483991e+01
5.630806645464837601e+01
6.385706061952331680e+01
6.137749424166247536e+01
5.523292391516928035e+01
5.648220876469683560e+01
5.988284271175137974e+01
5.883268079218665036e+01
6.235686735315920259e+01
5.575613004743755141e+01
5.287064516394865166e+01
5.833254603573014663e+01
5.765782526002874420e+01
5.336888399472638866e+01
5.404192308936282529e+01
5.371282031636040699e+01
5.533851151734714335e+01
5.958759029421428011e+01
5.612508998264198823e+01
5.503597080091353888e+01
5.212327721561697302e+01
5.551103502445246818e+01
5.504388431798447812e+01
5.242659375555887635e+01
5.503517385612213531e+01
5.232987624784593805e+01
4.947176431855316281e+01
5.080935427197194798e+01
4.947452965397122426e+01
4.901269542848935146e+01
4.894474013922485511e+01
4.978215700727630377e+01
5.244527656685005468e+01
6.144546707276234798e+01
5.801750070321789821e+01
5.451451403217178893e+01
5.537297722704377634e+01
5.163423273368498201e+01
4.989013278537220941e+01
5.054337142785926318e+01
4.839787400950794449e+01
