8.856783319634290308e+01
9.055470330437364623e+01
8.966769463436949650e+01
8.989168427810034245e+01
8.982029105555409387e+01
8.934459646235811192e+01
8.802320386460462487e+01
9.135554025236400832e+01
9.197261534497221191e+01
9.224491324417661531e+01
9.328045589164831597e+01
9.478280699204728421e+01
9.567529887296554136e+01
9.613943459541809489e+01
9.648568765330698227e+01
9.673867215933239549e+01
9.750065359689254763e+01
9.818374461716253165e+01
9.848631864213098197e+01
9.877416273610703001e+01
9.902316383592000193e+01
9.928122993834283250e+01
9.957327235700532242e+01
9.982726382479474125e+01
1.003021626873973275e+02
1.007248416940823859e+02
1.010871761454874616e+02
1.015158654215781553e+02
1.018797706517228647e+02
1.022445887203336952e+02
1.023085244884711500e+02
1.025202540794107620e+02
1.028391258056989699e+02
1.030579805907678974e+02
1.030615792475387451e+02
1.032802426001801308e+02
1.034620860076645954e+02
1.035067186566247130e+02
1.037443681971211760e+02
1.040999348370537945e+02
1.043939771879216636e+02
1.048116786573345252e+02
1.051417987423084242e+02
1.053034537201178580e+02
1.054844853735748842e+02
1.055332907017836277e+02
1.057583724769545626e+02
1.061005049438710017e+02
1.062043191775373003e+02
1.063538081525730377e+02
1.065460199401422869e+02
1.067003014575782629e+02
1.068757294096428438e+02
1.070801145913965939e+02
1.071045660157499242e+02
1.070699516501254607e+02
1.071546250893765233e+02
1.073239127553906940e+02
1.074457056111737927e+02
1.077491951154432286e+02
1.080462749290671098e+02
1.083545875396934264e+02
1.085251714244538874e+02
1.086927866304718009e+02
1.089928233364174304e+02
1.092308192753830554e+02
1.092299742752358611e+02
1.092902387825177755e+02
1.094858312466683259e+02
1.096457812980231665e+02
1.097319441755554692e+02
1.099390283261944319e+02
1.099304831144314534e+02
1.100860524860626839e+02
1.102368213618191675e+02
1.104470036343547577e+02
1.104557481298406003e+02
1.103939854163944858e+02
1.104411390128037169e+02
1.105750793191584478e+02
1.105242490861666056e+02
1.105960564916829441e+02
1.107590003425008689e+02
1.109016084843049157e+02
1.109651742114889572e+02
1.110895942176356783e+02
1.112043931829555703e+02
1.114897192421362888e+02
1.117670020443591312e+02
1.118312012507958286e+02
1.120794375731134096e+02
1.122092861425831813e+02
1.124002834821669268e+02
1.125598983537137059e+02
1.126879939727604096e+02
1.128498156126897527e+02
1.129368206055934962e+02
1.131614503518918724e+02
1.132159712367909066e+02
1.132878977266453973e+02
1.134255066920021306e+02
1.135566439386442710e+02
1.135669541226780694e+02
1.136575438975754508e+02
1.136709755704596887e+02
1.137527566876186143e+02
1.137034134065736026e+02
1.138269335424195816e+02
1.139031777593721699e+02
1.139741886001252880e+02
1.140731287837815557e+02
1.141050340326390682e+02
1.141727844601472412e+02
1.142655695480940778e+02
1.143767794608331343e+02
1.144254222576830813e+02
1.144532394967047253e+02
1.144386450823393204e+02
1.145507420426403797e+02
1.146762019143972395e+02
1.147666579935904849e+02
1.148534326630497873e+02
1.149499469442952062e+02
1.149823500834105658e+02
1.150344639650256227e+02
1.152753517280590216e+02
1.154514466797022578e+02
1.155494373832357695e+02
1.159104875705535846e+02
1.159108894670679462e+02
1.161866695874330730e+02
1.163097672702776038e+02
1.164070142484292774e+02
1.165899946755296241e+02
1.165625865987040015e+02
1.166092865108848287e+02
1.167951577624069017e+02
1.169594536644385414e+02
1.170167513079903898e+02
1.169486015533342567e+02
1.170567244119292099e+02
1.171396305012951444e+02
1.171293959130213977e+02
1.171936371690841270e+02
1.172304764562647108e+02
1.172400608546752636e+02
1.172254987804743536e+02
1.172387315587956351e+02
1.172216743568925921e+02
1.172080741435838007e+02
1.172015738703594252e+02
1.171689290694520196e+02
1.174007597056787517e+02
1.174947357613008165e+02
1.174385244862012740e+02
1.174467927057936123e+02
1.175667978243253202e+02
1.175803497652651970e+02
1.174391316984067544e+02
1.175148523636695757e+02
1.175140177323926451e+02
1.174984726727940796e+02
1.175590309824751358e+02
1.176278579618294771e+02
1.175610791356561577e+02
1.176289289363307802e+02
1.175695479916957282e+02
1.176035379012670745e+02
1.175947625361097835e+02
1.176289651685339521e+02
1.176533818046611088e+02
1.177394689181083152e+02
1.177817183538589063e+02
1.175954127182791353e+02
1.175868966253652843e+02
1.176343420906078165e+02
1.176489306744478966e+02
1.176458247102506931e+02
1.176323906841726910e+02
1.175992846347215561e+02
1.175788645072432246e+02
1.176238308821794618e+02
1.175942012993387635e+02
1.177331747199368834e+02
1.176635188879830736e+02
1.175624244820938884e+02
1.175426636090698338e+02
1.175480215989048816e+02
1.176501743979673762e+02
1.178219404061171360e+02
1.179134389153763465e+02
1.179141553124787123e+02
1.179530997200142224e+02
1.178861092756033173e+02
1.178826992598762615e+02
1.179176761115695484e+02
1.179286679298025717e+02
1.179980322948688212e+02
1.181391594093220476e+02
1.183905606126950119e+02
1.184799128883880854e+02
1.186872025730500013e+02
1.188194644501765680e+02
1.189047757938009084e+02
1.189734712580111733e+02
1.189537611364241627e+02
1.190553307627579613e+02
1.191906984985752445e+02
1.193364698075015866e+02
1.194693081666689665e+02
1.196175983745148699e+02
1.197507954462742532e+02
1.196977712073378655e+02
1.197170400928081051e+02
1.198890407447319006e+02
1.200416249740571857e+02
1.201820336589637321e+02
1.203056722925864364e+02
1.203339779696324428e+02
1.204258071107094992e+02
1.204759412316647058e+02
1.204670547650373180e+02
1.205416268126723480e+02
1.205384218689843578e+02
1.206124968273549456e+02
1.204484635592691149e+02
1.204120072825190562e+02
1.205612550465537822e+02
1.206687810483442291e+02
1.207914928287152208e+02
1.207875656250860317e+02
1.208218224996339529e+02
1.208697277890344850e+02
1.208746493616441455e+02
1.208998312021203390e+02
1.209723735382373349e+02
1.209618126764660957e+02
1.210062792433241867e+02
1.210710152708758187e+02
1.211732977722908799e+02
1.211518754543847791e+02
1.210905204105273327e+02
1.210142949271672137e+02
1.210403754045679392e+02
1.210674862911568965e+02
1.211019844808271699e+02
1.211754457285189801e+02
1.212210053536981178e+02
1.213681887600123588e+02
1.212271835441713961e+02
1.211583179310224807e+02
1.212261390733227273e+02
1.213059726741710023e+02
1.212863209202518391e+02
1.213144302196993891e+02
1.213029659412481607e+02
1.211458408243905183e+02
1.212031889775305018e+02
1.213450363496793329e+02
1.213108379153892287e+02
1.212808155060883308e+02
1.213788965112274525e+02
1.215033943675866084e+02
1.216447101503287342e+02
1.216481056910286895e+02
1.216593774355180670e+02
1.217205481798151254e+02
1.216274400770418254e+02
1.216109440375715849e+02
1.215641412209069188e+02
1.216186644652962769e+02
1.216939083724848132e+02
1.217063765739022045e+02
1.216849622583102075e+02
1.218461122350989569e+02
1.219559674136188931e+02
1.220271686315162327e+02
1.220447943128683477e+02
1.221270041621542077e+02
1.221314524271170399e+02
1.222685141426713500e+02
1.223553468786036404e+02
1.222958267367740746e+02
1.224839393273310151e+02
1.225349401384223995e+02
1.227015387078388216e+02
1.226724258137653720e+02
1.227035973735618626e+02
1.228440958328893089e+02
1.231018390432271019e+02
1.230918131671727309e+02
1.232137368895260323e+02
1.232621545533642262e+02
1.233499428910840265e+02
1.234980977852422370e+02
1.235208737338987106e+02
1.236677974669531608e+02
1.236644806976326976e+02
1.236751454344282450e+02
1.238147776535035121e+02
1.239271214488361608e+02
1.239320701605780215e+02
1.239316832200609184e+02
1.239769950967206000e+02
1.239799706438062543e+02
1.241635398059811308e+02
1.241704802275154265e+02
1.241557359326321262e+02
1.241215433495451492e+02
1.240304643620678462e+02
1.241362078799246120e+02
1.241989063731068654e+02
1.241792224264080744e+02
1.243057307778746008e+02
1.241857803017068136e+02
1.242224024204325161e+02
1.242475927523102825e+02
1.242467589681386642e+02
1.242139901952013332e+02
1.242604116586829974e+02
1.244069907307757745e+02
1.243865886408583634e+02
1.245194210066498499e+02
1.244366875158921459e+02
1.245516959848526284e+02
1.246130519365595006e+02
1.245656411417821374e+02
1.245747915007636237e+02
1.246148661518056571e+02
1.246258114910388883e+02
1.245626280311474261e+02
1.245982763159478708e+02
1.245594445147902860e+02
1.246849276287444894e+02
1.246355631625057470e+02
1.246495959299414125e+02
1.247088272263396362e+02
1.246282068325881198e+02
1.246598424315373705e+02
1.246977413681664899e+02
1.247622155089086391e+02
1.245909708665633246e+02
1.246626065466490587e+02
1.246781380223015958e+02
1.246872434628831456e+02
1.246674200869447020e+02
1.247326485632559780e+02
1.247748553539347398e+02
1.247636039571628856e+02
1.247720403164234426e+02
1.248036200974900964e+02
1.248043221544579069e+02
1.249047847784091800e+02
1.247980887387610522e+02
1.248263680034707761e+02
1.248461823775614761e+02
1.247766747746644569e+02
1.248319718435617176e+02
1.247769874403897745e+02
1.248732242207721725e+02
1.248900050942594220e+02
1.249077401166574930e+02
1.249459794867417486e+02
1.248875699285207190e+02
1.248511983041778279e+02
1.249768816144952410e+02
1.249925843947487039e+02
1.250520856054677239e+02
1.250794833595428486e+02
1.251362832134846457e+02
1.253172437454968247e+02
1.253593426677419700e+02
1.252033831107138155e+02
1.251762843504488387e+02
1.251037530240874389e+02
1.251142345174478123e+02
1.251964280769487630e+02
1.252046039184800179e+02
1.251705344773746731e+02
1.252055378373446217e+02
1.252041167102469785e+02
1.252123551927960818e+02
1.252170725648793166e+02
1.251632860819032800e+02
1.252163388987971473e+02
1.252183546264223821e+02
1.251670624314137541e+02
1.250580443835458340e+02
1.250624112162356738e+02
1.252322188673926888e+02
1.252757817410744110e+02
1.253166726904029531e+02
1.252749501221532284e+02
1.253120509026761198e+02
1.253712487520289045e+02
1.254471267930575777e+02
1.254166695277034904e+02
1.255038446964883150e+02
1.256315905006878921e+02
1.257371213229963729e+02
1.258150794259403114e+02
1.258399234039235495e+02
1.258104618282816318e+02
1.258519525988724155e+02
1.258840983354076428e+02
1.260015203845926237e+02
1.259974505424248861e+02
1.260699189927807851e+02
1.261672277312551103e+02
1.263176218840014968e+02
1.263429494472112822e+02
1.263366367865141058e+02
1.263466528695281426e+02
1.264836230219253110e+02
1.264693836523507571e+02
1.264682628233977795e+02
1.267340761192358940e+02
1.268290433926461702e+02
1.270759588783322585e+02
1.271006497845474712e+02
1.271802311541646731e+02
1.271278959754073981e+02
1.271869341172556318e+02
1.272908347683144683e+02
1.273271584124027953e+02
1.274074223938054473e+02
1.273920138814664682e+02
1.275673061790176064e+02
1.276175114753919786e+02
1.276054067530616578e+02
1.275444416422755438e+02
1.276217077514880032e+02
1.276727676776875313e+02
1.277822615328926901e+02
1.277992379411625734e+02
1.277913728549476389e+02
1.278400226462666609e+02
1.278275224054773247e+02
1.277214289800553786e+02
1.277348148805268124e+02
1.276261660091026471e+02
1.275767535017175760e+02
1.277029513430147176e+02
1.277750902494774863e+02
1.278177784647191118e+02
1.278536063222247776e+02
1.278027005180824602e+02
1.278460726745295659e+02
1.279004533860697848e+02
1.278102849437068045e+02
1.277675691562650258e+02
1.278771856681716201e+02
1.279691853252903542e+02
1.280356547051250402e+02
1.280037070753729154e+02
1.281329143195577274e+02
1.281124916970202889e+02
1.280773571551305849e+02
1.281306092794550011e+02
1.281295875021206712e+02
1.281733011459668603e+02
1.281932701650407580e+02
1.282417292739717425e+02
1.282362441776703292e+02
1.281402908594275516e+02
1.281613558319232880e+02
1.282335790472375550e+02
1.282509253082927216e+02
1.282512897221288597e+02
1.282931738683408298e+02
1.283081044005802482e+02
1.283291986225538892e+02
1.283389024502812674e+02
1.283917361983428975e+02
1.284184191446104251e+02
1.284943292707469027e+02
1.284802614589350469e+02
1.284420847285282150e+02
1.284414073262174441e+02
1.283151757894232503e+02
1.283059767839270364e+02
1.283417559434700479e+02
1.283285303592362254e+02
1.283870504756829405e+02
1.283422559582652127e+02
1.283694220328295330e+02
1.284251348374334327e+02
1.284274362674963754e+02
1.284508757621348707e+02
1.284192715436939238e+02
1.285179057686587498e+02
1.285571374191468692e+02
1.285118982342193021e+02
1.284501482023596850e+02
1.284539407045437542e+02
1.285669081738240891e+02
1.285725746490300025e+02
1.285454964901926758e+02
1.283906219785470455e+02
1.283630788205810802e+02
1.283662133407405861e+02
1.284467499382274696e+02
1.285603897457529854e+02
1.285936174872378501e+02
1.285124199289104467e+02
1.284870105025420060e+02
1.285142292931897146e+02
1.285499403448523879e+02
1.285213778842971237e+02
1.285686607747027494e+02
1.286424470999049845e+02
1.286407871685933344e+02
1.286632695280211180e+02
1.286979274254677250e+02
1.286945974082233874e+02
1.287334091133304241e+02
1.287628991064345882e+02
1.288219194071429854e+02
1.287391498331191428e+02
1.287001013230580213e+02
1.285978629434557661e+02
1.286776194056880911e+02
1.287253086114052110e+02
1.286665214934093058e+02
1.286932927434102965e+02
1.286289126639865970e+02
1.286954218245577977e+02
1.286142660065533221e+02
1.285913599383962378e+02
1.285642762083129185e+02
1.285179362863578376e+02
1.285263818256154025e+02
1.284987038293885462e+02
1.285024194362963499e+02
1.285499829271061571e+02
1.286231065434134848e+02
1.286657270020205601e+02
1.286257985651221247e+02
1.285689203853220306e+02
1.285717833997224488e+02
1.287531877012204689e+02
1.287438834608468028e+02
1.287738802124539177e+02
1.287740801765608296e+02
1.287158639383304433e+02
1.287270136593503480e+02
1.287186596233427451e+02
1.286506353907612379e+02
1.285388141021479100e+02
1.284927784896799778e+02
1.284352340886344450e+02
1.283416670557346606e+02
1.283743822944483668e+02
1.284370160901065105e+02
1.285409446017915229e+02
1.285210662475030858e+02
1.284124496443780856e+02
1.285049421215871917e+02
1.284032496872596880e+02
1.283756482017677456e+02
1.283054069877157417e+02
1.284525299234778970e+02
1.285515785074904898e+02
1.284149500658797081e+02
1.284771454392089822e+02
1.284471644286274170e+02
1.284036468170873775e+02
1.283521983292672530e+02
1.283883932842229569e+02
1.283600431124682189e+02
1.284401230737433366e+02
1.285709763088711952e+02
1.286482008843421738e+02
1.286089232935852351e+02
1.285523025722731063e+02
1.285095365375946130e+02
1.286266499405192860e+02
1.286707354553261951e+02
1.286592687534268009e+02
1.286809283293248711e+02
1.286422722597185668e+02
1.286794592164375786e+02
1.285823942348585263e+02
1.286797511709733612e+02
1.286436330327143764e+02
1.287153634484562872e+02
1.288036035678225346e+02
1.287238406894257992e+02
1.287740353736724899e+02
1.287303957823247913e+02
1.289130096477829852e+02
1.288956667305532449e+02
1.289490317655792353e+02
1.290661780969052188e+02
1.290436416251828859e+02
1.290189306479742868e+02
1.289647332805953681e+02
1.290186567776958668e+02
1.289361217592941955e+02
1.289107436121272201e+02
1.290072424250187453e+02
1.290059991504456889e+02
1.290957448813303756e+02
1.290440250574536662e+02
1.291553962205667858e+02
1.292042544224773906e+02
1.292323758903693260e+02
1.292223383187300669e+02
1.291985121563019732e+02
1.292719897358918502e+02
1.293136956501154486e+02
1.293481460855584828e+02
1.295475541733707701e+02
1.295397898486284873e+02
1.294953380635977283e+02
1.295122976775203085e+02
1.295810773702244205e+02
1.297363366998409333e+02
1.297681221838266197e+02
1.299901337133191532e+02
1.300423802899378813e+02
1.300739075055293767e+02
1.301722895194236287e+02
1.302006261619169152e+02
1.302778375739868579e+02
1.302450402473151030e+02
1.305281997334313360e+02
1.305280325405888107e+02
1.305151103134925279e+02
1.306768656069037320e+02
1.306686643262811742e+02
1.305576851984255597e+02
1.305790215412341695e+02
1.307489963741773522e+02
1.309422907506360900e+02
1.309508577822654161e+02
1.309367795798792997e+02
1.309728169061876599e+02
1.309898839707957166e+02
1.309476598340555142e+02
1.310285328220849976e+02
1.311128796478579375e+02
1.311555547326165083e+02
1.312349182413304902e+02
1.313461712746990315e+02
1.313366301409925825e+02
1.314038149043726946e+02
1.314094967032164334e+02
1.314423824441752799e+02
1.315608558216708275e+02
1.314894277341923043e+02
1.314152944017997129e+02
1.314796058933490599e+02
1.313988091289758415e+02
1.314267063931899600e+02
1.314620561041474502e+02
1.313541556207161136e+02
1.313902425413706396e+02
1.313418699729079435e+02
1.314496484233775391e+02
1.315341045382218113e+02
1.315340096880692329e+02
1.316004480054037344e+02
1.316553320778426439e+02
1.316257525815437077e+02
1.315751475961032497e+02
1.315980086572541552e+02
1.316995850449568479e+02
1.316345153712111085e+02
1.316860362802025861e+02
1.317155374878944087e+02
1.318028335786767116e+02
1.318404005903554435e+02
1.318759950222581665e+02
1.319261737623426143e+02
1.318818784985398338e+02
1.319659055615853731e+02
1.319484860581915768e+02
1.320255290646400113e+02
1.320655220245738519e+02
1.320199580988607693e+02
1.319846931977130282e+02
1.319570115907054060e+02
1.319496990389643827e+02
1.320300387347193407e+02
1.320534054563050290e+02
1.320331266168753075e+02
1.320570297790030452e+02
1.319686441942995430e+02
1.320141503457909664e+02
1.320019839512794420e+02
1.319681700528534236e+02
1.319193234366813670e+02
1.318747495409228350e+02
1.319424714866206045e+02
1.318911553003655115e+02
1.317688351546591434e+02
1.317666750641580791e+02
1.317672478861395575e+02
1.318334929846176351e+02
1.319126225034264621e+02
1.318133236170929194e+02
1.319512342794639892e+02
1.318381329573268204e+02
1.319167492065787997e+02
1.319127875583880609e+02
1.319316010219265536e+02
1.319319610532436684e+02
1.318759810608065379e+02
1.318536528023441576e+02
1.320298840138265462e+02
1.320062170805395283e+02
1.319775871967095497e+02
1.319674367795075511e+02
1.320116420999651723e+02
1.318315438942539117e+02
1.318549833009255963e+02
1.319248310544248568e+02
1.318630281819378069e+02
1.319651479409303647e+02
1.319775780663439662e+02
1.319458801351642592e+02
1.318638964590516025e+02
1.319034256464827024e+02
1.318759385171805718e+02
1.319894313400355088e+02
1.319795976655562413e+02
1.318853156839010410e+02
1.318867271171120592e+02
1.317986663155413112e+02
1.316847449310133982e+02
1.316918315360139218e+02
1.318791376811765019e+02
1.316983168511727058e+02
1.316822790987241092e+02
1.317563302334714308e+02
1.317949429408488413e+02
1.319444482164832095e+02
1.318122394915127984e+02
1.318613892737003539e+02
1.318265965074093913e+02
1.317265804203104551e+02
1.317899154877601973e+02
1.318270272122808819e+02
1.318132647715595454e+02
1.317088514564551076e+02
1.318127225087427519e+02
1.318364986635334901e+02
1.319003955922284774e+02
1.319001759743859452e+02
1.319142116887276188e+02
1.318118395129075680e+02
1.318165528162582518e+02
1.319290726532995279e+02
1.320050464226694373e+02
1.320406086282614240e+02
1.320910497290777812e+02
1.320911827896998432e+02
1.319782747747960343e+02
1.319233563522262500e+02
1.318747567194909607e+02
1.319400827151687849e+02
1.318508795051517950e+02
1.319205099347991563e+02
1.319442730076750934e+02
1.319404055807721079e+02
1.319443468293917761e+02
1.319989722691175587e+02
1.320110740272062344e+02
1.319891324978412399e+02
1.318966475850813822e+02
1.320141638572109741e+02
1.319754991190499140e+02
1.320080050020516751e+02
1.319435720645547008e+02
1.320278870277296335e+02
1.320676835232868314e+02
1.319987992027809298e+02
1.319734149769844578e+02
1.320070015437876805e+02
1.319757565371553767e+02
1.319094144950786074e+02
1.319324068700588271e+02
1.319743171846609187e+02
1.318265054208114577e+02
1.319667765562998341e+02
1.319821196160533248e+02
1.319588645001078930e+02
1.319630257384118579e+02
1.320611207250907739e+02
1.321555055746093217e+02
1.321690814681620623e+02
1.321514120265189263e+02
1.321725341750717178e+02
1.320851179447460026e+02
1.321003074539309239e+02
1.320794348440169301e+02
1.321127178285862271e+02
1.321198990251412795e+02
1.321654698220516480e+02
1.322639306340252858e+02
1.322793038485196462e+02
1.321545549784799789e+02
1.321359793067477710e+02
1.320912289604496266e+02
1.320703652002974309e+02
1.320195470446778359e+02
1.320977383567868060e+02
1.320281661773971109e+02
1.320635716271152376e+02
1.320142681570019931e+02
1.319497197745503740e+02
1.319810410984756572e+02
1.320479417837590574e+02
1.319578263678814665e+02
1.319876114925907018e+02
1.320259638210084461e+02
1.321019945419507167e+02
1.321081451505862674e+02
1.321517529065975225e+02
1.321547444280482750e+02
1.320181949016320573e+02
1.320051251823642247e+02
1.320178743219395869e+02
1.320816278363300569e+02
1.321153442386700760e+02
1.321457393876123376e+02
1.321581944464364824e+02
1.321546018335986048e+02
1.320827009219104013e+02
1.321609975801524115e+02
1.320860307547061439e+02
1.320052556636572945e+02
1.320079422239814733e+02
1.319876408058645723e+02
1.320502743456873418e+02
1.320357559525922113e+02
1.320560534936234944e+02
1.320082708788573882e+02
1.320812953804069707e+02
1.321274715896444434e+02
1.321330336624930339e+02
1.321134799070854910e+02
1.321368171044808832e+02
1.320983106640529172e+02
1.320573801839406656e+02
1.320648179845111940e+02
1.320672391141706328e+02
1.321276692424086434e+02
1.322126660035172847e+02
1.322264221089226623e+02
1.322062372565807209e+02
1.322633656643788242e+02
1.323403613862266184e+02
1.323486372311760704e+02
1.323043987429460060e+02
1.322117847208013472e+02
1.321840315137332027e+02
1.321212236678593968e+02
1.321988031830519503e+02
1.322966412060559378e+02
1.323017832101717772e+02
1.322325736783587899e+02
1.322557869782346813e+02
1.321697881819357860e+02
1.320733324629569267e+02
1.320256069299478838e+02
1.320557706839556431e+02
1.320021354902896462e+02
1.319956240352794623e+02
1.321044543674920533e+02
1.320472340786662357e+02
1.320815175318069805e+02
1.318934379244098238e+02
1.319482983655938710e+02
1.318524632740121660e+02
1.319764515854717786e+02
1.319930980614367400e+02
1.320579518477529746e+02
1.319321601722887181e+02
1.319564170421373888e+02
1.319494579825787071e+02
1.318342690222466160e+02
1.319251701655192051e+02
1.319680906053705201e+02
1.319176223195917999e+02
1.319407728202397720e+02
1.319539012662654613e+02
1.319705053458316684e+02
1.319073907266737820e+02
1.320517754752256394e+02
1.319568331566975701e+02
1.319594100753067210e+02
1.319093963539401670e+02
1.319067126299520964e+02
1.319606708778881341e+02
1.319242293990205610e+02
1.320326150915939252e+02
1.319915350959519742e+02
1.319319514056392393e+02
1.319680488871430839e+02
1.319747152855298964e+02
1.319220596906302205e+02
1.319388265567920087e+02
1.319127215505416189e+02
1.319834723500826783e+02
1.320942801252229799e+02
1.321032850315729377e+02
1.321236012308798422e+02
1.321340305200125442e+02
1.321458186704082607e+02
1.321384567144534969e+02
1.321538325048145168e+02
1.321513577492296747e+02
1.321476921261149471e+02
1.321810669521049419e+02
1.321454436945788586e+02
1.321420839291577920e+02
1.321802304118484699e+02
1.321879404772114981e+02
1.320412188272558751e+02
1.319025908766453767e+02
1.320323668984217136e+02
1.320364864946457431e+02
1.319343114438912323e+02
1.319409131454053750e+02
1.319526856913897745e+02
1.320231175164392141e+02
1.320390693567333926e+02
1.319911129242178163e+02
1.320323875649984586e+02
1.320314250650438623e+02
1.321534432400081585e+02
1.321474781135513865e+02
1.321119972456225184e+02
1.321130896876837539e+02
1.321260169801348638e+02
1.321589860570222470e+02
1.321476227496861497e+02
1.321855884007111968e+02
1.321757787346656983e+02
1.322041817324277133e+02
1.323168731628778403e+02
1.323908225525173350e+02
1.324162485831270430e+02
1.324188671319837738e+02
1.323030356097391973e+02
1.323073268976463339e+02
1.322972004898091711e+02
1.322926424911161405e+02
1.322133183343185010e+02
1.322039307323280184e+02
1.323306718409860707e+02
1.323333134064449155e+02
1.323711190358199303e+02
1.324260494032608619e+02
1.325939884402587552e+02
1.324203370376919793e+02
1.324051681478218825e+02
1.323978330873184746e+02
1.324281017587064753e+02
1.324596351691819507e+02
1.324702381702256559e+02
1.324316135423041203e+02
1.324395779395114516e+02
1.324765390584349518e+02
1.323895519867506607e+02
1.323363851414160877e+02
1.323286516015003258e+02
1.322896637180518269e+02
1.322834030599240123e+02
1.323324760945444041e+02
1.323695126668929447e+02
1.323765357093090813e+02
1.323167246354728661e+02
1.323261342391022595e+02
1.322710097491974182e+02
1.321804101168617365e+02
1.321341606417729224e+02
1.323692445096415611e+02
1.324200586686877443e+02
1.323591874784988249e+02
1.325672055576672506e+02
1.325836711488593380e+02
1.326567176068738263e+02
1.327811955334945822e+02
1.327680232848523190e+02
1.328158660162708031e+02
1.327803138412333510e+02
1.327508928615846742e+02
1.327622514810458370e+02
1.329125292379101495e+02
1.328094798105692291e+02
1.327476808578691134e+02
1.327314468289865488e+02
1.327100156558680339e+02
1.327435499914224124e+02
1.327431335725099188e+02
1.327325225886965256e+02
1.328806488134572135e+02
1.328601460632787905e+02
1.329457638680041782e+02
1.329900335986697542e+02
1.330702333007226912e+02
1.330714400090746210e+02
1.330090382854596669e+02
1.331214081880995650e+02
1.330750477958904128e+02
1.330966597585824331e+02
1.331196986396051614e+02
1.331403638851265043e+02
1.332048427841351668e+02
1.333127118699746916e+02
1.335346893111434667e+02
1.335374760786606032e+02
1.335785276071528074e+02
1.336023619226625101e+02
1.337301568808768195e+02
1.336875210573089987e+02
1.338845140796569240e+02
1.339385151470822564e+02
1.338840549693800313e+02
1.339191399484536191e+02
1.340487458070826960e+02
1.339400839791095734e+02
1.339102176265244282e+02
1.341204684760062378e+02
1.342825954358944784e+02
1.343151200145507005e+02
1.344794842821852683e+02
1.344767449867538289e+02
1.344583427089735039e+02
1.344842313785455019e+02
1.344358237619450165e+02
1.344640988488393418e+02
1.345056750823991649e+02
1.344763482665159131e+02
1.345232717492482664e+02
1.347354203365681826e+02
1.347663272186907193e+02
1.348174665767637919e+02
1.348183698561046526e+02
1.349606855855033700e+02
1.349448018887020169e+02
1.349838476309477926e+02
1.348502952252276543e+02
1.348097999737992723e+02
1.348942166273610894e+02
1.348892869210721130e+02
1.348830192707138735e+02
1.350394846938114313e+02
1.348859617734589449e+02
1.350857802421020608e+02
1.350533215835629335e+02
1.351363107338715679e+02
1.352034252434912389e+02
1.352054097078011807e+02
1.351776201874720300e+02
1.350431883210196702e+02
1.349882070416807380e+02
1.349740466999321313e+02
1.349487901579270215e+02
1.349488954230015167e+02
1.350663232482448564e+02
1.348771796788724373e+02
1.349042357227828290e+02
1.349862705215137737e+02
1.350538132555669222e+02
1.349987362338032710e+02
1.349650664747616986e+02
1.349310918085489277e+02
1.349639516900340652e+02
1.349526420761243628e+02
1.350166513958203609e+02
1.350245848703370655e+02
1.349831390267016502e+02
1.349500276704560235e+02
1.351626367517368692e+02
1.351942845624829488e+02
1.352327655766355861e+02
1.351872049290425650e+02
1.351897898902224426e+02
1.351948991175419792e+02
1.351945275778332416e+02
1.353032959480832176e+02
1.353248922369048728e+02
1.353453135412920574e+02
1.352137893189928946e+02
1.352289939870072715e+02
1.353699501832743124e+02
1.353768278662366811e+02
1.352958210967926220e+02
1.352612499860475737e+02
1.353333437904709911e+02
1.352256606654933933e+02
1.351922675497384887e+02
1.351574201595705915e+02
1.353207131336920668e+02
1.353230911190769632e+02
1.353386593208775821e+02
1.353447398063861442e+02
1.352078144696343145e+02
1.351354077925607271e+02
1.351070590934447182e+02
1.351776618817276017e+02
1.352955351701352527e+02
1.353695593283561891e+02
1.355618928090527504e+02
1.354312957965723285e+02
1.355403052810399060e+02
1.355418971179136634e+02
1.355281102387888836e+02
1.354929551228860021e+02
1.355789972659360672e+02
1.355525914150096867e+02
1.356391602989051250e+02
1.356764570930383229e+02
1.356850896451175572e+02
1.356509882482210116e+02
1.356163626114974932e+02
1.356265265697703626e+02
1.356526793279677179e+02
1.356475533140627761e+02
1.356049787860576430e+02
1.356497568894562846e+02
1.356060941929664239e+02
1.355814749973334017e+02
1.355391461407769214e+02
1.355597951168688269e+02
1.356189935058674223e+02
1.356672768571605445e+02
1.357425315603125568e+02
1.357475683062317557e+02
1.357499302275516015e+02
1.357497207157887544e+02
1.356669965118095433e+02
1.357397242215969868e+02
1.357515966835474615e+02
1.357934735052638189e+02
1.357122017580360307e+02
1.356429626028494226e+02
1.356562205655751541e+02
1.355909358562846023e+02
1.356796329342558067e+02
1.356180681511671935e+02
1.355851854532484992e+02
1.355411826826106392e+02
1.355438813466682859e+02
1.356606377730759050e+02
1.357104499521531409e+02
1.357106128639522922e+02
1.357442712478617182e+02
1.358444387223106560e+02
1.357644703794178156e+02
1.357118534291039680e+02
1.358038003034766064e+02
1.356758385383334087e+02
1.356813995750974016e+02
1.356667870890316294e+02
1.356598100337216977e+02
1.357138959093646520e+02
1.357488423891331877e+02
1.357737056830249855e+02
1.358171599817632966e+02
1.357816245134698931e+02
1.359562780857111477e+02
1.358521572475263781e+02
1.357995596238715734e+02
1.358303041624822924e+02
1.358083602345757015e+02
1.357749894482125796e+02
1.358622195806980812e+02
1.359316521875346098e+02
1.360038371746251755e+02
1.358475962149323095e+02
1.357501354620999905e+02
1.357515089356465410e+02
1.357440136690154873e+02
1.358092617641420645e+02
1.358634371025372332e+02
1.358683097236748267e+02
1.358058103261315068e+02
1.358183603631436540e+02
1.357239823803772083e+02
1.358005769841863071e+02
1.357984118314530519e+02
1.356630817300796821e+02
1.356402108076937907e+02
1.356323230848020671e+02
1.355965933266770662e+02
1.355624922029604988e+02
1.355380275322429497e+02
1.356797752478095731e+02
1.356325864303071853e+02
1.356340360573781538e+02
1.357937544941431156e+02
1.357364273528576462e+02
1.357463949065717941e+02
1.357237975489698556e+02
1.358265369285323061e+02
1.357792108454409004e+02
1.358409740600611713e+02
1.359248863267310696e+02
1.358340198837385060e+02
1.357862284850739627e+02
1.358489821943910272e+02
1.357976823693553570e+02
1.358110841810855334e+02
1.357918224376196292e+02
1.358073305957512957e+02
1.357898333017178345e+02
1.358179993818824585e+02
1.358472086936282608e+02
1.358244812869537554e+02
1.358252311725725292e+02
1.358786850487977347e+02
1.358363422766303756e+02
1.358504172329110986e+02
1.357777248102144370e+02
1.357455655248629682e+02
1.357996409378885119e+02
1.357942931324125198e+02
1.357935455910668736e+02
1.359183459710925206e+02
1.359442116379818515e+02
1.359173083238538027e+02
1.359016669506612800e+02
1.358741967419858838e+02
1.358095330725874987e+02
1.359181934855186853e+02
1.358796068949693563e+02
1.359190065131643053e+02
1.358985094557009177e+02
1.359604595089700751e+02
1.358699484677758278e+02
1.359410865268165480e+02
1.358408120467921094e+02
1.359427863239209557e+02
1.358429532931597805e+02
1.359741339390715780e+02
1.360933519856529017e+02
1.359993620089392721e+02
1.360911866626003643e+02
1.361549411826596554e+02
1.362243635669990169e+02
1.361929242274623277e+02
1.361623403942246853e+02
1.361042877895883692e+02
1.361564868644744024e+02
1.362110215761788652e+02
1.361629168527202580e+02
1.361652381853243980e+02
1.360902070069261640e+02
1.360708635172019569e+02
1.360247010256159967e+02
1.361307090539694968e+02
1.361184964148725385e+02
1.360997047732670069e+02
1.360241304380108431e+02
1.361646447709690619e+02
1.361358604741702720e+02
1.361076013122086295e+02
1.360851803111305287e+02
1.359533815137255601e+02
1.359923666966672045e+02
1.359398979865880790e+02
1.359683173305689934e+02
1.358451688647743083e+02
1.359379450749191562e+02
1.359873642366189301e+02
1.359350891250029747e+02
1.359924333746258185e+02
1.360245293352097917e+02
1.361534160805231011e+02
1.361157638462356090e+02
1.361766971094292273e+02
1.361302017555317150e+02
1.361680344147004860e+02
1.361408558600006984e+02
1.362083383919812434e+02
1.363596140533806249e+02
1.363603936261759770e+02
1.363569363049491585e+02
1.362488236703828761e+02
1.362179671447374574e+02
1.361993335801382443e+02
1.361726872002844289e+02
1.362306259611694941e+02
1.364292992328817036e+02
1.364090134696618577e+02
1.363656853444511512e+02
1.363682125856772700e+02
1.362691761453610297e+02
1.363066128709262159e+02
1.362088744534559055e+02
1.361620754709707342e+02
1.362473997446520855e+02
1.361108514808644543e+02
1.362120263519726677e+02
1.362167535294049401e+02
1.362686766369595546e+02
1.361808441602500466e+02
1.363490749205403461e+02
1.363638675137947018e+02
1.363466035953150595e+02
1.363769006421096890e+02
1.363614164618122402e+02
1.363693013024129925e+02
1.364835695868765981e+02
1.365465088400962372e+02
1.366241744858673712e+02
1.366184377071409699e+02
1.366361837435446205e+02
1.366251023549060051e+02
1.366256026655955225e+02
1.366586813622181467e+02
1.367435384427232066e+02
1.367591791073090519e+02
1.369590373214365115e+02
1.369542374154596587e+02
1.369738296559725370e+02
1.369775163571216865e+02
1.371633747550104374e+02
1.371793819814027700e+02
1.373342408399981025e+02
1.371707602398440144e+02
1.372411688958222555e+02
1.371763042071000029e+02
1.375092084966538835e+02
1.375455710299546865e+02
1.376834771775207003e+02
1.376817963970140966e+02
1.375453292915666168e+02
1.375142806317169857e+02
1.378523720161638835e+02
1.377258554246357960e+02
1.377335358128341909e+02
1.379211528965540197e+02
1.381419811066488990e+02
1.381039242780035465e+02
1.381055421925588860e+02
1.382202148125577708e+02
1.382657923986569983e+02
1.382627032427457721e+02
1.384713227715170092e+02
1.383478314646945933e+02
1.383794044306917783e+02
1.385663710600187528e+02
1.385956148420874285e+02
1.385817562919465331e+02
1.386128645289560382e+02
1.386071939293930200e+02
1.387542329707111719e+02
1.388113853558488415e+02
1.387835329232169101e+02
1.386523770327537761e+02
1.388889439280028455e+02
1.389256205482049609e+02
1.386921880973311829e+02
1.388253214430357048e+02
1.388419495299574464e+02
1.388515084155590102e+02
1.388810761231992501e+02
1.388613959857731572e+02
1.387130197228196948e+02
1.388708993484715961e+02
1.389009896402130551e+02
1.388082092290576099e+02
1.387812378718795969e+02
1.387816334314869380e+02
1.388315055675101917e+02
1.388645796015562155e+02
1.387319543941869995e+02
1.389581943411279497e+02
1.390380126990175995e+02
1.391023999781508280e+02
1.390415287755480449e+02
1.390825854001604398e+02
1.391494546202787035e+02
1.389674004309188149e+02
1.389795809917742133e+02
1.389807222811422776e+02
1.389269286174704234e+02
1.389806439286757325e+02
1.389027414496359540e+02
1.389798114733077625e+02
1.389062636856059214e+02
1.389225612978210904e+02
1.388767278966153071e+02
1.389168566972892052e+02
1.389322167605859022e+02
1.389261775327697990e+02
1.388689875489515089e+02
1.389674433381686356e+02
1.390167834324549290e+02
1.390461210762689461e+02
1.390003705462425501e+02
1.391816576054622772e+02
1.391916716693322940e+02
1.392315368017954142e+02
1.391758384360938123e+02
1.392102005051987419e+02
1.391367151675676723e+02
1.391412540096351051e+02
1.391479954607335117e+02
1.390858160469978770e+02
1.392128732862647951e+02
1.391072262525362078e+02
1.390061144559516890e+02
1.389954102447524633e+02
1.391035770370106093e+02
1.391422176746402499e+02
1.391629464257018753e+02
1.391340372803807099e+02
1.391812571131057723e+02
1.391305280232180621e+02
1.391826755424534952e+02
1.390959563666009728e+02
1.391139996137435730e+02
1.391615632621992518e+02
1.391652245766785256e+02
1.391661203628466694e+02
1.391766733886056215e+02
1.390396428820659480e+02
1.391346839178345363e+02
1.392900104930423311e+02
1.393145817307418781e+02
1.393083743556094589e+02
1.392352598964795334e+02
1.392858391866994339e+02
1.393638531303122647e+02
1.392386795449317276e+02
1.393013983592833540e+02
1.392376690189585418e+02
1.392356567942671575e+02
1.392958673325948382e+02
1.391540628510487068e+02
1.391108263975354475e+02
1.390887376898674006e+02
1.392710365799259762e+02
1.392537610681324054e+02
1.392637339155009784e+02
1.393200605409896582e+02
1.393617182511649730e+02
1.392202194539357833e+02
1.393072398885995824e+02
1.393578522903354155e+02
1.394186896107182463e+02
1.394098937282105339e+02
1.394841266549723287e+02
1.394909963553862440e+02
1.394350449158532399e+02
1.395590409950538344e+02
1.394957528724586098e+02
1.393426379126008783e+02
1.393157127007065981e+02
1.393801612075133391e+02
1.394095558685320384e+02
1.394753701185635180e+02
1.394920287066055948e+02
1.395046739814713987e+02
1.394463216446009710e+02
1.394445258952344489e+02
1.394211622086171474e+02
1.393990484623876114e+02
1.393889925387919959e+02
1.394009675940561692e+02
1.393293279010970593e+02
1.392715366253976583e+02
1.393753033190022563e+02
1.393254369806253123e+02
1.393157124836840524e+02
1.392358802371072386e+02
1.392264072777637978e+02
1.391996747319544170e+02
1.392695483188118430e+02
1.393305109229683296e+02
1.392917227664232200e+02
1.394219758890932042e+02
1.392933381321016384e+02
1.393079292357186603e+02
1.391930623578233508e+02
1.393472892375690719e+02
1.392549894632239216e+02
1.393402250586224795e+02
1.393470802323636804e+02
1.392796578290082437e+02
1.393329755119545439e+02
1.394111482743240629e+02
1.393685611784550531e+02
1.393171317770831479e+02
1.393206087803378921e+02
1.393494199975152128e+02
1.393582526102527481e+02
1.393839814133415587e+02
1.394281419914049707e+02
1.394377611993596702e+02
1.393438444666403200e+02
1.394196731065372319e+02
1.394953640747817758e+02
1.395045340598673533e+02
1.395620170507783655e+02
1.395902933321195292e+02
1.395405334593623650e+02
1.394940667764558100e+02
1.393978130906573369e+02
1.394016277943291584e+02
1.394442128250585711e+02
1.394067349775322384e+02
1.393832812598909641e+02
1.393168130731401675e+02
1.395196688190556529e+02
1.395683280194503482e+02
1.395205587000171761e+02
1.395178248390519968e+02
1.394707996606478844e+02
1.394634780153322140e+02
1.393470751616358996e+02
1.393258774148037276e+02
1.393790080324966141e+02
1.394649188258149195e+02
1.395509317560736804e+02
1.395345026453196056e+02
1.394181878749067209e+02
1.395051698052120344e+02
1.394444422043640088e+02
1.394616782190189213e+02
1.393799277528976290e+02
1.394145886973855966e+02
1.394232026383704692e+02
1.394486134704737310e+02
1.394257846730166364e+02
1.393759551446695752e+02
1.393990198361794910e+02
1.392745518201974164e+02
1.393182984061657521e+02
1.392736457176355316e+02
1.392586390556527363e+02
1.392243757122027148e+02
1.391675980960176560e+02
1.392782809448600574e+02
1.392455789043552272e+02
1.391708466542443716e+02
1.391941359798397855e+02
1.391468553343613337e+02
1.391328089163507684e+02
1.391831668085277443e+02
1.391622001945539182e+02
1.391208949387647920e+02
1.391695122047491111e+02
1.393098685788975786e+02
1.394042582930450180e+02
1.394575631898397887e+02
1.394203539846091076e+02
1.394826172649556497e+02
1.395469267201290506e+02
1.395421395534670523e+02
1.394762986101571016e+02
1.394541867759086813e+02
1.394147899203884720e+02
1.395029535097550877e+02
1.392905824772852839e+02
1.393280013113541997e+02
1.393461740959600377e+02
1.392678085514477004e+02
1.392427420012678851e+02
1.393234203257046602e+02
1.393669492656847524e+02
1.394007736973014460e+02
1.393556412198182386e+02
1.393237113092117170e+02
1.393174101101861027e+02
1.393722617195302007e+02
1.393370841216901397e+02
1.393671219695413583e+02
1.394454025445763818e+02
1.393454956023474267e+02
1.393136142725517459e+02
1.391836757641026736e+02
1.391691827767831171e+02
1.391474468736040535e+02
1.392370401480058035e+02
1.392241950871666347e+02
1.393040599426581707e+02
1.394258193723530894e+02
1.394829739696147612e+02
1.393867421099655530e+02
1.392633861709889516e+02
1.393240617174279521e+02
1.394013139831832575e+02
1.393279741655615851e+02
1.393756001561151550e+02
1.393248168490122225e+02
1.394164817248322663e+02
1.393665731262784675e+02
1.393464717932788517e+02
1.393238124348762312e+02
1.393386497803668931e+02
1.394170863935741238e+02
1.394861970205759576e+02
1.393708227501570605e+02
1.394310223659848589e+02
1.394121943917504041e+02
1.395009351103528559e+02
1.395462920998084542e+02
1.394202461900748631e+02
1.394644666731822724e+02
1.394852884610996853e+02
1.394445290477117680e+02
1.395129636999191689e+02
1.394618084024354516e+02
1.395693833435475426e+02
1.394605730688735150e+02
1.393021187650408592e+02
1.392184230896048405e+02
1.393998339836951175e+02
1.393952759860756032e+02
1.394365432368983875e+02
1.393769292391868646e+02
1.393676898082575804e+02
1.393247036891160633e+02
1.392876263699642720e+02
1.392019317598726218e+02
1.392811387173579760e+02
1.393482124390341994e+02
1.395092282939557720e+02
1.395347344896885602e+02
1.395498784266916630e+02
1.394782242860792110e+02
1.394867715149457581e+02
1.394988144993597530e+02
1.394012019661092552e+02
1.395157318330014675e+02
1.394550472127691876e+02
1.396036470283503945e+02
1.395523904258708114e+02
1.395137665891219001e+02
1.395149879066479741e+02
1.395609361754759732e+02
1.396359496996639677e+02
1.396758280420513358e+02
1.395408014803118135e+02
1.395734926852749709e+02
1.396270434182609392e+02
1.395117205054152691e+02
1.393999302537457083e+02
1.394025654620853345e+02
1.394646128163311971e+02
1.395037724582865053e+02
1.395390250488242145e+02
1.395711004096757222e+02
1.396242132125724140e+02
1.396259503753189790e+02
1.396172870304917524e+02
1.395150088259837560e+02
1.395156686167586315e+02
1.395171069582190455e+02
1.395498108256931857e+02
1.395703804818055005e+02
1.395655297876423901e+02
1.396504364003558862e+02
1.396640865777164606e+02
1.395961249580938670e+02
1.395693405929999074e+02
1.395336194995982169e+02
1.395566112005096215e+02
1.396328638893361358e+02
1.394740249893128237e+02
1.394327941000355509e+02
1.394854966449414917e+02
1.395055592349204971e+02
1.393374356590476566e+02
1.394074889978472527e+02
1.394005392180953322e+02
1.393881847257830771e+02
1.392422667890004959e+02
1.393610256612896876e+02
1.393233842500310118e+02
1.393154513763500120e+02
1.393005172186844334e+02
1.393254390192034577e+02
1.391810808733164038e+02
1.393485548827593163e+02
1.394858093620148054e+02
1.394916612878922990e+02
1.393535079907789225e+02
1.393666446636790113e+02
1.393616312931545167e+02
1.392377782025758677e+02
1.392421223386709528e+02
1.392444550341569425e+02
1.392281843777733457e+02
1.393274191917711846e+02
1.393353627384302058e+02
1.393470658135598228e+02
1.393539108432322280e+02
1.393185350330493577e+02
1.393480407352985537e+02
1.394642766073211249e+02
1.393745237763826026e+02
1.393255321532147093e+02
1.393083888611763825e+02
1.393561781590462374e+02
1.393490271475112650e+02
1.394046704614858356e+02
1.393373000520371647e+02
1.392374293729714054e+02
1.393059052953766468e+02
1.393592345842029374e+02
1.392898013445750678e+02
1.391899571597267879e+02
1.392080476705981482e+02
1.392271861481072222e+02
1.391754882381476364e+02
1.392143789420777296e+02
1.392462137693466389e+02
1.391061004106846610e+02
1.389100909023213433e+02
1.391046799029100782e+02
1.391728048281863153e+02
1.392254421076165158e+02
1.391856853870163491e+02
1.391704111634398373e+02
1.391273229530257822e+02
1.391485997112574751e+02
1.391296263484252336e+02
1.390885466160520423e+02
1.390932789303600146e+02
1.391240899722169502e+02
1.391379556326222087e+02
1.390753940412876943e+02
1.390848130564357064e+02
1.390957816264628377e+02
1.391924761472675982e+02
1.391952804995678150e+02
1.392127265626465942e+02
1.391410064729839746e+02
1.391509947275434342e+02
1.392095049562215081e+02
1.392291069132533892e+02
1.392317122959304641e+02
1.393262341702385356e+02
1.391503545860119573e+02
1.392770678802075395e+02
1.394325532459297108e+02
1.393811384160171372e+02
1.394329398756416936e+02
1.394210695233052206e+02
1.394041952861185223e+02
1.393273766072499882e+02
1.392678625731275304e+02
1.391820390330139787e+02
1.391956066472095870e+02
1.392753593194988468e+02
1.393216077586477581e+02
1.393303846805737010e+02
1.393514875500410426e+02
1.392347325261936817e+02
1.393217277118522759e+02
1.393563881803315780e+02
1.393534174434448971e+02
1.393817826823571124e+02
1.394030865049676891e+02
1.394187036226391001e+02
1.393370237884055882e+02
1.392452819374701960e+02
1.391889951227506401e+02
1.392671466536664013e+02
1.392768560650381460e+02
1.392733438817803346e+02
1.392320576875773099e+02
1.391501532173367082e+02
1.391598080882370141e+02
1.393112932911429311e+02
1.392352733717041815e+02
1.392931943707186804e+02
1.393776618626973516e+02
1.393541880544203195e+02
1.393267477532495207e+02
1.393043538067482814e+02
1.393543970965807546e+02
1.391066460786261132e+02
1.390818356796934268e+02
1.390328950301641555e+02
1.390610162807487313e+02
1.392285480246376608e+02
1.392450717726688083e+02
1.393965481040304724e+02
1.393897590118938297e+02
1.392769663680821566e+02
1.392652370904348516e+02
1.393375974739955723e+02
1.392564022602548164e+02
1.393395114482146369e+02
1.393191408588813545e+02
1.392688931191604809e+02
1.392811309152641286e+02
1.392777784496535389e+02
1.393539092330705955e+02
1.392294885803514433e+02
1.392508118942961062e+02
1.392075817936522810e+02
1.393476806108272967e+02
1.393217400564186050e+02
1.393846733864435521e+02
1.392117526630078146e+02
1.392322301198475714e+02
1.392756541037094564e+02
1.392930825157694130e+02
1.393337543588799861e+02
1.393538610856213324e+02
1.393522695064756363e+02
1.394030267800399656e+02
1.393607751213253891e+02
1.393686878066185102e+02
1.392226605780999478e+02
1.393553413305101287e+02
1.392040302429528538e+02
1.393355799893329561e+02
1.393266037964260136e+02
1.392693169318908986e+02
1.391737578524497110e+02
1.391566381197034445e+02
1.393388211639750409e+02
1.393107855477096280e+02
1.392948716348724076e+02
1.393055015973515935e+02
1.393064732913361468e+02
1.393186392600906913e+02
1.392715624072597507e+02
1.393273219048701037e+02
1.393126350099570345e+02
1.393342724299546660e+02
1.393911366253771860e+02
1.393784631009511088e+02
1.393522946246744425e+02
1.394448074682232175e+02
1.392835120598076060e+02
1.393011570194212538e+02
1.392935409249402596e+02
1.392504943010286809e+02
1.391856008505648674e+02
1.392335624001799204e+02
1.393284328262123211e+02
1.392719457620478920e+02
1.392401434896874832e+02
1.392779210682732014e+02
1.392691676735114470e+02
1.390810237504404938e+02
1.390431079193760979e+02
1.390622418761940366e+02
1.390847061853117168e+02
1.391849825420166269e+02
1.391230593174082344e+02
1.391470905172871539e+02
1.391348615326944298e+02
1.391686542059366332e+02
1.391758734137580689e+02
1.391695918820471150e+02
1.391793750069602424e+02
1.391308936029303709e+02
1.391617814314072348e+02
1.390066312758042670e+02
1.390783978938399628e+02
1.391205468590468968e+02
1.391076360178097389e+02
1.391034102032374165e+02
1.391513967756412740e+02
1.391984729342246681e+02
1.392878360394320225e+02
1.393308537337179871e+02
1.393341431457917281e+02
1.392283990143142205e+02
1.391156561225617452e+02
1.391451953795998975e+02
1.391425901725699248e+02
1.391919032090378607e+02
1.389836649306337222e+02
1.392217415135869203e+02
1.393233244604207925e+02
1.392375735246195063e+02
1.393689979036810769e+02
1.393456444957164422e+02
1.391335973709427378e+02
1.390284510675308525e+02
1.391511547772122981e+02
1.391415602278288759e+02
1.390892691600405158e+02
1.391402862702830419e+02
1.391571075408402294e+02
1.392645782879858416e+02
1.392881797994086810e+02
1.393451258484801372e+02
1.393005519763714801e+02
1.393553776243290372e+02
1.393841870657024060e+02
1.394700361344666533e+02
1.394984112090082817e+02
1.394899778728953379e+02
1.395521859760285679e+02
1.395316008451576693e+02
1.395690049207296397e+02
1.393612140888348563e+02
1.393637350813058617e+02
1.393710554260506171e+02
1.394686758817219925e+02
1.394249592687262123e+02
1.394832729110983394e+02
1.394968760783086168e+02
1.395467441832579709e+02
1.395328507402289802e+02
1.396369329386374716e+02
1.397444201795919128e+02
1.395860432696631506e+02
1.396570357116955563e+02
1.396625607375254390e+02
1.396283746592112038e+02
1.396055649476150222e+02
1.395429674632123351e+02
1.395890325844805773e+02
1.395908856230654749e+02
1.395204009123137894e+02
1.393942151401502372e+02
1.395291313572505487e+02
1.395039281612144748e+02
1.395212380408848105e+02
1.394251052626563308e+02
1.394798109311359156e+02
1.395339041673070142e+02
1.394188908731875358e+02
1.394135818543022083e+02
1.395117226181245655e+02
1.395296298542354805e+02
1.395659094886121068e+02
1.395771119629162627e+02
1.394616913077827007e+02
1.393811510595876939e+02
1.393558404939244895e+02
1.393320738897218121e+02
1.393382410418284394e+02
1.393797117599789601e+02
1.393765746646290040e+02
1.393523795724884451e+02
1.393643065720364973e+02
1.393503739792443525e+02
1.393452292975015609e+02
1.393576771348884336e+02
1.393106280462727966e+02
1.393760886872623246e+02
1.393036047516375504e+02
1.392996978646930017e+02
1.393999924574064835e+02
1.394543103295999913e+02
1.395649640155781697e+02
1.394991364287151043e+02
1.395396091919341472e+02
1.395970716157284528e+02
1.395545419680728685e+02
1.395498673708319757e+02
1.394667743326490665e+02
1.395550591318666704e+02
1.394585615542364394e+02
1.393255374904352948e+02
1.393367371102618222e+02
1.393336006459833243e+02
1.393390650572151515e+02
1.393313913026757973e+02
1.394121598683681498e+02
1.394141110194479154e+02
1.393649252458614569e+02
1.392474110927130653e+02
1.392536248099366105e+02
1.393098024359642295e+02
1.393975164146632153e+02
1.395315307997896355e+02
1.394284476333750717e+02
1.393383737798630193e+02
1.393138288093523727e+02
1.394038380060419513e+02
1.394659395978343071e+02
1.394486214247700104e+02
1.393130824206905913e+02
1.393797487766651386e+02
1.393199568038515395e+02
1.394787569479762794e+02
1.393494975687093245e+02
1.394449802822614686e+02
1.394211876597041169e+02
1.395593889231174103e+02
1.395337881128797903e+02
1.395448394308489526e+02
1.395357668882440692e+02
1.394259426395509252e+02
1.393985287242605864e+02
1.393937358831401525e+02
1.394359455332396465e+02
1.392794448244546572e+02
1.392791863744176908e+02
1.393495774891375731e+02
1.393819334417169102e+02
1.394041905011683298e+02
1.393581952042746934e+02
1.394638570431494031e+02
1.394770451588383366e+02
1.393540628164635677e+02
1.394441081917198915e+02
1.394552515108448745e+02
1.395337140314724422e+02
1.393422765644227752e+02
1.393199000075394736e+02
1.394044796703514635e+02
1.393505364666962691e+02
1.393974394777899306e+02
1.393578500791206807e+02
1.393339165178107351e+02
1.393885660862265468e+02
1.393933296070991616e+02
1.393955562577135936e+02
1.394023197745620735e+02
1.393502135653942844e+02
1.393162476265599423e+02
1.394553385900628086e+02
1.394252868849729907e+02
1.394158985796374850e+02
1.394034039525401454e+02
1.394080824581750164e+02
1.394326788356436566e+02
1.393630734882317199e+02
1.394248916427955578e+02
1.393781139737860997e+02
1.393867183224658959e+02
1.393707954380593037e+02
1.393914638890136928e+02
1.393593017428614189e+02
1.393699732406417411e+02
1.394208995067477019e+02
1.393434885316886493e+02
1.392556099002196390e+02
1.392057185287497418e+02
1.393693654849100767e+02
1.393741399359648483e+02
1.393569447737947371e+02
1.394993700938738073e+02
1.394234547390111061e+02
1.393968576047119257e+02
1.394308613021842689e+02
1.395889280026979407e+02
1.394915586121400679e+02
1.395731623733367712e+02
1.395493107459081727e+02
1.395207634958445340e+02
1.393664983448588544e+02
1.393740421631606239e+02
1.393979642239140446e+02
1.393686685484489374e+02
1.393408931344074233e+02
1.393993569097413570e+02
1.393435032871505825e+02
1.393366841791801960e+02
1.393543459283678771e+02
1.394408173124876669e+02
1.395448102359507629e+02
1.395407554858360584e+02
1.396090502697442730e+02
1.396748954188185223e+02
1.396264797208168034e+02
1.395380287452261427e+02
1.394702537430620453e+02
1.394937697831188075e+02
1.395470256788033225e+02
1.394218815450491320e+02
1.395415811327494566e+02
1.395445641701175532e+02
1.394734421409542051e+02
1.394049417296523643e+02
1.394813551005790657e+02
1.394864414778012929e+02
1.395430105094432065e+02
1.394940619689676282e+02
1.393831830769827320e+02
1.393487509569350209e+02
1.392073971918539996e+02
1.392301543323193300e+02
1.391941206367033317e+02
1.392468434921948131e+02
1.393318747971425751e+02
1.392408758776931847e+02
1.393442826052690862e+02
1.393908238784802336e+02
1.393799471391177178e+02
1.393902358513907416e+02
1.395201205976503047e+02
1.394474083273499048e+02
1.394911523212202553e+02
1.393482859259979136e+02
1.393362920496973061e+02
1.394008274160838141e+02
1.393301252333028799e+02
1.392684023999118210e+02
1.392387234660585023e+02
1.393279376241481486e+02
1.393491411155133619e+02
1.392482126954966191e+02
1.393267441000782014e+02
1.393214166867740005e+02
1.393999611799020215e+02
1.394603445383894211e+02
1.394302943843178753e+02
1.394297207950662880e+02
1.393755467858003101e+02
1.392999393733732916e+02
1.393310619330248983e+02
1.393689974064399166e+02
1.394293126343144991e+02
1.394056916002634239e+02
1.393926701760152014e+02
1.393899342267511656e+02
1.394332878457230152e+02
1.394162400053219528e+02
1.393871203811150394e+02
1.394187403912076491e+02
1.393794298682368265e+02
1.394010999162817939e+02
1.394724092280565060e+02
1.394543625062170804e+02
1.395761210020589829e+02
1.395392173150228530e+02
1.394649684375263234e+02
1.395311577521162860e+02
1.394789611858227545e+02
1.395455694807860425e+02
1.394809246897670505e+02
1.393612457665342106e+02
1.393133921110585618e+02
1.392736090529363082e+02
1.392740615954270424e+02
1.393341176829602261e+02
1.392480690481421277e+02
1.391064367515317315e+02
1.391732950205044119e+02
1.392089521009856128e+02
1.392432214640489292e+02
1.393793236708368681e+02
1.393719922636312560e+02
1.393868091039518617e+02
1.393775541682085475e+02
1.392834287814236234e+02
1.392976392657530766e+02
1.393853216567813433e+02
1.393559493180432867e+02
1.392858553815180755e+02
1.393429681543842662e+02
1.393783997109083543e+02
1.393286364925584451e+02
1.392476067395050450e+02
1.393622719278325803e+02
1.393350615487202617e+02
1.392493684187490430e+02
1.391631956814656519e+02
1.392274542696537765e+02
1.391918538586185434e+02
1.392410762985056749e+02
1.392666300877327501e+02
1.392679313790297329e+02
1.391727574954067563e+02
1.391455897270155617e+02
1.391487780583216818e+02
1.392368297889982500e+02
1.392494977299635366e+02
1.391723297025193062e+02
1.391660292687475078e+02
1.391097075996459012e+02
1.391669607171769485e+02
1.389935466866412810e+02
1.391146813401351778e+02
1.391471691755662903e+02
1.391402706366991424e+02
1.391378379081939158e+02
1.391510941498895875e+02
1.391126712398785799e+02
1.392297709640677397e+02
1.391769774940632658e+02
1.392105200494984274e+02
1.391632839520503921e+02
1.391898176772567410e+02
1.392311387622486336e+02
1.392165495723776019e+02
1.393382456005611232e+02
1.393974534325914476e+02
1.393166594281152300e+02
1.393603747028436146e+02
1.391807661388916131e+02
1.392931257628254684e+02
1.393199027783353188e+02
1.393118297228173219e+02
1.393120163005677057e+02
1.393092633685647854e+02
1.393218746597978281e+02
1.391819308413775218e+02
1.391417832071138037e+02
1.391994969198220531e+02
1.392454508856710618e+02
1.391978026189968034e+02
1.391622453332753651e+02
1.392024087598218784e+02
1.391558122953805423e+02
1.391739184565692256e+02
1.391722808536698892e+02
1.391887466857050413e+02
1.392112064144996282e+02
1.393470787676186262e+02
1.393618579384576606e+02
1.394193660735668345e+02
1.394282707134605630e+02
1.393508193668469062e+02
1.394189545538769153e+02
1.393905764153176960e+02
1.395429502979743859e+02
1.394833290868440656e+02
1.394469758111453359e+02
1.395100514456144367e+02
1.395093424661525319e+02
1.395299113474105184e+02
1.394868686971780676e+02
1.393703780525123648e+02
1.393699030510342425e+02
1.394390071300374814e+02
1.394349817124679873e+02
1.394402994196807697e+02
1.394167612067744244e+02
1.394119604435914539e+02
1.393090731494825434e+02
1.394329416165670636e+02
1.393490877899002385e+02
1.393239875719141025e+02
1.393447900320612689e+02
1.394611326265928994e+02
1.394171416497798930e+02
1.394381382123561650e+02
1.394282655661506567e+02
1.396350182944125891e+02
1.395411931154415015e+02
1.396036732390016937e+02
1.396139916941302204e+02
1.395534232314323617e+02
1.395429667591273528e+02
1.395111840137258241e+02
1.394556315065660215e+02
1.395043571072994268e+02
1.395753548277341736e+02
1.395792151144572983e+02
1.395628462852064331e+02
1.395612072113557360e+02
1.395777035656552130e+02
1.395655195598762930e+02
1.396367991296324931e+02
1.396492796322655181e+02
1.395909081401130152e+02
1.395816559945072015e+02
1.395770971662131217e+02
1.395801043023805050e+02
1.395747985708421481e+02
1.395748689940827205e+02
1.396821247071306686e+02
1.398141716758468647e+02
1.395950102247536222e+02
1.396079251504799004e+02
1.396005577422781982e+02
1.395865110087847825e+02
1.395510207575739798e+02
1.394408481585118125e+02
1.395403226786883977e+02
1.394018094094384708e+02
1.394544135727617515e+02
1.394049959547182880e+02
1.393898204768644007e+02
1.394865284707732087e+02
1.394592089081893960e+02
1.394292338294534375e+02
1.395750372357476010e+02
1.394593607035706100e+02
1.393597711628486309e+02
1.393607275621180577e+02
1.393380895413989435e+02
1.394966952292424196e+02
1.393638837397242582e+02
1.393296861675989362e+02
1.393221358161406727e+02
1.392808675643398715e+02
1.393577258164926604e+02
1.393384855298419893e+02
1.394207478928756530e+02
1.393753710772583645e+02
1.393964903960142578e+02
1.395245685126676278e+02
1.395084584113826054e+02
1.395152079578547841e+02
1.393360892439222880e+02
1.392494829902830702e+02
1.392882598803647056e+02
1.393348292169287674e+02
1.393368236250638574e+02
1.393819015931904914e+02
1.394459381389389989e+02
1.394217915957929108e+02
1.393725894170511310e+02
1.394331942715615185e+02
1.394560669450370938e+02
1.394460963915274476e+02
1.393584598415434641e+02
1.393873835817065014e+02
1.393317888583189870e+02
1.393804866663971609e+02
1.393852653538180846e+02
1.394289071739060830e+02
1.393515114480665886e+02
1.393204225721420357e+02
1.393164835036195370e+02
1.393195864619018209e+02
1.391936937322921040e+02
1.393327722953537204e+02
1.392931360884089429e+02
1.393959287542070058e+02
1.393583093260246528e+02
1.393032291354533072e+02
1.392981853500825480e+02
1.394893896956992876e+02
1.395349705741079163e+02
1.395709927565045803e+02
1.394341577504181089e+02
1.394123953967495879e+02
1.394183745148638991e+02
1.395150209649940791e+02
1.395576396246293882e+02
1.395525778717741332e+02
1.394362836797925524e+02
1.395285031611056468e+02
1.395925569072720123e+02
1.396293004546124052e+02
1.397328524934551979e+02
1.396455084798306245e+02
1.396023025310940682e+02
1.395198463319673294e+02
1.395038780523178730e+02
1.395482312370938587e+02
1.393797285996413962e+02
1.394623558762054074e+02
1.394284318036337709e+02
1.394625827187944651e+02
1.392819665359676833e+02
1.392844089876046496e+02
1.392738833994761762e+02
1.393187923291139043e+02
1.393384635988467153e+02
1.393341981008450716e+02
1.393700246320655367e+02
1.394049003506387123e+02
1.394560651525514459e+02
1.394224206971642275e+02
1.393241453075820573e+02
1.393457899050456490e+02
1.392983404772114113e+02
1.392756284848169628e+02
1.393433966618856346e+02
1.393573602608281021e+02
1.393298110902930773e+02
1.392923859832953042e+02
1.393227965114269580e+02
1.393080272464715392e+02
1.393777568552624473e+02
1.394053524545035714e+02
1.394166106242009846e+02
1.393554629649627827e+02
1.393614183181538806e+02
1.393263005020391461e+02
1.393183505223682914e+02
1.392598191188346846e+02
1.393321826493598508e+02
1.393414621445206478e+02
1.393427278924118866e+02
1.393151229449630932e+02
1.392487631531037096e+02
1.392833708514821183e+02
1.393339440564821814e+02
1.394018789161208076e+02
1.393440194988523615e+02
1.393151184414648753e+02
1.392901690284535334e+02
1.392861269602314280e+02
1.393658619565138963e+02
1.392218857803055698e+02
1.392526552757171601e+02
1.393541298843791481e+02
1.393008938147731044e+02
1.393075578871975040e+02
1.393022112878429937e+02
1.393089188578820199e+02
1.392889596885161154e+02
1.392746710820824774e+02
1.392892937253186574e+02
1.392303818335168160e+02
1.391957415947515813e+02
1.390485255070742312e+02
1.391581801945330596e+02
1.391534430073418775e+02
1.391742603681146875e+02
1.391148439415559892e+02
1.391396744916645218e+02
1.391105791807440824e+02
1.391584101826092024e+02
1.391909083788137877e+02
1.392422732806022907e+02
1.392236328088119421e+02
1.391757208074332937e+02
1.391262538812235618e+02
1.391200727960167853e+02
1.390295788944507365e+02
1.390516424206981867e+02
1.389590068515716439e+02
1.391483398658042745e+02
1.390946668472673764e+02
1.390661998924931311e+02
1.391926012977711196e+02
1.392334385738720925e+02
1.393538021246818346e+02
1.393442231551578914e+02
1.393155827152376958e+02
1.393437418232826701e+02
1.393280173399657542e+02
1.393873338251089820e+02
1.393505206587450402e+02
1.393943266233466431e+02
1.393421770201559298e+02
1.393425889674136613e+02
1.394473484581007199e+02
1.395560296488316396e+02
1.395397012054115464e+02
1.396029403011119712e+02
1.394652926770729380e+02
1.395601669076009443e+02
1.395184458887075323e+02
1.395860338273765535e+02
1.396702501359597477e+02
1.397555735075050620e+02
1.397288736556578215e+02
1.397208643315395591e+02
1.396091355628346946e+02
1.395766092413183799e+02
1.397580844307280472e+02
1.395034294537967128e+02
1.395077576986257952e+02
1.395278318924516725e+02
1.394261737274938184e+02
1.394865869903045450e+02
1.395119741307767072e+02
1.395814384630268705e+02
1.395700519696609376e+02
1.395852287651043468e+02
1.395917796010195389e+02
1.397906064422790564e+02
1.397454641915025206e+02
1.397428314922457560e+02
1.397662294600156656e+02
1.396840473286069937e+02
1.397653102483845089e+02
1.397472499372125299e+02
