8.771908770227894081e+01
8.620480650697930969e+01
8.594503206418625041e+01
8.774683389150700918e+01
8.758737487955656320e+01
8.668772975824504101e+01
8.752488752455846566e+01
8.701722256369652087e+01
8.483576496930481881e+01
8.337092392562232135e+01
8.226047987124243832e+01
8.157836591549018124e+01
8.103198630854828366e+01
8.034162189070647742e+01
8.015626733093375833e+01
7.940679608914673793e+01
7.888656551190584310e+01
7.835409633977648980e+01
7.794694811216290020e+01
7.757120150860961871e+01
7.715466343846713926e+01
7.665440634993933600e+01
7.629650061480404588e+01
7.604004653120607315e+01
7.575848038239836058e+01
7.524186276286347663e+01
7.478598027522728842e+01
7.437448766171451098e+01
7.416556648617890346e+01
7.380547840105656121e+01
7.361752767063447322e+01
7.348395242101082658e+01
7.308194886602731799e+01
7.288517750990557431e+01
7.270725559258225701e+01
7.274907073717636763e+01
7.273771422543676124e+01
7.233036705996278215e+01
7.213956172544136791e+01
7.144795454345130281e+01
7.110898845280675573e+01
7.070087571386905267e+01
7.050401629003084736e+01
7.035650119714294703e+01
7.033818748976037227e+01
7.009753135079367325e+01
6.993153260494105439e+01
6.982525876201023607e+01
6.972703491281515653e+01
6.962627395002817821e+01
6.958928198218620764e+01
6.952792414228180462e+01
6.936807906908633470e+01
6.917770057159223995e+01
6.911446915214241926e+01
6.918795571852450621e+01
6.905564025732209643e+01
6.880005744079893759e+01
6.874149015150136677e+01
6.862940829870903769e+01
6.839295195163302310e+01
6.821746674320094428e+01
6.795130715985004599e+01
6.765563247908637834e+01
6.729766034382427620e+01
6.720066510305225904e+01
6.701304961072264632e+01
6.683114165144586138e+01
6.677560218221947252e+01
6.675548769960542472e+01
6.663516735847035477e+01
6.651046278202498740e+01
6.640093115115041655e+01
6.635432893287944012e+01
6.634759873455679724e+01
6.620252244965755040e+01
6.615767790287236494e+01
6.596952583780965540e+01
6.576533117997249178e+01
6.567359540225261583e+01
6.557207785104291986e+01
6.537676976542833529e+01
6.520061434542074608e+01
6.508960984338158084e+01
6.501864032075359034e+01
6.484495980651696811e+01
6.462993622118494841e+01
6.438839883390383534e+01
6.411066403396243629e+01
6.391577339477618125e+01
6.373642540504366849e+01
6.354990010530676159e+01
6.330785736588120471e+01
6.327188124082039167e+01
6.321285587472728906e+01
6.312803690365834797e+01
6.310742880674562372e+01
6.298638432973929469e+01
6.283964698045809172e+01
6.280042313461562031e+01
6.265702735086104980e+01
6.252907331455335793e+01
6.236250466973687878e+01
6.245936533016775627e+01
6.240426394211058181e+01
6.235835293157438741e+01
6.245135874972397261e+01
6.236754344527270888e+01
6.238196874387785584e+01
6.237883500285653327e+01
6.229508054246434767e+01
6.234231709942331889e+01
6.226612675749369430e+01
6.215632514380205720e+01
6.214870970601975841e+01
6.211461774036337857e+01
6.197301089648389905e+01
6.192174466177321079e+01
6.193769824503354471e+01
6.183170541156570010e+01
6.174499107276955812e+01
6.167654387806616256e+01
6.179187086181828903e+01
6.169770883207031176e+01
6.154933549035884255e+01
6.151935715622585121e+01
6.136759376518240572e+01
6.124666457767420269e+01
6.114063549934019903e+01
6.094525995287429510e+01
6.092259886278889525e+01
6.069608299328741197e+01
6.049784251345049313e+01
6.033648758270928170e+01
6.003948065384439303e+01
5.991862251961430985e+01
5.978412458134621943e+01
5.970827178476187669e+01
5.959062721611677915e+01
5.955790606885051375e+01
5.945597336415886502e+01
5.948060024532313150e+01
5.938895581512579724e+01
5.935302468651119767e+01
5.926659173273212389e+01
5.914982666565036595e+01
5.908483993977267801e+01
5.897369191399314303e+01
5.898675525716707568e+01
5.890153107894123252e+01
5.888630092743442646e+01
5.898871242201452958e+01
5.895880745488037888e+01
5.885638507591521318e+01
5.870729161107728800e+01
5.862910853391509391e+01
5.841715553225449042e+01
5.840443254401547790e+01
5.846742138670469302e+01
5.843243797476714008e+01
5.839379882490382556e+01
5.836075946188294239e+01
5.829731219824147814e+01
5.826525376696228165e+01
5.820621906073158414e+01
5.815089693499071188e+01
5.819149231819552881e+01
5.803969216809107223e+01
5.803669010926785887e+01
5.804219631548937741e+01
5.793345585471001158e+01
5.778228117511792306e+01
5.771476269212467969e+01
5.748712011800954969e+01
5.729216596989291332e+01
5.725408085465369368e+01
5.703862555863032924e+01
5.680765029093909391e+01
5.667189143102781657e+01
5.656536797361077618e+01
5.642246706960876423e+01
5.632931144643035992e+01
5.623009322830194634e+01
5.607365642871017286e+01
5.602850921884103741e+01
5.604271920487746428e+01
5.601007860360384427e+01
5.588351000433406313e+01
5.598687893701323759e+01
5.590481398220963882e+01
5.587194127906128926e+01
5.588536925497151486e+01
5.575909227708567784e+01
5.569587398369380082e+01
5.562972170160160346e+01
5.559513750457173131e+01
5.555048738237557160e+01
5.548428211178812575e+01
5.546745381019475474e+01
5.546300447411628198e+01
5.543059740245181644e+01
5.547301144416043428e+01
5.539822137476926400e+01
5.545457972877357378e+01
5.538351657610327550e+01
5.538342536439044039e+01
5.535916187532002652e+01
5.523061984206287178e+01
5.520810744565513772e+01
5.519007779778291223e+01
5.505274603995504634e+01
5.514200735401930586e+01
5.521360325196057062e+01
5.514762687729109558e+01
5.513034403076472501e+01
5.508916552034747127e+01
5.502112737743539128e+01
5.499636585011245415e+01
5.498907970267877232e+01
5.498593952945872587e+01
5.497414674895845366e+01
5.497627087853523165e+01
5.501547894431467256e+01
5.497809461566005496e+01
5.494879255643049731e+01
5.490988655191989665e+01
5.495617593374993959e+01
5.481530618059790783e+01
5.473309582523958738e+01
5.475134606427235440e+01
5.478251456512538198e+01
5.479780915783481277e+01
5.485881104441757117e+01
5.484998957922910989e+01
5.480975268400104738e+01
5.482475680172874632e+01
5.474973933565278372e+01
5.471459805200667148e+01
5.463824962048880707e+01
5.461579720213341460e+01
5.447572361099473426e+01
5.439209082440530807e+01
5.437128043715583914e+01
5.418991154674807831e+01
5.413469652573949986e+01
5.402059150310989821e+01
5.393306431647970811e+01
5.377395048912184450e+01
5.367023354930988432e+01
5.364144636690236467e+01
5.360883994795253926e+01
5.346962283229817814e+01
5.329929451868184032e+01
5.318836142740084938e+01
5.316021019900939137e+01
5.308601468935368928e+01
5.293462459816829124e+01
5.280056933331271551e+01
5.275096472789382318e+01
5.281405560043645409e+01
5.271952847058662428e+01
5.263589088335142918e+01
5.256339451018331488e+01
5.246192846758671635e+01
5.245608175534161433e+01
5.254984144009250002e+01
5.244442219815780248e+01
5.231617517726987643e+01
5.222255593070516255e+01
5.211349570157862132e+01
5.207134338484690517e+01
5.194646880410397927e+01
5.188338468793322278e+01
5.179014310490236284e+01
5.187390681356341560e+01
5.183188940043704207e+01
5.174387222275404241e+01
5.159188287478011148e+01
5.153089144162792223e+01
5.151808739309468876e+01
5.157586951806135289e+01
5.148097190444045879e+01
5.157756872875158649e+01
5.154378758486652856e+01
5.150985909638000493e+01
5.143613748202150759e+01
5.139638076002090372e+01
5.145221807957092608e+01
5.147029352454035234e+01
5.154549998821646994e+01
5.152544418220456635e+01
5.149868109597982624e+01
5.145333340279380963e+01
5.153639699320913792e+01
5.134761504162624135e+01
5.122409848477987993e+01
5.127546262204788263e+01
5.131418727803136193e+01
5.133316753874607485e+01
5.138195940971205999e+01
5.141516465393875990e+01
5.131845767510129974e+01
5.107566898637195862e+01
5.107620972424687977e+01
5.103534538155147260e+01
5.103877782451953493e+01
5.100138746348117280e+01
5.103470782284585283e+01
5.108745731893257158e+01
5.106565310873604346e+01
5.099541254030123127e+01
5.102342121383964013e+01
5.098866199098772967e+01
5.094521689705815248e+01
5.088527794906415380e+01
5.086463014318741216e+01
5.084155374782550041e+01
5.085047091280811316e+01
5.082087640251067029e+01
5.085331036266529736e+01
5.084422890714469645e+01
5.071821458909510483e+01
5.069084691688414068e+01
5.064824294367734581e+01
5.068338548524480558e+01
5.065963131423890786e+01
5.072264724574296224e+01
5.053197899653167013e+01
5.070181639187380540e+01
5.058946068044200217e+01
5.062088341851105611e+01
5.050354441667955285e+01
5.049719022963056858e+01
5.046507305539635979e+01
5.033527257061703608e+01
5.035027869953641755e+01
5.015207337304195789e+01
5.011425537549684606e+01
4.998777057833654425e+01
4.981666231066903094e+01
4.971958790940005457e+01
4.951962212994015289e+01
4.940555326944938486e+01
4.932528877039570148e+01
4.924328196550376902e+01
4.915395708998571678e+01
4.910798746885082977e+01
4.914861982905847526e+01
4.914605508402327416e+01
4.916381061626658777e+01
4.896653611489313818e+01
4.886696190751997193e+01
4.873689824344631916e+01
4.871724935051943817e+01
4.877241350737894265e+01
4.867945408016537101e+01
4.875216708094945517e+01
4.869185530162065589e+01
4.872151857554851517e+01
4.868551956979111850e+01
4.859442966571238998e+01
4.863920194039538103e+01
4.867141399397157642e+01
4.874552705072672154e+01
4.873297154413336330e+01
4.869999874714120836e+01
4.852911643554347165e+01
4.857635303675258598e+01
4.869824179979883638e+01
4.844075788587712594e+01
4.846286253542853473e+01
4.839043237063077640e+01
4.833958334285193104e+01
4.830312219845399113e+01
4.826183509645689895e+01
4.824887618551669988e+01
4.827958889876583726e+01
4.830630741754676194e+01
4.833812579289333655e+01
4.827858591297581370e+01
4.817546664750399543e+01
4.817590003707784518e+01
4.809850740872251862e+01
4.813497120155020070e+01
4.816374085216721568e+01
4.818211324979549204e+01
4.816956548265177673e+01
4.809253378732871909e+01
4.814554327318773375e+01
4.812905777585056910e+01
4.817161574064326857e+01
4.818842102932763538e+01
4.807955739040423992e+01
4.807357061165484424e+01
4.792227161439478067e+01
4.798685911438353457e+01
4.803124427912588601e+01
4.810548440095941913e+01
4.807599593060826493e+01
4.802017413660640699e+01
4.806269949904024941e+01
4.793238064658982722e+01
4.789207389167686557e+01
4.790904135950030707e+01
4.794003749209326770e+01
4.796848886298984382e+01
4.797417060909203457e+01
4.797615796809519395e+01
4.800058220309050938e+01
4.804092125367650112e+01
4.801434524355688893e+01
4.802028083449138762e+01
4.800672575449416968e+01
4.789772239108310004e+01
4.787865570882021160e+01
4.790582674812263519e+01
4.783216795815254585e+01
4.785776895118385710e+01
4.777402987172504112e+01
4.788514368263291487e+01
4.796383028745291455e+01
4.791683147760804928e+01
4.787721752190260105e+01
4.781017343279037135e+01
4.781387913626812747e+01
4.774336789811626147e+01
4.779810688420462839e+01
4.785118177016972396e+01
4.779768936636053667e+01
4.784940662196263617e+01
4.790313752525491964e+01
4.794708152104949050e+01
4.798759553647774112e+01
4.794349441914819465e+01
4.789139612257059042e+01
4.788019394318150290e+01
4.791450652097078233e+01
4.789285601231700440e+01
4.792899963483240811e+01
4.796882631838109745e+01
4.799310629428874364e+01
4.803355840968059454e+01
4.792663792722022009e+01
4.781136542331297079e+01
4.783354918128069500e+01
4.788741751201092001e+01
4.784188363991280113e+01
4.778103283102552012e+01
4.778105289695553637e+01
4.781311544062184282e+01
4.782561450148389071e+01
4.780905065384269648e+01
4.779693981939303882e+01
4.783432044517694237e+01
4.782910729193297072e+01
4.775343515221314306e+01
4.779912154794407542e+01
4.781318578675365671e+01
4.783784108400099200e+01
4.778305307855398354e+01
4.786451704786595229e+01
4.796631902703435202e+01
4.792165196043449527e+01
4.791259900561374963e+01
4.800631952988607054e+01
4.807842619693087016e+01
4.797293791709262933e+01
4.799729697660485073e+01
4.802230938533946158e+01
4.797885362345702731e+01
4.803099128554190145e+01
4.802078064144143354e+01
4.803342010472329093e+01
4.812261487750157585e+01
4.802390919065027930e+01
4.798654734878559935e+01
4.791855606539490964e+01
4.792957815090914409e+01
4.801619869192725787e+01
4.800477244376515529e+01
4.802676827680016203e+01
4.794359265155382133e+01
4.785230480187836122e+01
4.784302513659118716e+01
4.778117654189082231e+01
4.775761504515316602e+01
4.777818388447968800e+01
4.772940063054053184e+01
4.765850438786289800e+01
4.764414094131130639e+01
4.755227906587440856e+01
4.750196056588323046e+01
4.757457823819558485e+01
4.759970623324193895e+01
4.762507701936479521e+01
4.767165937872071879e+01
4.780516354201731843e+01
4.786831835276107228e+01
4.783540082448710251e+01
4.791185029163505504e+01
4.784090145980674436e+01
4.783694459705429836e+01
4.778371535007295279e+01
4.781574700752765494e+01
4.777161260672293253e+01
4.781460979035594505e+01
4.772728959828364026e+01
4.777392686090744434e+01
4.770480340877924164e+01
4.764739041502087957e+01
4.763629230137483006e+01
4.758938937605074671e+01
4.758096531183102940e+01
4.768937847616263070e+01
4.755140049602116648e+01
4.760700057602230117e+01
4.762963715057072278e+01
4.771064577614193780e+01
4.771873057697332143e+01
4.770374976033102854e+01
4.768619787320282200e+01
4.769464255704323818e+01
4.768444323166851717e+01
4.769999646630763834e+01
4.777045835971447474e+01
4.767735171239452541e+01
4.767104285719816659e+01
4.758631722127204711e+01
4.763777745850446621e+01
4.766648804660515992e+01
4.767834564823049703e+01
4.765131937256835215e+01
4.762757780836009402e+01
4.765114401853425363e+01
4.761516099107870303e+01
4.754609280015139916e+01
4.762983029663215717e+01
4.751712432168615408e+01
4.749466643689826384e+01
4.760883271097374347e+01
4.773104175207379285e+01
4.763015232289835410e+01
4.751798729461215487e+01
4.748105211259527181e+01
4.757220996387811596e+01
4.758334124724083125e+01
4.755451144180378265e+01
4.768251203976311814e+01
4.756854082510643167e+01
4.742822141482342602e+01
4.744474273320022206e+01
4.740686446246988339e+01
4.736664707384268524e+01
4.732497806186827916e+01
4.733636789779346543e+01
4.735057430663263744e+01
4.741365304531645108e+01
4.737583447066133857e+01
4.734482160848749288e+01
4.738472320873711396e+01
4.742273468912174650e+01
4.757744573754494866e+01
4.752579765399000422e+01
4.758312962818781244e+01
4.764873312794872362e+01
4.756319138585833883e+01
4.760749987035642050e+01
4.765975893884242254e+01
4.759377742096285147e+01
4.763333230422270503e+01
4.765521185133255955e+01
4.761519133447193042e+01
4.761112863279676333e+01
4.758145721351718294e+01
4.748040653026692581e+01
4.758134682744316990e+01
4.756837482707533127e+01
4.755150432757208279e+01
4.754804572423483222e+01
4.746789136384350627e+01
4.748690867207633204e+01
4.748493703870720850e+01
4.747595156879788192e+01
4.747831458996420650e+01
4.739404054467847516e+01
4.742343691983455045e+01
4.746463405684502845e+01
4.739910543122997666e+01
4.747393899062749512e+01
4.747914499436681979e+01
4.750596741431015602e+01
4.752501273888330502e+01
4.758385429967474067e+01
4.754678690427513033e+01
4.746888934356812939e+01
4.746497987479175862e+01
4.744488997757576954e+01
4.751421835102061664e+01
4.753816273853256291e+01
4.747117407243709408e+01
4.735498195017903100e+01
4.728111335398285320e+01
4.713173951249162741e+01
4.703521827196329497e+01
4.714205237734481813e+01
4.707253596213791269e+01
4.705228855975846614e+01
4.696361344950569361e+01
4.699199688544145204e+01
4.699475112409027133e+01
4.696930154395320756e+01
4.677466867763725133e+01
4.676261138097773085e+01
4.676248130272922054e+01
4.675636900255088335e+01
4.675089097180480024e+01
4.671847742284101912e+01
4.657393532811349957e+01
4.661301816396137099e+01
4.654641793827584451e+01
4.647375720789142406e+01
4.634419197288676173e+01
4.627338037306085994e+01
4.611618815599321408e+01
4.609235872556913449e+01
4.601590041354312888e+01
4.589184985660013183e+01
4.581405756084835446e+01
4.574810237880237196e+01
4.574740899069234246e+01
4.555743355207269474e+01
4.554339561233257427e+01
4.557647818806792372e+01
4.532070040321487170e+01
4.532810009530808770e+01
4.536656671664495377e+01
4.533812589538617033e+01
4.523670797189588910e+01
4.514746555650813065e+01
4.516148231954613834e+01
4.515020095349602514e+01
4.511471856534495828e+01
4.503606948271520594e+01
4.498543900760740399e+01
4.492055676566987898e+01
4.495215079571525507e+01
4.498700455170833123e+01
4.494645235149521767e+01
4.497837122456806469e+01
4.491477189804538739e+01
4.494162458426988138e+01
4.511241795176977121e+01
4.489237777729790935e+01
4.484697072445204213e+01
4.489456315705793799e+01
4.491843719455481221e+01
4.491081237756375089e+01
4.492117343683938913e+01
4.490297206252127182e+01
4.477085687871134212e+01
4.471114476821153261e+01
4.469599938292835617e+01
4.462944169546192086e+01
4.464886168555604229e+01
4.468973616824786177e+01
4.467122859490715570e+01
4.469557744509145181e+01
4.465944301849518183e+01
4.467159089531693894e+01
4.470650449940629301e+01
4.472217207972092723e+01
4.468868959270893981e+01
4.470512590034679334e+01
4.469602708819228809e+01
4.463985829450554377e+01
4.466563254104865166e+01
4.450967681873281379e+01
4.447115765116367925e+01
4.447085566080859564e+01
4.455076135708957707e+01
4.464100114274218356e+01
4.462627546597363448e+01
4.451671958687879993e+01
4.450792257627828974e+01
4.451617726975555911e+01
4.443588303134930584e+01
4.455565070952015816e+01
4.454389846297895872e+01
4.448317075247024377e+01
4.456830582827496556e+01
4.448442299748327144e+01
4.455318300775550000e+01
4.446255603687804125e+01
4.457494027230227829e+01
4.459396206706691146e+01
4.476580454568277645e+01
4.484580505510611204e+01
4.483959190179228926e+01
4.478536749852184329e+01
4.473240340907317147e+01
4.468499884881364181e+01
4.470760259500585221e+01
4.465366850712854330e+01
4.462020460325540938e+01
4.466505445208103708e+01
4.474418934730496744e+01
4.472399727108872014e+01
4.477113270099651743e+01
4.475959393086464644e+01
4.467549185615268925e+01
4.465348344196111441e+01
4.466346535552278141e+01
4.468607063008203539e+01
4.473639444360155437e+01
4.494359327192740494e+01
4.482966541637089364e+01
4.472599937595979469e+01
4.468576653220055306e+01
4.467656912302339123e+01
4.471712701842228199e+01
4.473267184014995479e+01
4.477538415237440717e+01
4.465927867679624796e+01
4.459329504761245744e+01
4.459956930732943192e+01
4.462634048878491200e+01
4.465872174481641110e+01
4.466927455544588099e+01
4.469107434614286234e+01
4.470682217485234844e+01
4.474116215140153230e+01
4.473488029988391190e+01
4.477841134596623363e+01
4.467589421488660406e+01
4.468232968665638793e+01
4.474887211460666947e+01
4.480323312840234706e+01
4.469833042951083257e+01
4.470543016616856846e+01
4.477159340766363727e+01
4.474456841022431774e+01
4.455320433064991192e+01
4.446028733234111030e+01
4.460384653609907701e+01
4.461851030085500014e+01
4.459069900534686326e+01
4.442287917624901894e+01
4.440050370106476407e+01
4.446594792102964533e+01
4.440102915207521050e+01
4.452627123910815499e+01
4.462602856542443419e+01
4.463588253278183515e+01
4.462021261611204892e+01
4.456935483940527121e+01
4.455614338738984515e+01
4.458576714808774000e+01
4.461566366660807859e+01
4.458773690788636657e+01
4.452410543885247307e+01
4.449816045007288068e+01
4.446512722037726206e+01
4.448040261877420676e+01
4.458098859914928624e+01
4.459956065777890188e+01
4.451394070847695872e+01
4.450279607272219096e+01
4.462704833531044812e+01
4.455187394382726040e+01
4.452609289064815812e+01
4.451581311254207662e+01
4.457400347849551991e+01
4.455047608724736818e+01
4.452813877145892008e+01
4.450249975204175712e+01
4.452415876493423497e+01
4.456475893325423954e+01
4.445997884806250511e+01
4.448817700956517029e+01
4.448803886126156470e+01
4.452923795259129491e+01
4.444197983504317051e+01
4.436022586634543075e+01
4.433200382435788356e+01
4.431918035779539622e+01
4.429164627703683266e+01
4.439122071309373752e+01
4.441233806596142841e+01
4.445119419450478659e+01
4.449448601104555223e+01
4.425445780056029577e+01
4.415653785563921474e+01
4.411794924644383542e+01
4.411788744170531373e+01
4.410893838919608356e+01
4.409682452447369627e+01
4.419581274567885032e+01
4.423079720538447646e+01
4.421141332379971800e+01
4.420830419762916108e+01
4.426903357883438872e+01
4.423600417602557400e+01
4.425886318163392019e+01
4.422007178210006373e+01
4.419251844043602517e+01
4.415079679079499186e+01
4.417490841574778671e+01
4.415063496719864844e+01
4.409281840121627738e+01
4.409835583848525431e+01
4.406800276695682328e+01
4.421460745673621773e+01
4.419318681812512040e+01
4.426724391274400716e+01
4.426369705097933149e+01
4.429224599610737556e+01
4.427764417406877584e+01
4.430867075711053360e+01
4.432667455203130658e+01
4.428457638834014887e+01
4.419996237001053885e+01
4.424358311889563566e+01
4.439008099679394803e+01
4.433923455636906397e+01
4.434541463883581258e+01
4.431413012804403451e+01
4.432897078871513230e+01
4.433419026816523001e+01
4.433676903037957118e+01
4.427560904563506483e+01
4.437882203096331324e+01
4.432721007799219848e+01
4.430195683989272482e+01
4.418161439367462862e+01
4.424269677951531321e+01
4.431496834833314580e+01
4.415613379612807421e+01
4.406040790179993394e+01
4.407117574436998098e+01
4.391712319369715090e+01
4.391072319579804173e+01
4.409080034452047414e+01
4.409156036009964197e+01
4.417673094100167930e+01
4.414530145641467840e+01
4.410067991657101061e+01
4.408639019845371365e+01
4.413305274052778771e+01
4.421032422206511825e+01
4.417084270947049163e+01
4.416847960749260693e+01
4.406501892485592720e+01
4.414455732813821953e+01
4.405265194589210154e+01
4.410512891354832732e+01
4.408287384812879139e+01
4.398409950582103534e+01
4.395233535032094352e+01
4.394448041116626769e+01
4.392656805753289717e+01
4.394010624322896774e+01
4.406132018618988155e+01
4.414759184947676118e+01
4.417414525737879671e+01
4.416334215230138227e+01
4.420632410434493664e+01
4.418510617469308954e+01
4.427858204333305991e+01
4.424138861532153300e+01
4.423928087124115649e+01
4.423073320502861350e+01
4.418038719342712284e+01
4.424562556988887252e+01
4.412586019546485261e+01
4.416571156491224315e+01
4.416017318432927397e+01
4.412512058024005768e+01
4.422216105362050342e+01
4.425971477156731027e+01
4.426049376607384289e+01
4.431311679997052266e+01
4.437261257896098243e+01
4.437541389501000566e+01
4.436635632705024079e+01
4.430145073593300964e+01
4.432945043431158183e+01
4.432524963294066112e+01
4.422447369689351859e+01
4.418728494365166881e+01
4.418833505510344395e+01
4.423754964963864467e+01
4.424447866669731866e+01
4.428361726393871578e+01
4.428637318175817938e+01
4.421658096607063015e+01
4.418952743362535074e+01
4.420746350430760430e+01
4.421056819582096864e+01
4.408902830917425320e+01
4.404396024686564459e+01
4.420397526546276623e+01
4.418767783563005480e+01
4.419530761753154025e+01
4.422861544414130464e+01
4.427133267764732949e+01
4.421460511709140206e+01
4.416536349376574577e+01
4.409703509335381710e+01
4.422492036059206555e+01
4.416460420085890348e+01
4.412080162998204713e+01
4.411822367556366942e+01
4.412331233872579617e+01
4.423042554312206676e+01
4.425092359018701416e+01
4.421876211438782889e+01
4.430140072239274218e+01
4.414918407972487557e+01
4.413379876958595815e+01
4.414070093928707195e+01
4.416324860284684917e+01
4.413971219510956701e+01
4.407427940902378083e+01
4.414008159429970846e+01
4.408087831968271786e+01
4.412500237903006450e+01
4.414548659545577891e+01
4.422466407864439475e+01
4.415345949913805867e+01
4.419737668044506762e+01
4.410185627986872703e+01
4.409194823007945985e+01
4.404288639185825360e+01
4.401303872006921125e+01
4.405067598582259336e+01
4.407114052862761611e+01
4.400966347139442547e+01
4.402503407647309785e+01
4.393040601626321973e+01
4.401503131053858908e+01
4.413627778381958677e+01
4.415282174219235856e+01
4.398219434966082986e+01
4.383987189328353651e+01
4.384775657801073123e+01
4.403666576513739983e+01
4.399367827632831762e+01
4.391771460929622606e+01
4.397045671679447310e+01
4.409614919024773627e+01
4.404661201089532341e+01
4.409710113530728393e+01
4.395827580987410954e+01
4.395024364006298612e+01
4.401805403012924955e+01
4.410055667202163221e+01
4.408112816663343381e+01
4.410744812600420772e+01
4.422096627346407871e+01
4.424506060445717281e+01
4.411641764189391068e+01
4.408761447044312831e+01
4.403032394057055399e+01
4.398467854571511992e+01
4.391308732924256475e+01
4.398821720151116210e+01
4.399811683780596638e+01
4.404591390011659513e+01
4.398737123610694510e+01
4.393834051876247315e+01
4.401758924118225025e+01
4.393604804095932082e+01
4.380357848253441233e+01
4.390846392675258869e+01
4.398456710370524547e+01
4.391546258632049415e+01
4.391723509446398310e+01
4.387398132415993501e+01
4.384373395123594008e+01
4.394001963759117757e+01
4.401430475815363508e+01
4.388726217549542241e+01
4.381697112929244753e+01
4.384890029718475546e+01
4.379615695726125324e+01
4.387495229393775276e+01
4.395184671548663147e+01
4.390324839972053184e+01
4.384763772173175056e+01
4.391283604105193206e+01
4.392490863590892047e+01
4.402929444428279027e+01
4.395272375408056575e+01
4.391405006288776747e+01
4.403039087750101999e+01
4.409252166972106579e+01
4.411013335290520843e+01
4.393914116048244267e+01
4.392561119834834216e+01
4.393889633107909276e+01
4.395844884242127648e+01
4.393526831940690158e+01
4.385587084344034992e+01
4.376952046181634159e+01
4.382056934023850658e+01
4.377537776595045926e+01
4.384499684207224846e+01
4.378013679197834307e+01
4.375047313861714571e+01
4.374085932452287295e+01
4.369752277854946243e+01
4.367702138461510941e+01
4.374192879680191481e+01
4.379842660310246316e+01
4.382517845500002096e+01
4.391185275541985789e+01
4.367138712755495078e+01
4.364133076404865363e+01
4.370476304950158664e+01
4.369285403465861606e+01
4.372917377284397134e+01
4.365849042725163542e+01
4.370826695624451474e+01
4.368055167318092913e+01
4.365731794819067346e+01
4.370901263826190331e+01
4.376793175246265122e+01
4.372929869727103380e+01
4.375170340444487493e+01
4.374219715209505921e+01
4.374908048233938729e+01
4.357570052162994756e+01
4.350238620526913280e+01
4.344940981847270933e+01
4.351426867892345030e+01
4.330430646655307925e+01
4.323563655077153811e+01
4.308546475550494392e+01
4.306535032191923307e+01
4.304690152240706169e+01
4.310574979570397858e+01
4.304178651583779214e+01
4.299264488249535532e+01
4.287457840229464523e+01
4.280714535160406342e+01
4.296873002429503430e+01
4.279051058282319531e+01
4.280229840718125445e+01
4.260747186149475851e+01
4.259847579002720153e+01
4.256468372356741980e+01
4.256672744527140395e+01
4.256499167298426300e+01
4.237315055575237466e+01
4.225829456246739113e+01
4.211601673663269452e+01
4.211628803658140185e+01
4.206709442092726903e+01
4.217395228705508003e+01
4.213125503994735510e+01
4.192050778934563482e+01
4.195081762705225970e+01
4.193408335796663522e+01
4.171364847383397745e+01
4.170250286127192396e+01
4.170353820039854043e+01
4.165559670723550312e+01
4.154603303815890314e+01
4.155107178153275527e+01
4.141125229917120976e+01
4.139086569468886267e+01
4.132438829418184412e+01
4.145821216537353848e+01
4.137307987560609490e+01
4.165435311213121850e+01
4.151359022922120801e+01
4.144500180755485275e+01
4.141846931046280389e+01
4.121048092283052000e+01
4.109058247555340415e+01
4.110280580796649019e+01
4.116916997969161685e+01
4.109643968521215385e+01
4.114071218946136810e+01
4.113203303608615613e+01
4.109483411466467828e+01
4.106447449620416279e+01
4.108443296037361137e+01
4.107593246213943416e+01
4.098995618458742740e+01
4.082394046265038412e+01
4.087309745561201169e+01
4.097055684420888610e+01
4.092808589104191697e+01
4.107205735908500799e+01
4.098139523804755413e+01
4.092504640452190046e+01
4.093802897589968381e+01
4.091307568113590065e+01
4.086554965115185922e+01
4.084619956908355931e+01
4.076306627216101219e+01
4.076010309550322575e+01
4.086343532899560671e+01
4.088325843663917425e+01
4.086812119118555842e+01
4.087911036162142864e+01
4.074332901993498268e+01
4.069645027725569975e+01
4.068948957279879153e+01
4.067830672857171947e+01
4.055723656576740410e+01
4.060579615235525353e+01
4.070494091701772277e+01
4.067854969658658604e+01
4.056384764454285374e+01
4.049891273810293058e+01
4.056814270354362861e+01
4.061310518099960376e+01
4.071166399495344734e+01
4.082565122669567614e+01
4.082299467657307446e+01
4.068341089137141608e+01
4.065158398218791547e+01
4.067271936783939879e+01
4.067470231857399199e+01
4.072757516653806675e+01
4.061433580594147941e+01
4.062325088893240377e+01
4.070689202212285096e+01
4.075528557736301849e+01
4.095736370382296343e+01
4.088622227334049342e+01
4.097331730757511536e+01
4.098389303234500858e+01
4.099035052634326348e+01
4.094893646309533608e+01
4.088970332283131626e+01
4.102673215782067473e+01
4.100509148879690713e+01
4.094738879475492865e+01
4.093581173415929442e+01
4.099885903388464214e+01
4.094876486195868637e+01
4.089858638643496391e+01
4.084560208577158136e+01
4.088653108796896873e+01
4.080196619534370228e+01
4.074155467335243230e+01
4.069585174190952870e+01
4.056633297727776721e+01
4.056146038730788206e+01
4.066539595767466864e+01
4.065965907844025651e+01
4.066369404994511427e+01
4.064641001255900221e+01
4.068571362017181059e+01
4.072616648149698904e+01
4.071902010084603774e+01
4.070826047714125195e+01
4.071589942855232636e+01
4.068569488784149257e+01
4.064465415405047821e+01
4.068318238872829795e+01
4.067029863244063392e+01
4.077906840872057614e+01
4.079026645710113996e+01
4.081470692201107653e+01
4.070685125527531056e+01
4.071353198651537753e+01
4.074125197808952947e+01
4.069077598594696354e+01
4.073875403784300886e+01
4.074302995336952193e+01
4.070301644446223577e+01
4.078932811051980423e+01
4.070311518031903830e+01
4.073290918935060034e+01
4.075172591735267957e+01
4.068737943781996336e+01
4.070285136118919667e+01
4.077807389468040355e+01
4.080253981768580473e+01
4.072920056970200875e+01
4.076120148498039697e+01
4.082907592906681771e+01
4.089032094473543566e+01
4.079040118274682669e+01
4.070932030367870880e+01
4.063187466082436572e+01
4.053387054215780694e+01
4.050366347720186866e+01
4.052113961293506605e+01
4.062786254526049845e+01
4.057918235772735471e+01
4.060682300437326120e+01
4.062145732943558585e+01
4.072491927112725563e+01
4.067208629442087187e+01
4.065806568605739102e+01
4.071520558258611544e+01
4.074662775066163789e+01
4.072038940817397901e+01
4.081550332708737727e+01
4.076551095429973515e+01
4.077604053692397201e+01
4.079037311244245245e+01
4.072266067088932573e+01
4.067630341340329636e+01
4.073062671271396340e+01
4.081706782369889908e+01
4.083799066064948846e+01
4.072891563767312562e+01
4.079513945204325864e+01
4.092622167632927699e+01
4.091651889157898125e+01
4.088483456989638398e+01
4.086000098051444951e+01
4.093522444352489487e+01
4.084611598636509910e+01
4.079546795700936457e+01
4.091549732590337385e+01
4.103983283938377724e+01
4.093671214394201741e+01
4.091950022324708414e+01
4.090891779848033849e+01
4.100546171428916153e+01
4.092686640926893205e+01
4.074807450309337753e+01
4.073842982022660664e+01
4.084785498051284236e+01
4.084986252069622736e+01
4.092045345188012817e+01
4.090995354100630266e+01
4.088918064215840076e+01
4.079938145153681006e+01
4.081180103556722116e+01
4.080676955498269365e+01
4.073440912375691880e+01
4.075706946104284611e+01
4.070129897177642420e+01
4.080136357194290753e+01
4.085970601739178676e+01
4.082673522016831669e+01
4.089863391420143302e+01
4.088480308903690030e+01
4.076797569819930089e+01
4.079562180245911662e+01
4.093831920379388123e+01
4.089311209167054528e+01
4.081164373511252563e+01
4.086332368889330269e+01
4.091348751417860541e+01
4.090864590714695481e+01
4.089553787067650603e+01
4.071559610075276225e+01
4.076686656720762159e+01
4.076580051476507549e+01
4.074337667466884483e+01
4.070200789771964622e+01
4.068636096623448140e+01
4.069757700405175171e+01
4.063770633658622700e+01
4.072050396258828897e+01
4.069608943318717564e+01
4.075910806502650985e+01
4.082075651194752197e+01
4.071427594125683669e+01
4.070082728438456598e+01
4.067423330825362626e+01
4.067174102619516418e+01
4.073385428427358335e+01
4.066700229257109811e+01
4.071118330438918775e+01
4.063052182133402823e+01
4.061388822463912618e+01
4.069135282405594012e+01
4.065864425489198908e+01
4.049765002085504051e+01
4.062233230568415365e+01
4.068263581498562331e+01
4.062523473562063003e+01
4.051982912059877862e+01
4.045501543516235188e+01
4.050920802531972953e+01
4.064623359196532704e+01
4.055144577154211305e+01
4.060028515360930612e+01
4.058032520096029572e+01
4.064772034858376770e+01
4.069310845013753664e+01
4.067452540710076647e+01
4.067157213815094252e+01
4.069784846806085454e+01
4.073193779099842260e+01
4.074182177184357556e+01
4.071196759603810023e+01
4.066299047096887875e+01
4.072039430652659320e+01
4.078273586872487755e+01
4.076137506248227282e+01
4.070129363146190116e+01
4.074651639868491770e+01
4.062578258860112612e+01
4.068947391170117811e+01
4.071086397844766225e+01
4.087682218766227749e+01
4.081810528059989451e+01
4.088048200719900649e+01
4.085482076360744941e+01
4.080695439781694489e+01
4.066278899956365933e+01
4.064501564292208968e+01
4.069113529457003153e+01
4.070841979835243762e+01
4.075544382271517208e+01
4.077909030878681307e+01
4.078447488559594802e+01
4.080160072061803334e+01
4.082341468774006898e+01
4.086810982767742928e+01
4.080374892047505142e+01
4.086871128935128183e+01
4.085664384914281300e+01
4.075458375172586756e+01
4.076871655112012860e+01
4.074974555095521112e+01
4.067361348229793094e+01
4.072219176431734411e+01
4.079109809458269353e+01
4.080499171564920857e+01
4.078938107181154038e+01
4.096666566535521525e+01
4.084791013018600125e+01
4.077828124897916240e+01
4.065327067589882404e+01
4.067896085133325101e+01
4.066542369350489139e+01
4.065446493571570841e+01
4.063152323877980621e+01
4.066798895250732926e+01
4.074029475180112314e+01
4.081917417801645342e+01
4.080628185803672636e+01
4.080836708037408300e+01
4.084105742263383121e+01
4.089921061808166058e+01
4.087695508915805931e+01
4.085394391281592164e+01
4.086651218538025887e+01
4.093367944888117194e+01
4.090001576316198140e+01
4.089057749341239401e+01
4.092482795956771469e+01
4.096161096983314565e+01
4.092084892614253278e+01
4.098178997248490418e+01
4.089990903320408933e+01
4.093893828564516468e+01
4.095701136587673830e+01
4.087948835203476250e+01
4.091996993913845415e+01
4.085388517797463948e+01
4.090309806176993845e+01
4.084696549405772004e+01
4.083291763618179715e+01
4.074410771829595745e+01
4.073341381634729430e+01
4.077513291237369231e+01
4.080959017930798183e+01
4.079165641575204404e+01
4.082176856317543923e+01
4.081836612516437413e+01
4.085173500892560838e+01
4.093641391614713854e+01
4.093114217854576964e+01
4.084334340059908897e+01
4.076525241384009490e+01
4.074352036388387432e+01
4.073925135804741160e+01
4.081921491485223896e+01
4.080593876325575309e+01
4.087751622665557960e+01
4.090785087279048327e+01
4.080051591018575863e+01
4.074067916906648890e+01
4.070609162114279655e+01
4.068570936368809043e+01
4.066233565257757476e+01
4.075398036878689823e+01
4.077626872247131473e+01
4.070142761765001893e+01
4.072188214989347443e+01
4.075276453603147075e+01
4.073022711492942705e+01
4.069193980844851666e+01
4.064599090228427514e+01
4.067594423679180693e+01
4.089048623595522258e+01
4.084652330609907267e+01
4.075437223155422117e+01
4.072130228245389105e+01
4.067792284470940700e+01
4.072126525412522824e+01
4.062464687716938272e+01
4.067601911955684102e+01
4.085516361026473930e+01
4.083869400305448494e+01
4.087952501221961654e+01
4.093014429323628178e+01
4.096175178845977882e+01
4.117700982260075193e+01
4.096702615127328784e+01
4.096756166962799028e+01
4.096053947962487030e+01
4.093900451380024208e+01
4.090328584055402672e+01
4.086007542356198030e+01
4.086947912354604995e+01
4.069255666384788128e+01
4.068247960040326205e+01
4.066339731072897479e+01
4.060443332540330630e+01
4.064898215395909631e+01
4.069692972031335643e+01
4.083118475308057782e+01
4.088484239960236977e+01
4.089336424963114780e+01
4.086650911090431038e+01
4.082350190728986661e+01
4.085946446783135144e+01
4.086283413420123622e+01
4.083188430140160818e+01
4.080990255899639862e+01
4.083292371430082568e+01
4.081773148746164992e+01
4.077475597424714948e+01
4.074814556040973201e+01
4.080693861696785518e+01
4.079057323041882199e+01
4.085188363813389145e+01
4.088865710884918769e+01
4.093354484499420920e+01
4.087448713561462199e+01
4.090669691654089490e+01
4.092255069734810746e+01
4.095043670518614221e+01
4.093734900282373701e+01
4.086421855564798733e+01
4.077800543136330447e+01
4.079016950860735591e+01
4.076034212899302389e+01
4.072705834301379468e+01
4.071929648404987034e+01
4.072698179092242299e+01
4.065327284114818696e+01
4.067115588412208638e+01
4.073554937046315416e+01
4.070540457040596038e+01
4.080624658937158244e+01
4.072417719498919553e+01
4.065677877059262357e+01
4.070372371938697142e+01
4.068197450343679833e+01
4.064365508801090243e+01
4.066962307304246593e+01
4.065739636946363333e+01
4.062202495253838208e+01
4.060067577693494911e+01
4.065088713455241276e+01
4.066381699135425976e+01
4.076850112826272721e+01
4.085133690228308012e+01
4.096328592184041639e+01
4.092720760763803867e+01
4.084954621160600396e+01
4.084413181799943260e+01
4.092190072996841366e+01
4.084150752154978647e+01
4.093538520958002636e+01
4.100878492471061065e+01
4.099111945257377698e+01
4.099057748925211087e+01
4.102600330117387983e+01
4.099453855576747685e+01
4.100526286931870601e+01
4.086156134963565023e+01
4.080889182802534521e+01
4.080041436994542181e+01
4.075493700314806489e+01
4.067235468752774352e+01
4.068521155602614670e+01
4.067315158203852121e+01
4.062688265611598837e+01
4.065609603645285830e+01
4.066633217930505140e+01
4.063693082570591741e+01
4.066048673066964625e+01
4.067685948161557974e+01
4.077747138931812287e+01
4.077652074246795166e+01
4.076511638551353656e+01
4.079450390490359979e+01
4.087755045288199085e+01
4.093009915438670276e+01
4.102564399784499471e+01
4.090801079029755982e+01
4.104203959690656944e+01
4.113044645270932165e+01
4.110215846198029510e+01
4.129470996831153684e+01
4.110799267872622664e+01
4.112390638910810736e+01
4.112971961704953117e+01
4.112052721427070878e+01
4.102008195577450067e+01
4.081612556389383428e+01
4.077557381632078659e+01
4.082724763081061070e+01
4.084837176208645815e+01
4.079642410030032096e+01
4.087629419330397695e+01
4.084714391380921938e+01
4.071453414014495564e+01
4.079043226245039477e+01
4.074352174380894098e+01
4.076146842253546509e+01
4.069591523473812344e+01
4.059383493599977299e+01
4.063865629857021133e+01
4.068479172003168287e+01
4.065644906831098382e+01
4.069650746128438357e+01
4.068343982699721550e+01
4.076109152147357406e+01
4.074712675463068479e+01
4.065362802231659600e+01
4.061767167095428732e+01
4.062243357124481236e+01
4.073377997579832055e+01
4.072674085419883738e+01
4.057393518941858446e+01
4.069372894941384544e+01
4.066580683135180863e+01
4.068268403849801729e+01
4.065581614922871267e+01
4.072172844315369389e+01
4.069660420977489679e+01
4.073299016287535323e+01
4.083169506812384242e+01
4.087684601543164575e+01
4.078465590156435638e+01
4.062628145352096709e+01
4.069381538058700443e+01
4.074436422948516423e+01
4.075985450312104774e+01
4.070047789897910917e+01
4.066369392079743506e+01
4.067557167164093102e+01
4.079615668082237079e+01
4.075283427132326608e+01
4.073464889283012269e+01
4.068828631316944922e+01
4.065390712972752851e+01
4.073617521149889598e+01
4.068984119878686556e+01
4.070178342719670184e+01
4.061623063516792342e+01
4.057913550853238149e+01
4.058772569029428468e+01
4.064139954241321107e+01
4.068653321089468022e+01
4.066254380897282772e+01
4.069293631690396751e+01
4.071898753960325479e+01
4.073403388288953408e+01
4.065997081161100368e+01
4.067610017642765996e+01
4.069491040965045414e+01
4.078011229561890616e+01
4.070862539977643024e+01
4.080771163093565690e+01
4.083892661350585485e+01
4.083607317848652940e+01
4.089144727245550115e+01
4.078556773494812404e+01
4.079736504588828439e+01
4.070730934419131586e+01
4.077153963479629795e+01
4.075309603818811155e+01
4.068627457244016909e+01
4.064867703455357884e+01
4.051619240654022747e+01
4.047808689059991849e+01
4.059276366129618907e+01
4.042397554574301921e+01
4.045846085118646585e+01
4.054017444344049181e+01
4.040299712690705292e+01
4.045406867725295541e+01
4.044795400027514631e+01
4.043867455106288133e+01
4.037082940892385352e+01
4.039359291798443508e+01
4.045058794535222546e+01
4.049525145449516117e+01
4.047568830767682613e+01
4.050659299587785966e+01
4.049557859768055579e+01
4.043938990052498639e+01
4.047893611516431633e+01
4.042805296700731787e+01
4.038760581304943997e+01
4.038798760932733245e+01
4.044295098362824348e+01
4.044145160572310971e+01
4.045695104154594191e+01
4.045462203185499561e+01
4.045108402778430445e+01
4.052523762174931221e+01
4.057859117413695316e+01
4.059055590563844618e+01
4.059769097487297529e+01
4.045996803856512258e+01
4.044336260866691646e+01
4.050453128383042412e+01
4.061478979741799833e+01
4.068325031190151719e+01
4.063269534873956701e+01
4.051966061738549030e+01
4.048149918644055134e+01
4.040542272513131650e+01
4.031855202664106486e+01
4.040096263830805157e+01
4.031273981787473559e+01
4.033483417053336240e+01
4.046460377602508629e+01
4.036792764853090176e+01
4.039608183136984820e+01
4.043386685716173901e+01
4.046786721396154718e+01
4.040707925015622948e+01
4.032764639550816810e+01
4.041375569647068033e+01
4.043963765548799927e+01
4.028099796066296534e+01
4.031513422590818863e+01
4.036425218931128711e+01
4.032767747478649056e+01
4.034820323908904527e+01
4.041778168725397791e+01
4.037550141004648907e+01
4.051488674420900082e+01
4.045012391095642812e+01
4.051663241532797599e+01
4.047303388395294377e+01
4.048252388401039070e+01
4.046644775902644398e+01
4.053538359512581479e+01
4.052511172059298161e+01
4.054842780258011459e+01
4.054344523617815099e+01
4.055918086287322666e+01
4.050863275910613481e+01
4.056259596722456706e+01
4.059234432267255954e+01
4.056020351625129905e+01
4.057611297289076902e+01
4.058456120714149762e+01
4.055646536831680748e+01
4.062629848073331829e+01
4.057429345504223051e+01
4.041821618916478087e+01
4.041770027115743602e+01
4.049274334926141705e+01
4.061497769239413458e+01
4.052814250316571076e+01
4.065991347305914161e+01
4.071121761944301909e+01
4.068423151789567527e+01
4.065413371977302148e+01
4.053785252019368812e+01
4.053350275258894442e+01
4.072127167207827370e+01
4.067753560906474775e+01
4.056231983151619147e+01
4.049590071517071976e+01
4.048834123447774402e+01
4.056452798470713361e+01
4.050015418328228378e+01
4.058363379768955781e+01
4.057808148428681250e+01
4.053006149662376600e+01
4.053134188925640302e+01
4.059921174001574684e+01
4.051517029129428238e+01
4.043235220276989139e+01
4.040103053876170236e+01
4.048599666977648326e+01
4.046677841155039346e+01
4.046502626130347835e+01
4.036752703996152292e+01
4.036431095618037546e+01
4.049444012096817147e+01
4.048270091410321214e+01
4.051349403697076923e+01
4.048268925924380568e+01
4.049804428166827108e+01
4.043756322048304952e+01
4.044857542572274411e+01
4.049832638853839484e+01
4.053397482460026424e+01
4.056928157329869578e+01
4.047482514514376106e+01
4.052225254290062395e+01
4.045652674535116233e+01
4.042353936464416364e+01
4.047855705324631970e+01
4.042131312279042987e+01
4.050298215532803425e+01
4.041990458233381389e+01
4.040500146609873156e+01
4.049691866468392476e+01
4.052893236909542907e+01
4.060434093939424827e+01
4.053485067407436304e+01
4.051776867652447578e+01
4.050129591005472918e+01
4.055255506449488223e+01
4.063657246977123094e+01
4.055223900788688951e+01
4.060629768387469340e+01
4.068322045217797012e+01
4.079128541890932524e+01
4.066812222978684588e+01
4.062271590341553917e+01
4.059690573082261267e+01
4.072262479995344364e+01
4.077190888667229984e+01
4.072544236933691764e+01
4.075505992743060801e+01
4.078010370300545162e+01
4.084654667828135644e+01
4.089663633790451769e+01
4.088379135302258049e+01
4.091714911417189171e+01
4.089442416818875614e+01
4.085336652205860730e+01
4.081912989149076054e+01
4.085078800325787540e+01
4.088704767123682160e+01
4.090383823223756110e+01
4.087888662740656542e+01
4.079756712262706486e+01
4.086406397172832072e+01
4.084002429685028090e+01
4.076547450196781597e+01
4.093338130392632479e+01
4.086018874520882349e+01
4.082094742198567161e+01
4.074582013882765352e+01
4.089789147926292401e+01
4.090442743422222094e+01
4.091840951133581683e+01
4.092792333698547935e+01
4.090925488737725146e+01
4.095695834063316454e+01
4.093774745789202285e+01
4.098630120809409050e+01
4.100089565560293892e+01
4.103265998785669666e+01
4.105845331182214153e+01
4.092326676163427379e+01
4.094778429285874211e+01
4.096117190589848889e+01
4.087141520010995777e+01
4.090583666500441495e+01
4.087789181187874021e+01
4.070434727018533749e+01
4.066628401181546337e+01
4.062885950858660777e+01
4.063517870163698120e+01
4.071158893371837451e+01
4.057022786507870649e+01
4.055136948290432031e+01
4.047856894056990029e+01
4.054150313189206400e+01
4.054921070800403271e+01
4.060166037948400941e+01
4.051505147792329353e+01
4.055130725106671008e+01
4.053989310721414085e+01
4.062082009772277047e+01
4.067098418452506081e+01
4.063822074041628696e+01
4.073114770034461429e+01
4.073528229001392731e+01
4.059261527196450459e+01
4.049340456674493538e+01
4.042693051435700369e+01
4.049703288289516223e+01
4.040177717720901995e+01
4.043458163489845703e+01
4.036456897707378744e+01
4.033994021249334594e+01
4.037967887084069218e+01
4.041109927647354993e+01
4.036830434198812156e+01
4.042550085687030759e+01
4.041904355258500914e+01
4.044411144393251334e+01
4.049081905025477113e+01
4.043080078832453239e+01
4.039790565273429479e+01
4.044082249398656614e+01
4.037767702982129236e+01
4.038750153216392391e+01
4.046221072118824935e+01
4.040572160626852138e+01
4.043541026528728821e+01
4.051605742093911999e+01
4.046450183923930410e+01
4.041535029290754011e+01
4.043588880597202717e+01
4.047428780089415312e+01
4.046877131692404106e+01
4.051744930353576279e+01
4.050540410565773897e+01
4.051413715606765464e+01
4.061125292442735457e+01
4.063803832453660903e+01
4.069562684798179930e+01
4.070048935587740857e+01
4.071065394328880416e+01
4.052249757235360050e+01
4.052396814318802853e+01
4.049363538957180708e+01
4.050241242600429104e+01
4.049050782075351407e+01
4.052714894956763914e+01
4.048714846464380912e+01
4.032822289490079726e+01
4.034575017863324575e+01
4.053915187516594187e+01
4.039770523816213199e+01
4.050571571021521322e+01
4.052036026222410214e+01
4.053585066036482942e+01
4.058549928912108129e+01
4.066216682508760272e+01
4.066609237675088906e+01
4.064925987181428724e+01
4.062036696040673434e+01
4.055839234983781694e+01
4.060394026026359882e+01
4.054541189124935130e+01
4.049027520768572685e+01
4.051894804954976337e+01
4.051969534996090516e+01
4.051702295401399567e+01
4.058403337349368911e+01
4.069650486507089227e+01
4.066011164405194478e+01
4.059960248802978811e+01
4.050287237778051264e+01
4.048414206804859816e+01
4.051555453229399717e+01
4.048342120802823274e+01
4.048693122770719555e+01
4.056637222634668660e+01
4.051196212959533938e+01
4.052453658863439756e+01
4.050612059410727994e+01
4.040011365680742728e+01
4.028926997927329268e+01
4.024491010484816655e+01
4.028160763777894715e+01
4.033111478046207310e+01
4.036190108838138713e+01
4.028476519029983649e+01
4.029576830084795347e+01
4.035469896068472195e+01
4.027522697944928609e+01
4.025622305634295373e+01
4.031062430529840412e+01
4.029273544163287113e+01
4.026791101036050691e+01
4.029909590854541079e+01
4.019577354246094103e+01
4.038647096816611537e+01
4.040622561630871701e+01
4.031754791565644069e+01
4.040324370345933147e+01
4.048461057093764737e+01
4.031509206252037103e+01
4.033689284052058355e+01
4.034018519937611558e+01
4.021144912492415102e+01
4.033625861077565133e+01
4.030181984232844883e+01
4.021967663908541368e+01
4.010751030943701068e+01
4.015230156054499133e+01
4.020155974357784601e+01
4.025192959237394064e+01
4.027512587082359374e+01
4.037190242929378314e+01
4.020712447666524980e+01
4.013014179544466487e+01
4.017968647384260095e+01
4.024977358206616884e+01
4.010832008475397714e+01
4.013434646640020986e+01
4.026214138809897491e+01
4.017164604905013903e+01
4.025463608623621781e+01
4.014135739888079257e+01
4.026337336914508569e+01
4.043680120434692071e+01
4.030864494364242745e+01
4.030362878599189713e+01
4.046504022103537324e+01
4.039588286527988004e+01
4.040518567331844935e+01
4.049146322421892563e+01
4.051484990271834619e+01
4.051942913766251309e+01
4.052412195278665763e+01
4.051591363213361063e+01
4.049899041961363366e+01
4.048088496921602797e+01
4.047460453174082318e+01
4.048923073911264225e+01
4.038556676155109670e+01
4.033487039690384535e+01
4.043453178112362423e+01
4.049450392295632639e+01
4.055277897034074641e+01
4.054396995888583177e+01
4.054747274752124042e+01
4.049869864809301845e+01
4.052697387593505596e+01
4.046957615003487518e+01
4.046828674346890153e+01
4.050407495440931882e+01
4.064914531118026986e+01
4.067061679225501791e+01
4.057730004663096679e+01
4.058367993695430442e+01
4.073145101582861827e+01
4.064253082051729393e+01
4.064762597631071372e+01
4.061759879940586160e+01
4.052227926389696222e+01
4.042321134242310876e+01
4.049400363570439509e+01
4.051832985769126338e+01
4.046526483404521457e+01
4.042271724907533326e+01
4.043494433308439540e+01
4.043900805664094378e+01
4.045679015554736679e+01
4.044892470226191961e+01
4.048387378795752056e+01
4.051406053782095285e+01
4.053217314191783771e+01
4.063941033914255030e+01
4.050825136268593241e+01
4.071665434039459086e+01
4.073702119513058051e+01
4.067545471221624354e+01
4.069655545071663738e+01
4.063208972403452179e+01
4.060418111291107124e+01
4.059128328516850104e+01
4.047382252426977089e+01
4.041437748738736246e+01
4.045447450960006819e+01
4.050015590422493972e+01
4.061849239871318673e+01
4.059127369991448830e+01
4.061828583743572807e+01
4.064207525274039767e+01
4.052451079424012903e+01
4.071097587830951170e+01
4.072584932014699888e+01
4.065203695273822859e+01
4.065761889621045100e+01
4.074545067956722022e+01
4.074756455118635046e+01
4.069324777511231872e+01
4.066877900030861781e+01
4.061311487691509114e+01
4.061929268870670029e+01
4.054733107342211440e+01
4.045288218969623273e+01
4.046660956913751761e+01
4.055578229088200715e+01
4.062658399134870280e+01
4.068152669133416310e+01
4.074216207075121332e+01
4.065782778324161484e+01
4.071482122200388432e+01
4.055550072786889615e+01
4.054111152375265448e+01
4.048476916715364382e+01
4.051741963305823901e+01
4.050856648674159999e+01
4.050990933507676317e+01
4.053728989398303639e+01
4.055983568725958577e+01
4.059134199330484449e+01
4.061047993180029181e+01
4.055467176311198330e+01
4.064412620906189488e+01
4.055478528281710737e+01
4.048834564218111609e+01
4.047078566681420142e+01
4.052266587669529230e+01
4.059005970918889972e+01
4.068922050791221068e+01
4.071188399944491465e+01
4.069201845739787871e+01
4.073603223579473109e+01
4.076309682105055288e+01
4.082671522807099507e+01
4.069563206015522638e+01
4.064775722948608205e+01
4.055765865725814479e+01
4.065514522650530438e+01
4.057886359611006100e+01
4.065280959720016085e+01
4.069603610676305294e+01
4.068812466864539346e+01
4.072583335413727923e+01
4.072956463782363556e+01
4.072314059262646424e+01
4.078826337158526627e+01
4.078294975036873637e+01
4.074239362500991746e+01
4.075201337701105331e+01
4.068457203761678898e+01
4.063750494666707880e+01
4.057077060535364410e+01
4.063690001693659326e+01
4.059660769479391007e+01
4.061924042316798733e+01
4.070815059543913605e+01
4.071050526489374732e+01
4.072319121359793570e+01
4.074147286264997092e+01
4.083756111176423786e+01
4.087070105546606413e+01
4.089854004025143297e+01
4.100282639621410397e+01
4.098743121656756472e+01
4.095517616572097097e+01
4.082730653096199092e+01
4.090584806805328100e+01
4.102811391975225064e+01
4.106920130780080314e+01
4.098525636693481999e+01
4.101757638627264413e+01
4.099445631915400412e+01
4.094398498474347292e+01
4.091162622420769424e+01
4.092719369345122971e+01
4.114608055941980069e+01
4.112414228958868279e+01
4.108881749478024403e+01
4.107509419174740373e+01
4.105658421681147985e+01
4.101550311552868777e+01
4.103542552669569687e+01
4.098781604404897649e+01
4.097794190192561814e+01
4.102308168655353171e+01
4.100475444284962379e+01
4.092120720484754059e+01
4.090326927855055317e+01
4.094192870460875611e+01
4.099572595193539826e+01
4.097315172641301473e+01
4.091346618245889744e+01
4.090367737315138896e+01
4.092902118307555526e+01
4.090776683753383480e+01
4.093650087330244247e+01
4.105315903420451917e+01
4.089711385216470774e+01
4.100310719589212738e+01
4.095187917189821292e+01
4.094848612096350848e+01
4.090768745069836143e+01
4.070369484019931861e+01
4.074661972545235500e+01
4.080717707899152202e+01
4.076095413967059500e+01
4.090216384299134234e+01
4.094757520655716121e+01
4.099363564559313033e+01
4.097066467448037486e+01
4.101034981984404482e+01
4.092538006791521354e+01
4.095350258090442708e+01
4.089471792933285599e+01
4.073249692872148842e+01
4.084482490799024390e+01
4.082883062461203139e+01
4.090491030665592120e+01
4.078156340568062177e+01
4.078284076158250571e+01
4.077236904228236369e+01
4.078865926450521329e+01
4.074917487633537405e+01
4.073636302593595815e+01
4.072988609614425570e+01
4.080829356703436162e+01
4.071123700507349952e+01
4.072152268034443523e+01
4.069113526858632923e+01
4.085472200268721821e+01
4.083710979404965968e+01
4.078547299157448691e+01
4.070040530470465256e+01
4.080295224591887404e+01
4.072709819958278388e+01
4.081356360982960751e+01
4.077195915378324997e+01
4.066382793094057035e+01
4.075541275159154964e+01
4.068488165782111565e+01
4.069044746674479995e+01
4.062623129017354273e+01
4.073397612407090662e+01
4.075290848276485178e+01
4.084182564571676721e+01
4.063742421418469064e+01
4.075669175470213901e+01
4.072507171232834366e+01
4.070447490358543519e+01
4.069235592375044774e+01
4.070679733318514337e+01
4.073998028960546947e+01
4.063988354397537250e+01
4.072967274255837111e+01
4.071679853919033576e+01
4.082885539092991678e+01
4.068510832917107223e+01
4.066865224225801256e+01
4.059625264846145853e+01
4.075083421845584297e+01
4.066908948011531777e+01
4.070468491542113298e+01
4.069373343264769005e+01
4.080951350442716574e+01
4.076522561816909729e+01
4.077009498349185179e+01
4.081238348919617209e+01
4.073365152973801884e+01
4.087612583509599062e+01
4.095666018022633637e+01
4.073518107707772629e+01
4.084065466426550728e+01
4.077938705626578297e+01
4.076664374155566151e+01
4.079661483582610515e+01
4.081398502336963929e+01
4.091578741333866276e+01
4.094718012898288606e+01
4.091346673820487467e+01
4.092038811284604094e+01
4.075560375544068137e+01
4.077178417960030288e+01
4.081714306932213532e+01
4.076931857029020989e+01
4.077183368141452036e+01
4.070517628736488547e+01
4.068156949289541302e+01
4.068582154170612597e+01
4.066580519201655619e+01
4.069850478359741430e+01
4.062282765533166895e+01
4.058223058996448174e+01
4.053996372110314894e+01
4.054683184985989186e+01
4.065309617524559371e+01
4.060836733290779677e+01
4.071839709132168394e+01
4.065202675100817942e+01
4.059696296082046985e+01
4.062415845851629825e+01
4.069499314033945581e+01
4.072497118369797420e+01
4.068404867218258403e+01
4.076065386840301130e+01
4.070234007243021779e+01
4.079040919781822083e+01
4.072459078045348946e+01
4.054580932368363477e+01
4.057628219426056404e+01
4.046707292304964199e+01
4.040391183221293403e+01
4.040205515805921976e+01
4.035714035814437040e+01
4.040055836953281698e+01
4.038535051512091201e+01
4.044102533625945028e+01
4.048300869256536316e+01
4.037980629675266897e+01
4.051437658715892098e+01
4.049754826502511662e+01
4.039387768477753582e+01
4.036372327402359872e+01
4.044720605237283451e+01
4.050295503670631803e+01
4.048607531461072995e+01
4.050173693804376995e+01
4.051216281769067251e+01
4.056209338619783722e+01
4.060557861395793111e+01
4.069832340689285388e+01
4.075556392363374414e+01
4.068740106530683676e+01
4.070683565144926774e+01
4.073341518229021574e+01
4.062093252430040025e+01
4.057833358022792680e+01
4.061463856365143954e+01
4.060621178122965347e+01
4.067159877410989566e+01
4.074030651644288525e+01
4.072821388703022905e+01
4.075459293404193062e+01
4.070548599042268734e+01
4.066626624699971160e+01
4.075327320991157620e+01
4.077102715928356957e+01
4.072207603089029959e+01
4.064238303812096831e+01
4.071244337078710629e+01
4.071338561236589726e+01
4.071625100191549507e+01
4.069741772976890104e+01
4.069756041371277178e+01
4.067947356216686217e+01
4.068440741063971444e+01
4.059870994895948115e+01
4.054500457721506734e+01
4.061807714051942497e+01
4.076832882067485286e+01
4.075802275567659194e+01
4.073175171284265161e+01
4.090444778184887298e+01
4.089155702290545236e+01
4.088430814728594953e+01
4.081437265399119951e+01
4.088290213079840640e+01
4.085791238540588921e+01
4.091495686778324625e+01
4.094290541973347786e+01
4.096538919999740358e+01
4.086819442700147675e+01
4.091206428813367069e+01
4.108650561720582317e+01
4.110637395561562357e+01
4.103349087930575223e+01
4.090683658117546884e+01
4.101992702790798262e+01
4.110666230046567904e+01
4.098823090261748092e+01
4.091891999543220493e+01
4.091133089271342982e+01
4.092554558887807303e+01
4.079946290212291160e+01
4.071454491826160904e+01
4.074409351218879749e+01
4.088356368971068378e+01
4.089312614810406643e+01
4.076057861209583422e+01
4.094597120434674054e+01
4.089423838349217277e+01
4.085656679161787252e+01
4.084714191493345226e+01
4.077177380542359231e+01
4.075960318870404109e+01
4.072744065250905976e+01
4.077881802013546775e+01
4.093201827076642729e+01
4.095526258197796210e+01
4.089251802695721949e+01
4.084064916974173087e+01
4.079834671215040487e+01
4.076732563743228610e+01
4.065946540897320460e+01
4.071362261446916619e+01
4.069711633770277359e+01
4.061876592459279323e+01
4.058347795285668269e+01
4.064216687577435749e+01
4.066654843257396834e+01
4.065066821582635015e+01
4.067236269583624875e+01
4.064377115784656525e+01
4.065493693731964697e+01
4.056511825486411027e+01
4.058111378619418730e+01
4.048025506380322724e+01
4.065763954271188396e+01
4.071380558706487562e+01
4.075982629032125004e+01
4.069746906121444141e+01
4.054208360428107483e+01
4.052849506048451644e+01
4.049401745147932274e+01
4.044034285652511329e+01
4.047998436783784371e+01
4.049196345318661372e+01
4.061864189305942574e+01
4.066755679519280875e+01
4.068188164532575968e+01
4.069170676655069485e+01
4.063807598692167744e+01
4.053569529117695680e+01
4.071110488095624902e+01
4.058229464864199088e+01
4.060482823418868747e+01
4.055863900959072055e+01
4.049435947062505647e+01
4.039224978343218453e+01
4.040540556838072206e+01
4.050828090444120733e+01
4.045944991947170166e+01
4.053811362334320023e+01
4.054848647406592477e+01
4.045830778573490960e+01
4.041532482702222495e+01
4.040072302952518868e+01
4.040851558618545880e+01
4.039892839307047723e+01
4.039259020815533319e+01
4.046414956188201728e+01
4.042290411904608760e+01
4.046729971087612654e+01
4.044407697981013428e+01
4.050801502280324229e+01
4.052811439543553007e+01
4.050145610926013973e+01
4.051195177023736704e+01
4.052571141757125162e+01
4.050307283948219350e+01
4.042489029500854514e+01
4.047419435550634859e+01
4.034145774963065634e+01
4.033165128933499233e+01
4.030922050840722903e+01
4.026388941012857003e+01
4.032447396022865149e+01
4.025890988949278437e+01
4.030778496120167631e+01
4.029675800250169004e+01
4.028102311881301034e+01
4.037391228501925866e+01
4.043409276391678731e+01
4.047072014230603543e+01
4.046239565703571373e+01
4.032882816961209471e+01
4.042619148476092050e+01
4.038467618703073470e+01
4.048890114737840662e+01
4.052025047873063102e+01
4.063852950243500572e+01
4.056919377508676661e+01
4.058831187000458129e+01
4.052129966932083249e+01
4.058815699949847300e+01
4.060130847057315862e+01
4.061713914643797096e+01
4.042511098676037307e+01
4.044774797534741850e+01
4.057219190652004670e+01
4.070443458287758887e+01
4.070773980924786883e+01
4.064780821942703426e+01
4.063736021156282874e+01
4.063680877550743986e+01
4.064710454515571314e+01
4.066732200213554194e+01
4.076988854177492527e+01
4.078184719731948604e+01
4.071307617646186827e+01
4.062463966811219507e+01
4.063856606966659513e+01
4.065462189497304735e+01
4.068289168811167400e+01
4.068460827423990622e+01
4.058602205424649156e+01
4.065214442807366879e+01
4.074582394229066296e+01
4.070113161857259598e+01
4.070940930469485863e+01
4.076989757063551423e+01
4.068514563096763936e+01
4.066943075647940020e+01
4.068757879672554623e+01
4.072919010557379949e+01
4.076949515093309628e+01
4.068121679495676091e+01
4.069240344786153685e+01
4.067941968786191609e+01
4.069825559874353615e+01
4.074226342919607902e+01
4.068153766396184068e+01
4.069747266049128598e+01
4.068272029751303620e+01
4.086584401290109270e+01
4.086995625348015437e+01
4.084951607443390742e+01
4.068526427076764662e+01
4.057475212774970430e+01
4.062518295948567726e+01
4.068001638176369994e+01
4.068815841596065042e+01
4.064971770798327810e+01
4.067621335151916639e+01
4.072645208896313562e+01
4.075642762350847903e+01
4.088072763178457336e+01
4.083863863127744054e+01
4.070211771138858126e+01
4.069285437453837062e+01
4.071823547335690563e+01
4.077878490958111968e+01
4.083886047297838218e+01
4.071918969138084066e+01
4.071544305416768594e+01
4.084950201363560751e+01
4.081365264038760188e+01
4.078116759107103917e+01
4.079325050426656674e+01
4.079578218217772445e+01
4.083181907250122578e+01
4.086706024315208197e+01
4.089464291683950847e+01
4.094114826194805801e+01
4.089410954145520805e+01
4.090920716189453543e+01
4.091066117896001941e+01
4.090624221925830284e+01
4.087948142802029849e+01
4.082941704722814791e+01
4.071301868399361013e+01
4.067651378225184544e+01
4.071741499694530830e+01
4.064198230916376531e+01
4.060348420614730713e+01
4.055904923024385056e+01
4.064694158643581545e+01
4.079943016770208430e+01
4.077770995170295976e+01
4.070126699034470619e+01
4.073699457692590187e+01
4.068008682920790875e+01
4.066890688553624500e+01
4.067395735307308513e+01
4.069150837948642874e+01
