nan
nan
nan
nan
nan
nan
nan
nan
nan
nan
nan
1.204312119819461291e+00
3.836271272862052495e+00
6.137263100367910340e+00
7.751739602309915433e+00
8.850360078644472495e+00
9.900282517403597993e+00
1.063716634142300421e+01
1.160828202740634119e+01
1.269491910753697184e+01
1.374854940749295018e+01
1.454965944873104000e+01
1.534670898643009451e+01
1.606246642916477896e+01
1.685087576759668337e+01
1.755756711097641087e+01
1.811167879026296390e+01
1.865523841643837599e+01
1.940261706390202434e+01
2.003983906079645649e+01
2.090257034982183981e+01
2.167281215386898552e+01
2.222375113768782739e+01
2.272261577346763772e+01
2.341837855554896919e+01
2.404669556244002493e+01
2.463694464512007798e+01
2.512902023527455242e+01
2.568581188651194225e+01
2.614957372488455078e+01
2.661185056300470109e+01
2.703598080048648455e+01
2.747378529290566362e+01
2.814686594784558693e+01
2.872507226373227951e+01
2.934582114076915360e+01
2.980041930483891122e+01
3.022217353672792939e+01
3.070368040259457132e+01
3.118811043518890358e+01
3.165561918973671851e+01
3.223986550866084144e+01
3.264321643227917491e+01
3.308152238694287206e+01
3.351414059250599564e+01
3.392264070258711683e+01
3.443639654682889528e+01
3.497973257669168845e+01
3.531340817531739162e+01
3.571767917553612648e+01
3.609639957085207840e+01
3.650054192191366553e+01
3.702127997386743630e+01
3.738961094037784960e+01
3.787770197527181182e+01
3.835062384288836768e+01
3.880045882946198077e+01
3.923806795049578966e+01
3.960336045916273662e+01
3.995488135977966238e+01
4.027865056108039710e+01
4.074446595194227427e+01
4.100793088096123995e+01
4.132033626494432355e+01
4.159765045146729534e+01
4.189441379096231088e+01
4.221563933061612062e+01
4.252281683650661392e+01
4.280365434380760803e+01
4.303254546552280857e+01
4.335269016819596999e+01
4.358830105154461876e+01
4.389302186268650985e+01
4.414777044686722718e+01
4.431166867906190987e+01
4.463510950907884478e+01
4.481070228964398439e+01
4.511854043214430732e+01
4.531867023947695117e+01
4.558286852370838460e+01
4.588167438403807807e+01
4.609457017311981275e+01
4.633468683163061286e+01
4.662550149029525670e+01
4.692661143475083918e+01
4.711985716236120680e+01
4.740285739031344292e+01
4.757161822713889165e+01
4.780127710528287821e+01
4.800124861935075415e+01
4.824624316091813370e+01
4.842815295988781799e+01
4.863973488549889623e+01
4.877897983063532195e+01
4.899678993932061388e+01
4.917060473334702664e+01
4.930591881638261498e+01
4.951522754984681995e+01
4.961791200771867238e+01
4.970558406637266557e+01
4.991139527830522127e+01
4.999511245287006744e+01
5.015800299945762930e+01
5.028242814307836994e+01
5.043893776165950982e+01
5.056290264860849248e+01
5.070752925223811047e+01
5.082611965309337876e+01
5.092830541773100350e+01
5.103507645433742823e+01
5.122149344318354025e+01
5.129874340299677016e+01
5.138381742348460079e+01
5.147547574715529350e+01
5.165282886231302228e+01
5.176950579425692212e+01
5.192523208216395147e+01
5.204413500025439987e+01
5.224632973442034256e+01
5.239906033286304421e+01
5.255776656089030041e+01
5.274954582412708959e+01
5.287909367287709017e+01
5.315525276416919098e+01
5.330518905436516519e+01
5.352279290009513346e+01
5.370908729400438375e+01
5.405835539031972559e+01
5.415383980373513850e+01
5.433221797819636123e+01
5.443596700491174545e+01
5.455563586141048660e+01
5.474612301799260194e+01
5.492262514874717994e+01
5.504346975437028533e+01
5.513399267282200356e+01
5.530768369439599752e+01
5.542748775814474982e+01
5.550831844729231079e+01
5.566908014568499397e+01
5.583466947601793606e+01
5.595584305004076953e+01
5.606482768108971726e+01
5.620100584243994035e+01
5.631206566147078973e+01
5.638088169420672813e+01
5.653464843843165966e+01
5.663178007801181479e+01
5.675423285436798437e+01
5.689568145503344709e+01
5.703695021012400446e+01
5.714458495757079959e+01
5.725665893961676289e+01
5.733710099306408381e+01
5.739631719745624849e+01
5.759541852899361203e+01
5.766549514029619417e+01
5.776974392116390788e+01
5.787261684126914929e+01
5.790179107918940105e+01
5.799401147139734292e+01
5.809883959614856508e+01
5.823986207247626368e+01
5.837548452033352930e+01
5.847576731860984722e+01
5.861556397298412691e+01
5.874681736237592844e+01
5.890752016903861943e+01
5.904545579439062664e+01
5.917840170605610695e+01
5.931248448885354208e+01
5.934763379876810063e+01
5.946761644414972636e+01
5.961716690281797781e+01
5.971984808369997211e+01
5.982132974422803073e+01
5.990768945834540204e+01
6.002371894466483582e+01
6.019412361174647685e+01
6.033408664104295127e+01
6.049987929273502374e+01
6.055293168721772190e+01
6.075610298622191152e+01
6.091908978249955453e+01
6.106892478846146588e+01
6.125214901438911141e+01
6.144339545180078943e+01
6.158897797256385331e+01
6.164374792357694588e+01
6.184471429223951588e+01
6.200649487820990657e+01
6.205835225894646356e+01
6.227736188035628828e+01
6.234628316984243668e+01
6.238769785883076935e+01
6.260788352347395858e+01
6.277387283086846281e+01
6.288514647267636803e+01
6.300579029061078984e+01
6.306735700775169562e+01
6.318252723918065072e+01
6.340316998340942689e+01
6.340550485808525139e+01
6.349501353221840816e+01
6.354046080123752915e+01
6.358947759072765393e+01
6.374886415548247953e+01
6.385370492773507323e+01
6.390163350876638759e+01
6.413312744097734708e+01
6.420011291196252046e+01
6.431654732036493272e+01
6.444772925467458435e+01
6.453425032935646755e+01
6.464191281604253447e+01
6.472814880140633420e+01
6.481825979361440204e+01
6.495682292439229855e+01
6.508435462946559369e+01
6.517116749737679982e+01
6.518876165385225363e+01
6.521176044870878741e+01
6.525018311341887056e+01
6.522087725287983062e+01
6.526507495158921301e+01
6.534824514075960167e+01
6.536582453027061490e+01
6.541734106929847314e+01
6.544339013200786326e+01
6.560175548213274510e+01
6.565628830801252036e+01
6.564360440318195344e+01
6.581642836280235542e+01
6.585857411101196135e+01
6.592293056275788388e+01
6.600576801349539835e+01
6.611665297673809505e+01
6.619780255445296291e+01
6.635017685201340498e+01
6.640808754334661046e+01
6.647512961556002153e+01
6.660538350495728821e+01
6.670908918273914878e+01
6.683478904594109338e+01
6.690987024608187994e+01
6.702081015275427944e+01
6.711739236497750483e+01
6.722412316566787638e+01
6.731332119723747098e+01
6.739331404690631189e+01
6.748676759321999441e+01
6.758628948292206928e+01
6.764672205750200362e+01
6.778586642908109638e+01
6.786149871214715290e+01
6.795029496888973597e+01
6.806920323638840387e+01
6.823291715693255810e+01
6.830467402335450799e+01
6.840249443920414762e+01
6.856944335632624643e+01
6.866240060566512682e+01
6.877772800750510385e+01
6.893112967002664959e+01
6.907692071166944459e+01
6.915959676741118756e+01
6.915810732141635242e+01
6.929822676157915851e+01
6.934218876321439495e+01
6.936046896249513338e+01
6.935512856902641943e+01
6.939416287615144086e+01
6.939945737716838892e+01
6.946621006989897751e+01
6.950203584257195644e+01
6.957456432750589670e+01
6.962701438111415086e+01
6.971455715941301889e+01
6.976695698711628779e+01
6.988203544670402323e+01
6.993599093013145307e+01
6.998937087061925411e+01
7.006862952538823208e+01
7.009447720419717598e+01
7.022408511556410815e+01
7.030778011135321037e+01
7.041178263859592334e+01
7.050828199358107895e+01
7.058321680194659109e+01
7.062197478509654047e+01
7.069058769798165542e+01
7.079303335597869307e+01
7.091697854116536348e+01
7.104760659565913272e+01
7.109718278474274200e+01
7.126454052942303008e+01
7.132351074832432403e+01
7.142679014136440685e+01
7.154628382690073352e+01
7.155601230244509736e+01
7.166718752137694537e+01
7.169474037642494579e+01
7.170804572787979225e+01
7.176721213333689775e+01
7.182334716914539285e+01
7.191730421237001281e+01
7.202388935741625176e+01
7.215669304502864634e+01
7.222056677078273879e+01
7.237204737146723232e+01
7.248966129241090073e+01
7.259314385967138605e+01
7.268548923488451408e+01
7.281251700774123492e+01
7.287214912718114590e+01
7.289989490715228726e+01
7.298257647977092688e+01
7.305254136371914342e+01
7.311528488143906657e+01
7.316430781275907691e+01
7.323070288325243382e+01
7.334682613621063751e+01
7.337599714484771596e+01
7.343714364538674033e+01
7.357639821577656392e+01
7.360465929504820792e+01
7.370627367729278490e+01
7.382104163051518242e+01
7.390454509333501676e+01
7.398580133698952466e+01
7.406799827234455336e+01
7.419685421497896982e+01
7.429420871682596328e+01
7.434374895344338086e+01
7.442606692557781400e+01
7.449650229055161788e+01
7.457393544057775614e+01
7.468364467206784241e+01
7.471555044759216457e+01
7.470976100371066764e+01
7.481868647895632307e+01
7.490087033411218442e+01
7.500346424415285185e+01
7.509749732017503732e+01
7.513641381562645449e+01
7.514730204920094536e+01
7.523240819147081027e+01
7.527411792018628489e+01
7.530948878476225161e+01
7.536145276693329720e+01
7.542284216074963865e+01
7.543360491267787893e+01
7.546274357573673797e+01
7.547008156012036295e+01
7.550164633764312327e+01
7.555996347477737629e+01
7.561299122195605094e+01
7.562272280958123361e+01
7.565330933290711357e+01
7.558413555569461550e+01
7.568528753122132002e+01
7.569611207018482446e+01
7.576934403023575726e+01
7.574596418387223196e+01
7.581676250213089929e+01
7.589985504458674370e+01
7.587403460217188922e+01
7.594627600177926752e+01
7.595480269677281626e+01
7.595160200337323886e+01
7.599272563669477165e+01
7.602725807268194558e+01
7.604923533553325399e+01
7.607467395118634101e+01
7.610708180972137882e+01
7.614178303474002973e+01
7.620016186803327685e+01
7.621953018835614557e+01
7.625111543134833880e+01
7.623024362909234242e+01
7.630381137749428433e+01
7.637224311971766610e+01
7.640953657993087234e+01
7.645080559389390373e+01
7.655905878236440287e+01
7.661987990191640563e+01
7.667115472648848140e+01
7.669401720018059621e+01
7.671510347631627269e+01
7.668676378502685509e+01
7.668850827445348273e+01
7.674349473333862193e+01
7.680861659146927423e+01
7.679935705528772871e+01
7.687879867342246598e+01
7.681205276950292671e+01
7.686531765318194687e+01
7.687780774253353400e+01
7.694267170118992283e+01
7.696512801547204674e+01
7.701144682961212595e+01
7.703158424719204334e+01
7.708449525162932048e+01
7.709889850552175972e+01
7.714749743288788864e+01
7.715547693993150347e+01
7.727887298045872910e+01
7.730558543966418483e+01
7.731603823061050207e+01
7.732492990282867140e+01
7.737421583245550494e+01
7.740907755687884162e+01
7.743161258276316516e+01
7.751305016926833957e+01
7.756147556335592697e+01
7.760211368560331380e+01
7.765564279461840158e+01
7.771204966012396653e+01
7.771956942297218518e+01
7.777277023944672862e+01
7.784532086703316622e+01
7.790747929827030305e+01
7.794675813302889367e+01
7.807715633918988374e+01
7.817478720144639226e+01
7.820565829740417030e+01
7.831186257556623787e+01
7.835402046904872009e+01
7.840443356336648151e+01
7.846701021317313973e+01
7.849911519733011289e+01
7.855689622306366005e+01
7.866727561552259829e+01
7.870826276205268357e+01
7.872524171934998094e+01
7.880371933841792043e+01
7.884324262263343996e+01
7.895979343539015360e+01
7.900307823369796267e+01
7.906157265944958112e+01
7.906584406748497429e+01
7.916430121336428272e+01
7.923358770950378016e+01
7.926108509637805355e+01
7.935613359406913503e+01
7.946141425951893211e+01
7.948383314972176095e+01
7.955667788514863048e+01
7.967681584452269306e+01
7.968403175686587758e+01
7.974218946171919242e+01
7.976948644043881131e+01
7.977724288484924386e+01
7.987628619220322435e+01
7.985469040138755759e+01
7.989532208035176097e+01
7.992729151170163959e+01
7.997926775589273518e+01
8.001351414251112715e+01
8.005308528114973399e+01
8.006137214278265901e+01
8.009654617855329661e+01
8.008660502765370381e+01
8.013900155690011218e+01
8.019368070653375469e+01
8.017533514094058944e+01
8.017891563096509344e+01
8.026748378129032346e+01
8.026666845199123657e+01
8.030633729832803169e+01
8.030931599588572567e+01
8.024925556831637152e+01
8.023051154998790935e+01
8.021778872242200009e+01
8.021784071406166561e+01
8.019599948181642901e+01
8.020678888482177626e+01
8.028191315196052358e+01
8.031600938711864046e+01
8.038183156244537031e+01
8.050001858750901818e+01
8.054335784049172275e+01
8.059692100091184841e+01
8.063461376647248358e+01
8.068776560286578103e+01
8.069166643701382213e+01
8.074662156133757662e+01
8.073889254753623845e+01
8.072561506522907848e+01
8.076138733888878107e+01
8.070627719379213261e+01
8.070490911772813547e+01
8.069676641579543741e+01
8.070615938956963475e+01
8.066592319056448446e+01
8.070114860539086976e+01
8.070647121649565747e+01
8.074638259019539532e+01
8.071225917676497374e+01
8.067615771328189567e+01
8.069093588617563739e+01
8.063122590655295596e+01
8.053423122743548390e+01
8.051339658204129535e+01
8.046490728447321317e+01
8.038128900908901642e+01
8.031880595301862513e+01
8.031194410274223117e+01
8.028843636154660146e+01
8.029277503992305753e+01
8.022700931824535076e+01
8.021658939002084310e+01
8.023982248794787608e+01
8.031910550453264364e+01
8.035794712980082011e+01
8.037219661593407238e+01
8.043043579351088113e+01
8.046366981065580148e+01
8.050142148699877964e+01
8.057840533102817915e+01
8.066271825695908149e+01
8.074818155570403633e+01
8.073877293597730898e+01
8.085363963708094559e+01
8.088003197146201728e+01
8.086645879846727780e+01
8.090751557230217372e+01
8.099590193681068229e+01
8.092837295094274452e+01
8.096848376094351352e+01
8.096226128778594955e+01
8.092419922074232375e+01
8.092754585661924693e+01
8.096265897361223551e+01
8.094476804828737215e+01
8.095532869574363133e+01
8.089131155213530633e+01
8.083718659328353340e+01
8.085297498932982307e+01
8.083564220312169368e+01
8.084711256712306238e+01
8.080805013319709929e+01
8.080490261253223139e+01
8.082310014615229932e+01
8.087672428530130730e+01
8.089467678120735172e+01
8.090588266522426864e+01
8.097514519160471025e+01
8.094633280441708223e+01
8.104607961614023282e+01
8.101580413625121935e+01
8.108258018164141845e+01
8.114544144329666153e+01
8.115269702404505381e+01
8.119545682842367285e+01
8.120673561760274595e+01
8.123264105060046347e+01
8.128369964240329182e+01
8.135306343711901889e+01
8.138569890305882382e+01
8.143501720833175739e+01
8.142075137353592140e+01
8.141938847002926138e+01
8.146197074858798715e+01
8.146091688380573714e+01
8.148710401961471916e+01
8.146954753957309947e+01
8.147328376132522010e+01
8.140916621543169640e+01
8.134313559720203557e+01
8.130101447468194920e+01
8.128332733135985677e+01
8.125941125222384187e+01
8.121447484573795350e+01
8.117296286647146530e+01
8.120010031445463028e+01
8.120118200914433260e+01
8.115844925648001151e+01
8.117825322779657427e+01
8.113022837920040331e+01
8.111348291770309515e+01
8.111041923403043086e+01
8.110055169087191018e+01
8.106751320273757244e+01
8.099339854633277014e+01
8.102968812490601636e+01
8.097484065459420322e+01
8.094864787513698445e+01
8.098249911915043242e+01
8.093033649038123656e+01
8.085411645064280606e+01
8.092664378461249441e+01
8.095903773746952936e+01
8.089320722660006879e+01
8.090848188038901867e+01
8.096301647937303869e+01
8.090376270655464452e+01
8.096239209941138881e+01
8.102291944247512845e+01
8.103487816391223930e+01
8.110861770967431994e+01
8.122264680923522917e+01
8.127897982735845517e+01
8.136599437074889352e+01
8.144294561642607277e+01
8.153215708220038493e+01
8.159856780580292934e+01
8.171988953518969367e+01
8.182593551935198661e+01
8.196475054049749076e+01
8.207188769208660517e+01
8.214580152519853584e+01
8.224402484473016273e+01
8.229014537351427805e+01
8.239204668295508327e+01
8.244210425644151030e+01
8.249198080033930580e+01
8.256090412752558905e+01
8.261617474417319329e+01
8.268481964778609949e+01
8.276146638433674241e+01
8.278480267245812740e+01
8.280207205601733733e+01
8.289010945375899553e+01
8.299337038556173241e+01
8.303290506496777823e+01
8.310011278910522492e+01
8.312425810699117790e+01
8.324417917545025603e+01
8.330335268113033464e+01
8.337127551534963743e+01
8.348643778005522620e+01
8.354004194881788692e+01
8.361161104868331506e+01
8.369395284798106616e+01
8.381182798874793605e+01
8.388823476549460167e+01
8.399194792697387868e+01
8.410794204445053879e+01
8.425674282058008657e+01
8.434205225753981949e+01
8.438972660961579209e+01
8.454754695754873239e+01
8.464573624868430102e+01
8.473670959295668581e+01
8.484697809491056830e+01
8.498020377438079720e+01
8.507963905054810994e+01
8.516101640955299956e+01
8.520847868727318541e+01
8.534285306835894858e+01
8.538799765672581543e+01
8.544435035388968913e+01
8.546094151905774083e+01
8.549251165744455250e+01
8.553205976798858501e+01
8.559758529961624163e+01
8.566739707776164892e+01
8.572251774974937177e+01
8.579688077725457163e+01
8.586580392909742443e+01
8.592737401613575798e+01
8.598636609645656392e+01
8.606877194775856310e+01
8.615250561118382677e+01
8.622131890623572303e+01
8.632422087993016646e+01
8.638509720298861794e+01
8.642808244664207962e+01
8.647106062412237293e+01
8.647034468539341390e+01
8.653390809131025208e+01
8.660490550098982965e+01
8.661972361682761345e+01
8.661035788648028699e+01
8.661189829841032406e+01
8.658162255431632559e+01
8.658393775181720287e+01
8.659342948196213285e+01
8.658566481517532054e+01
8.663402119542369917e+01
8.664450621664691710e+01
8.669867486596925232e+01
8.674622764582726120e+01
8.679028557100663477e+01
8.679107617408054409e+01
8.679980571563721981e+01
8.679385912621677335e+01
8.685991993163955271e+01
8.682561969607624519e+01
8.685566823927676694e+01
8.689406723318606396e+01
8.691888157006231097e+01
8.698894796576405497e+01
8.698839987223627190e+01
8.697912154149919672e+01
8.703862522464265794e+01
8.703081784476361804e+01
8.710128987569217429e+01
8.710729429751673081e+01
8.717382657901382004e+01
8.720015237142168019e+01
8.719049082601787859e+01
8.720293343551179532e+01
8.721183360586368849e+01
8.720898652830454978e+01
8.717816070804482820e+01
8.718532150957469185e+01
8.720899344610865001e+01
8.726482988602926127e+01
8.721960822399348956e+01
8.725150806845391571e+01
8.728279057015134867e+01
8.730055412536071913e+01
8.729756188164415676e+01
8.732477176343530800e+01
8.733393087492837026e+01
8.735633405266207774e+01
8.732113335023737477e+01
8.734009760094772901e+01
8.730726874801763415e+01
8.726957693123048898e+01
8.726530758631916740e+01
8.731039766874422980e+01
8.728383036661179517e+01
8.729970501885806300e+01
8.731127878405818876e+01
8.731054292042155396e+01
8.732362976452004943e+01
8.734693457293481345e+01
8.738516445688527767e+01
8.737248411727708231e+01
8.743370151217543196e+01
8.741271573852564813e+01
8.735626503300343870e+01
8.733012097001248719e+01
8.730751032478909224e+01
8.732051810371061151e+01
8.727537433172373937e+01
8.729607685300416620e+01
8.726447398338764572e+01
8.721442594124245318e+01
8.720936248036841221e+01
8.725774736718742020e+01
8.722146314414690949e+01
8.720192202515301005e+01
8.719772834727289990e+01
8.710603146301063759e+01
8.710887600846973555e+01
8.716798117622622044e+01
8.718774531171487752e+01
8.715347876398638505e+01
8.713969411212602267e+01
8.710536185302450463e+01
8.711529159452075532e+01
8.711458111612287780e+01
8.714751834724886237e+01
8.712385772979737908e+01
8.717696478995111420e+01
8.720186138063674264e+01
8.717332019546385879e+01
8.725651927315381329e+01
8.727279601904653816e+01
8.726577737627049203e+01
8.728202786522025747e+01
8.735716692957213070e+01
8.729618292614475195e+01
8.731378814689486489e+01
8.734505371697615317e+01
8.729747355141719822e+01
8.739551836950879249e+01
8.743763835788956840e+01
8.746308071458410893e+01
8.747842854786610189e+01
8.750853274738565801e+01
8.755636098493575048e+01
8.760333796690946428e+01
8.756064757055635539e+01
8.760856037794216888e+01
8.766824863970352055e+01
8.768590349347158508e+01
8.766319332273383225e+01
8.769454868805213721e+01
8.769534849079009575e+01
8.770730643156518624e+01
8.765332364670658194e+01
8.761818918681238699e+01
8.765229097237248368e+01
8.767554228751905043e+01
8.767885192596719435e+01
8.774490150288015400e+01
8.775201744236638035e+01
8.774728159389009363e+01
8.779792962298768089e+01
8.780462924605592434e+01
8.783184500241556236e+01
8.785538482063621757e+01
8.790675934703135397e+01
8.790331390916611554e+01
8.786865634778948220e+01
8.782771374608785209e+01
8.785716891363803427e+01
8.784088747375278672e+01
8.780536944270272670e+01
8.783995592482696679e+01
8.785119186655055046e+01
8.784122396472655225e+01
8.788984502113129338e+01
8.787609562779596217e+01
8.787573488098338714e+01
8.788551106464052509e+01
8.782707738082635274e+01
8.789073743465661437e+01
8.787780712680012130e+01
8.791500807383340543e+01
8.794248363187637096e+01
8.800932426202834336e+01
8.801767314682848564e+01
8.805657062177162686e+01
8.814396796451977423e+01
8.823629763110184854e+01
8.821460822294311299e+01
8.831553615183810280e+01
8.833995520357353826e+01
8.839748734253001317e+01
8.842933308171117801e+01
8.840717002699076943e+01
8.846481143088924171e+01
8.849251476110543990e+01
8.847586827883142746e+01
8.849517133114608214e+01
8.857289419888834914e+01
8.861828749459051835e+01
8.874198940542302694e+01
8.872871198733355413e+01
8.873556110707060895e+01
8.875462602656949684e+01
8.883315274362364278e+01
8.888059297571423656e+01
8.887926389928639992e+01
8.890884924188377170e+01
8.883468209999222154e+01
8.884185059015057107e+01
8.888543311623537591e+01
8.883561850904051482e+01
8.884329437391771478e+01
8.879639830189458394e+01
8.875972270951203313e+01
8.875444287907798468e+01
8.868500060853587286e+01
8.865870792383617527e+01
8.871906673667150756e+01
8.872766175065814309e+01
8.872478276566636168e+01
8.875738790123631361e+01
8.866137412765309023e+01
8.869707949594686625e+01
8.872096821557921942e+01
8.869202014578330306e+01
8.876109097669272785e+01
8.875265602906492290e+01
8.875878785544624350e+01
8.875340705830500099e+01
8.879821482122375187e+01
8.879395353018101389e+01
8.878577517179353151e+01
8.877355949973902227e+01
8.876828806379690207e+01
8.873050523597930805e+01
8.864838429240968765e+01
8.864709116762716690e+01
8.858897260283370656e+01
8.855765283514303121e+01
8.854626089589110904e+01
8.847895689336137082e+01
8.843175653099557110e+01
8.839656495135039904e+01
8.837088220276343975e+01
8.831930477991838302e+01
8.830360750135406533e+01
8.827871463698528487e+01
8.825971251661313488e+01
8.825756152636311924e+01
8.822770733393581111e+01
8.830950382454219039e+01
8.820066564069324500e+01
8.816194114028643014e+01
8.819780156713878227e+01
8.814989460900470419e+01
8.810331430865522861e+01
8.803726737085331422e+01
8.798596484710819254e+01
8.793550334027113990e+01
8.788778921240722752e+01
8.781838906032459136e+01
8.778483027171587594e+01
8.774277162232188232e+01
8.775323581193867994e+01
8.771967604110501782e+01
8.762228105345010931e+01
8.760602811917814847e+01
8.760087371103421106e+01
8.755433972913999696e+01
8.746174928665982407e+01
8.742057060292280823e+01
8.736079540988488645e+01
8.729099317943780534e+01
8.724905856898338641e+01
8.719674476381653960e+01
8.720629912383051874e+01
8.715142745413729131e+01
8.713393691936555285e+01
8.711677711420389869e+01
8.710762730519053321e+01
8.711090563123238439e+01
8.709491935733423418e+01
8.705925236321903071e+01
8.712957595411067757e+01
8.707433949992565658e+01
8.712733214662820558e+01
8.722229231765375346e+01
8.717317434507664586e+01
8.725492244075493886e+01
8.731914918520027413e+01
8.729185851843664068e+01
8.728367987284725871e+01
8.733091408618336970e+01
8.733702798442226367e+01
8.732946207310121167e+01
8.733517992756421222e+01
8.740564907415428308e+01
8.743820364014486302e+01
8.745803735899976061e+01
8.748384613466946291e+01
8.753059728110514470e+01
8.755649100961151987e+01
8.753912791220396628e+01
8.750292764956697056e+01
8.754296510997365033e+01
8.747623057916300127e+01
8.747297671311943645e+01
8.751883268119890147e+01
8.751514325767142566e+01
8.753280853490797142e+01
8.756335442635773347e+01
8.756118069889789979e+01
8.758693776715145418e+01
8.760877294945753135e+01
8.764170443435720870e+01
8.768215041928041842e+01
8.771280166858328187e+01
8.769110886857839660e+01
8.773054041059718600e+01
8.778689199277310706e+01
8.779357376955537973e+01
8.779096555484882458e+01
8.784996267729496822e+01
8.788680657450224487e+01
8.791056241414025862e+01
8.799799443368831930e+01
8.800211623968304764e+01
8.800908047408141499e+01
8.806127875167466357e+01
8.808838763302750863e+01
8.811247620439667116e+01
8.813031690737156509e+01
8.814468999430206964e+01
8.817186797884717464e+01
8.824073260897421278e+01
8.825457883028377637e+01
8.829269869861826692e+01
8.834153343162300587e+01
8.839902702064964046e+01
8.834848028696173117e+01
8.839644887652485750e+01
8.844223625265442479e+01
8.845259599184883825e+01
8.848872565595119966e+01
8.855528980195451538e+01
8.853536469738402559e+01
8.859742369257706684e+01
8.861368959322541627e+01
8.859486689616782940e+01
8.863188883750750335e+01
8.867798993887016934e+01
8.871149480994675685e+01
8.872857299034586731e+01
8.876881868829629241e+01
8.880652688343529633e+01
8.880343580677130433e+01
8.888553120489046933e+01
8.889827075890318042e+01
8.892659553050458499e+01
8.893036916336473041e+01
8.900891511235758458e+01
8.906461358371377912e+01
8.908696221068709065e+01
8.914648059488148135e+01
8.918596038059433795e+01
8.921368746282371376e+01
8.922698677545642454e+01
8.926711475464701095e+01
8.923912724652909390e+01
8.929196864185890092e+01
8.931359361029764443e+01
8.930789824642529595e+01
8.932996376216128454e+01
8.935885403660773818e+01
8.937130468426430241e+01
8.944460441772358195e+01
8.944033700380191476e+01
8.947934851402246181e+01
8.955685894079465470e+01
8.958047331905828514e+01
8.961505122372801679e+01
8.963209336341499522e+01
8.969435787858900255e+01
8.969999660250897477e+01
8.973794452685574186e+01
8.978670185609780674e+01
8.980790396536293940e+01
8.988902349406218661e+01
8.993120294248258517e+01
9.002639507332887092e+01
9.002544718850141692e+01
9.007185167728336239e+01
9.010964752599423377e+01
9.012483507409517358e+01
9.013207367832005446e+01
9.020000901064771881e+01
9.015829073900592050e+01
9.017960006545399665e+01
9.022449939810034891e+01
9.022780406217242444e+01
9.022010332633853125e+01
9.027437998289688892e+01
9.033627383171980796e+01
9.039345384005160611e+01
9.048530162027707036e+01
9.056326874882397249e+01
9.070549296636217207e+01
9.076825346864309552e+01
9.087967387858263635e+01
9.100552111250466680e+01
9.111596506500193016e+01
9.118517150071444632e+01
9.129384527133368010e+01
9.137175771852388095e+01
9.137360390527582865e+01
9.144283319235969998e+01
9.155374326129754081e+01
9.156565666699768258e+01
9.162042848311332932e+01
9.170216010870061041e+01
9.176984341642226184e+01
9.180116118704260941e+01
9.184803086564305374e+01
9.200541712205378531e+01
9.204386165158349797e+01
9.203953765068537507e+01
9.215368165132395006e+01
9.216967189722484477e+01
9.208946387145334711e+01
9.215424107591715597e+01
9.219738071799858403e+01
9.228515494084919624e+01
9.232558122584934779e+01
9.239361846148275959e+01
9.244312272003162434e+01
9.243806257527978687e+01
9.248386165159240591e+01
9.249645651876875263e+01
9.256443407015454738e+01
9.259332747020761190e+01
9.264672931735108818e+01
9.272771610219616889e+01
9.278487715398563296e+01
9.281065380584514912e+01
9.290027555960112693e+01
9.295882252375420762e+01
9.301045152138807737e+01
9.303897793183296017e+01
9.312481676454602564e+01
9.318671786694331161e+01
9.317889279319513207e+01
9.321675608478157926e+01
9.324510921439443223e+01
9.330750964160294814e+01
9.336327771976363010e+01
9.336104752549215391e+01
9.341448957623366312e+01
9.347277262730074199e+01
9.346551680012470342e+01
9.348378032209907929e+01
9.354488560273151165e+01
9.358244264153292136e+01
9.359803644741231210e+01
9.360954813988449530e+01
9.369586354889544566e+01
9.370300527634135790e+01
9.374359632315423596e+01
9.376642390617139711e+01
9.374823573643293173e+01
9.382099667968806500e+01
9.386701790301648884e+01
9.391853737794613721e+01
9.392715422046590845e+01
9.400909802430382456e+01
9.404663852098055088e+01
9.409371214128653094e+01
9.413994651096128052e+01
9.416666143150972346e+01
9.425512461173299528e+01
9.427997153114536388e+01
9.435367395951107028e+01
9.431620109983384737e+01
9.430991176859363634e+01
9.435936547535371233e+01
9.434225224153044564e+01
9.439009096814272937e+01
9.437405609909679072e+01
9.439811859574201947e+01
9.446042411566727992e+01
9.447361635555152759e+01
9.452338355085409205e+01
9.456180093529691533e+01
9.459165584527612225e+01
9.460436997212367771e+01
9.456845026339227900e+01
9.468049614720818852e+01
9.473077243347157150e+01
9.473487788560466072e+01
9.473107609909193627e+01
9.481686387331906474e+01
9.486576031059394154e+01
9.486404610604944310e+01
9.490830299376337109e+01
9.491730676693390478e+01
9.495692037300487698e+01
9.494680370523911961e+01
9.496521567896795091e+01
9.494942416508499150e+01
9.497622721982355642e+01
9.500727298201823601e+01
9.507643335037765553e+01
9.508575904849556082e+01
9.508147481419877067e+01
9.511242265433953946e+01
9.515719248160569066e+01
9.515613209699804997e+01
9.512927648967517769e+01
9.517964128096907928e+01
9.518633057783837614e+01
9.514684008647928692e+01
9.510992029089328526e+01
9.506492946195733396e+01
9.503179761555622918e+01
9.500974620888258926e+01
9.498525345302070377e+01
9.498269463935136514e+01
9.486073140761713773e+01
9.493318065916690784e+01
9.489039814000359740e+01
9.487882744334817176e+01
9.485266850873473743e+01
9.485354486099794258e+01
9.486141444652541566e+01
9.485824073053282746e+01
9.485934165108851346e+01
9.487697903179288517e+01
9.493031442008906140e+01
9.490651973845436373e+01
9.494167408754516657e+01
9.496460743636279744e+01
9.501598968505463461e+01
9.505844009966796193e+01
9.505561516444439008e+01
9.515398427030923756e+01
9.516871462442242091e+01
9.521224784946744535e+01
9.524605546421170743e+01
9.531151383909843844e+01
9.527144161921775378e+01
9.529625432736641244e+01
9.532480544172825887e+01
9.537513862191975988e+01
9.537244299447637275e+01
9.535775529753280466e+01
9.533593837988179587e+01
9.536266680365493187e+01
9.540225613743234589e+01
9.533534122530804211e+01
9.529673828469860553e+01
9.537928954359017553e+01
9.533964756565930543e+01
9.532077174838067890e+01
9.538603442739557181e+01
9.538728130315131182e+01
9.543824943463289401e+01
9.547087743728191356e+01
9.545001118254883465e+01
9.555109234390458539e+01
9.556042810471696214e+01
9.557585442677167009e+01
9.564594190647832761e+01
9.564975788934532375e+01
9.572514175602776731e+01
9.576108377414351480e+01
9.577665678990150866e+01
9.578616585991254340e+01
9.582901758655449953e+01
9.577060191240350662e+01
9.571884472325109527e+01
9.575741051017472216e+01
9.568639182949110022e+01
9.564354422023892255e+01
9.566890534920868561e+01
9.560487387601209264e+01
9.559833082932941295e+01
9.560050970006832927e+01
9.558022846572556830e+01
9.554756731986290674e+01
9.550885782549025294e+01
9.550651134407206655e+01
9.544929650631664231e+01
9.543141697783264021e+01
9.541515637017717211e+01
9.538898868380073282e+01
9.545076264022280554e+01
9.541817163315715788e+01
9.542817767257183448e+01
9.541729846693567652e+01
9.540929040612955703e+01
9.542981683588378417e+01
9.542198957789139513e+01
9.543931619207786810e+01
9.545716273630652893e+01
9.553604962683684221e+01
9.560602613224764923e+01
9.561276064613480230e+01
9.561318518315039228e+01
9.563282238551437331e+01
9.564125056345812936e+01
9.557499935049365547e+01
9.560378770839568574e+01
9.559671635734439121e+01
9.559276394645802100e+01
9.558977969150544141e+01
9.562471422220538386e+01
9.562089997905366090e+01
9.561724279573914487e+01
9.567512121969147643e+01
9.570958179697248625e+01
9.566209433587032152e+01
9.567798106324177354e+01
9.567289457024536148e+01
9.570807804580222466e+01
9.574344961644659691e+01
9.580366647662746971e+01
9.585517942363944144e+01
9.589742636505020812e+01
9.597952211989064608e+01
9.608158352644581157e+01
9.614199259887983828e+01
9.615059813027464486e+01
9.616187271282666416e+01
9.620284536472851755e+01
9.622832121357345159e+01
9.624979276089885616e+01
9.622894437956082925e+01
9.633515948967195186e+01
9.633407104433699431e+01
9.636330585789411884e+01
9.642777673948450001e+01
9.645331858802121872e+01
9.645455703646096879e+01
9.647373201095601303e+01
9.643967296369974918e+01
9.642704011612070758e+01
9.639573782667125101e+01
9.637386474082936161e+01
9.630819129067162976e+01
9.626580414669916763e+01
9.623045019217582308e+01
9.613324701896883084e+01
9.608983700075154388e+01
9.600279079873446619e+01
9.592135093406986357e+01
9.593269228548126648e+01
9.589194922385918574e+01
9.583946379257395165e+01
9.585495383499878130e+01
9.576844064302585480e+01
9.578355673924036751e+01
9.574628932405678938e+01
9.568961021389750954e+01
9.565674906500140651e+01
9.560750999818306184e+01
9.557491140365223714e+01
9.557712384659991756e+01
9.554331061883573284e+01
9.553225734569218730e+01
9.551058337845414314e+01
9.546999853884278764e+01
9.546013153350942559e+01
9.541898950378434563e+01
9.541734292538208706e+01
9.540270312271529463e+01
9.538572036646353070e+01
9.532014433585278823e+01
9.528562367784768128e+01
9.529470735262687242e+01
9.531896255281782260e+01
9.529580965850200869e+01
9.529934620397621359e+01
9.529925050452413871e+01
9.529038536501604995e+01
9.530482002369132033e+01
9.533039231926960611e+01
9.536395311455358126e+01
9.537579176164622652e+01
9.542594058776307975e+01
9.536524905903361571e+01
9.548728847751546311e+01
9.553862524607019679e+01
9.552038739405001877e+01
9.556938518245138425e+01
9.561514696444822903e+01
9.565365096820215740e+01
9.567202594565728191e+01
9.570115170721268782e+01
9.576460525711580374e+01
9.576780045011857112e+01
9.582394754224293365e+01
9.599092742240480902e+01
9.598326627512277298e+01
9.603411817666811601e+01
9.609597060542310487e+01
9.619520473541915351e+01
9.620740978621448392e+01
9.629611983894045579e+01
9.636788478904092869e+01
9.636641643371922328e+01
9.639767768191873643e+01
9.639132285422441271e+01
9.640749694229664613e+01
9.645186519310952633e+01
9.650228278333455023e+01
9.653292636685696948e+01
9.660826437083453300e+01
9.666460895687384891e+01
9.670285739412919668e+01
9.679608975559114015e+01
9.680393987730927563e+01
9.683503971924962173e+01
9.690767370321007945e+01
9.691302637359623873e+01
9.694151135422249865e+01
9.695244220391377610e+01
9.701731779935560951e+01
9.702128636779364967e+01
9.709442917817304419e+01
9.713629161299755310e+01
9.718817558865971762e+01
9.720549936196522367e+01
9.717726540999085216e+01
9.717159190662600565e+01
9.715457906448878589e+01
9.719730500923463978e+01
9.714496300841527443e+01
9.712350749163670116e+01
9.709888277603465667e+01
9.709080830127302875e+01
9.707081440728107680e+01
9.700870830109319343e+01
9.696646203774989203e+01
9.689415236313629975e+01
9.688074847849505034e+01
9.679171931685247898e+01
9.673173244929763825e+01
9.668729900461545412e+01
9.668506318106018682e+01
9.659165816996407727e+01
9.658407052427733674e+01
9.657999883569981137e+01
9.658933930142984536e+01
9.652357804398305063e+01
9.651983793729749550e+01
9.646885771265478127e+01
9.642609343666957500e+01
9.637615983037868261e+01
9.636746285927662825e+01
9.635760731990113470e+01
9.633755450747902671e+01
9.630028087708149087e+01
9.625318724324482389e+01
9.625566984582506791e+01
9.622340374328507551e+01
9.620578000920990291e+01
9.622500183750032932e+01
9.618805705377495485e+01
9.619613850322325277e+01
9.619716883617731185e+01
9.626185768800712594e+01
9.625021145195506733e+01
9.626455841200500174e+01
9.630379882634004218e+01
9.632011505683301777e+01
9.633053932812063636e+01
9.643110074452386016e+01
9.645183712759359196e+01
9.648999961983430751e+01
9.655318113584823436e+01
9.662162840324940305e+01
9.664022397490531091e+01
9.671989672242224856e+01
9.676961609557419308e+01
9.677674316949001820e+01
9.676612086314059979e+01
9.683713073329622034e+01
9.686637149643661360e+01
9.687723543964021644e+01
9.694702039839957308e+01
9.700881486488614769e+01
9.702544450708145973e+01
9.708264061732838002e+01
9.708849579174172106e+01
9.708435148087272637e+01
9.706726951054309893e+01
9.715692557050554967e+01
9.719968591544079572e+01
9.721587555609833942e+01
9.725336909076175118e+01
9.732652831314227626e+01
9.733894393700286685e+01
9.739299304288159931e+01
9.748437841115004687e+01
9.746160368175776512e+01
9.744368365817840072e+01
9.752483812611120584e+01
9.751981672963236747e+01
9.752247610168839742e+01
9.760915037869662569e+01
9.763358374416301899e+01
9.757248514343785928e+01
9.755768973795434817e+01
9.762407414035216391e+01
9.759272673212630878e+01
9.760840109881280569e+01
9.760305289586543154e+01
9.757044168935485118e+01
9.757978195530746746e+01
9.758139532672642247e+01
9.756363301345946581e+01
9.754340929327170784e+01
9.757782742935789599e+01
9.755884455666826227e+01
9.759233561262350065e+01
9.753358137567424535e+01
9.756225156739098736e+01
9.750899578701852022e+01
9.756551088023320517e+01
9.756503760555972349e+01
9.763239533476092902e+01
9.765678815317768624e+01
9.765158466272519888e+01
9.765574189354850887e+01
9.769816586679199588e+01
9.773609128025832149e+01
9.768400219994069289e+01
9.771720610320807054e+01
9.773664531494483754e+01
9.776844526215191422e+01
9.775813255862843221e+01
9.783185828180899080e+01
9.790583209736806225e+01
9.787709840617624479e+01
9.793071284378370933e+01
9.796190259864192740e+01
9.795343067511581125e+01
9.792623121904254901e+01
9.790972859692934094e+01
9.793407597695934896e+01
9.794443160513937130e+01
9.795546552464952583e+01
9.800653254686716309e+01
9.803477236082063939e+01
9.804769600644388561e+01
9.811290075503241326e+01
9.813214077727519680e+01
9.818068865096246611e+01
9.824469243055148127e+01
9.826723016271235167e+01
9.833646402079635607e+01
9.837873615503907843e+01
9.835133550826057558e+01
9.838239607067413317e+01
9.838298354216246366e+01
9.838444561380707398e+01
9.846423113951072992e+01
9.842965250973142588e+01
9.845459421080990126e+01
9.849836720715163096e+01
9.851918818176164905e+01
9.850201266120643595e+01
9.854522060361908586e+01
9.859834737753270417e+01
9.858267371221633368e+01
9.860537203243636384e+01
9.870286447060576052e+01
9.869302232744877301e+01
9.869779452211392368e+01
9.880130404539261235e+01
9.872640474241339348e+01
9.873661298249834317e+01
9.876617843607013469e+01
9.874947492808885841e+01
9.873682723919185378e+01
9.867732838096208070e+01
9.872152096761497830e+01
9.864782028838045846e+01
9.870596198125073784e+01
9.872593060357462491e+01
9.870315069846058975e+01
9.872982102725831055e+01
9.878067303229215668e+01
9.881627628821968301e+01
9.883995261496365003e+01
9.886393877347802572e+01
9.895053917430875856e+01
9.895259448141909786e+01
9.901894542177826963e+01
9.901934057033035685e+01
9.907254992372249092e+01
9.907652834760035887e+01
9.907018400450522222e+01
9.906388663434577779e+01
9.904953319115095667e+01
9.906358122130635024e+01
9.907790126929695873e+01
9.914845964219729524e+01
9.909741371279260136e+01
9.911582065837193056e+01
9.916240343203651264e+01
9.915098273531351936e+01
9.916489475509079909e+01
9.914663820101563374e+01
9.914246894139283484e+01
9.914427965370087747e+01
9.913143896273709288e+01
9.912240571603578587e+01
9.913365449203899971e+01
9.908849339760600117e+01
9.905362217290357307e+01
9.901326563431283034e+01
9.901464701316797345e+01
9.896004724674369868e+01
9.894315948594689303e+01
9.889852594706044897e+01
9.888334049162362760e+01
9.889679187270120053e+01
9.881833776645235901e+01
9.883952163210531694e+01
9.880958917618887938e+01
9.881761127118451782e+01
9.881724480486491302e+01
9.885128542132837026e+01
9.883448201581184378e+01
9.882909962775885049e+01
9.880387849799478772e+01
9.881256546491485437e+01
9.878912833044199715e+01
9.880664495518641388e+01
9.884148717688474051e+01
9.879328768395890847e+01
9.879305269747406726e+01
9.877010727855096661e+01
9.875542676507477324e+01
9.871185590332316906e+01
9.875070763235542870e+01
9.875797545766560859e+01
9.874040102427741772e+01
9.871939244305984573e+01
9.874112777491427551e+01
9.873066943965866926e+01
9.875741943305564519e+01
9.875720804362222793e+01
9.871491155645279036e+01
9.869238403403637960e+01
9.874295851627363163e+01
9.865190340819532366e+01
9.865487314717033485e+01
9.861809592753031950e+01
9.859827861074404609e+01
9.859931247319579484e+01
9.856350875495726882e+01
9.857274113599476095e+01
9.861841012439106180e+01
9.867262757931511885e+01
9.866506919786780827e+01
9.872850590809528626e+01
9.875021739537261567e+01
9.878477095017252907e+01
9.875004175069561541e+01
9.872198164235999229e+01
9.875945861520688140e+01
9.875284199924489315e+01
9.873057235623565475e+01
9.872910679666790656e+01
9.880956985278777438e+01
9.881242304251534847e+01
9.880269640470247339e+01
9.876048820081481949e+01
9.874353741209060331e+01
9.877185189137522059e+01
9.879157176658176809e+01
9.870911470674217014e+01
9.872293069544174671e+01
9.872272003741777269e+01
9.873637914443320085e+01
9.877956167981494673e+01
9.873472741532843600e+01
9.875297901328158900e+01
9.880679894168474675e+01
9.880377113067640948e+01
9.879643620631779299e+01
9.888482611694591640e+01
9.888745111127319376e+01
9.889006119101136960e+01
9.899437945810720407e+01
9.900275147892050143e+01
9.899963550194331674e+01
9.907959437835727101e+01
9.905313500288109196e+01
9.904209389299921895e+01
9.904690841146410207e+01
9.901862395873661171e+01
9.903925005728366671e+01
9.903585489120349905e+01
9.905643228163793879e+01
9.904570869047603310e+01
9.911006801401197208e+01
9.909548881079987837e+01
9.907023456350798085e+01
9.899937435851865075e+01
9.904481751213111806e+01
9.902477303260285169e+01
9.903905539382279244e+01
9.905566078359726134e+01
9.901542092061986011e+01
9.895992798527998957e+01
9.893792804183183875e+01
9.897116691536130872e+01
9.890775038041137179e+01
9.889229984323453948e+01
9.894356303062545521e+01
9.891791955102834777e+01
9.893764771141231051e+01
9.893181415338426632e+01
9.890712954757746900e+01
9.889724474546092381e+01
9.890552076048963670e+01
9.890944748309422607e+01
9.891969928105726240e+01
9.892258221936478435e+01
9.896507897587052582e+01
9.900909730680960763e+01
9.907473160083758046e+01
9.915483515659335012e+01
9.921076143597846908e+01
9.928920507745617385e+01
9.931660239900624276e+01
9.935702889261230553e+01
9.941917201514230840e+01
9.941167449041739701e+01
9.938860847960650347e+01
9.941181677859862020e+01
9.935305246773035037e+01
9.941277498349158748e+01
9.936345747651660076e+01
9.941100672047934950e+01
9.941795930727464281e+01
9.944015885171768332e+01
9.942201743280875803e+01
9.947175782889546269e+01
9.946974590703322860e+01
9.945211056115637405e+01
9.947442981097306358e+01
9.950285198512938223e+01
9.945726823838057840e+01
9.954010076826470765e+01
9.953711717409233017e+01
9.948183741856173867e+01
9.951163244720295609e+01
9.956683701496743311e+01
9.952482864168489129e+01
9.949584907396848621e+01
9.948921137873979603e+01
9.945860707319209837e+01
9.937162621751656388e+01
9.935094822041965301e+01
9.937471274300710888e+01
9.931471139735394615e+01
9.926157879960886987e+01
9.925988263005878309e+01
9.927369146590747562e+01
9.916716559903727557e+01
9.915803346902433191e+01
9.914741064090669909e+01
9.912833928764111135e+01
9.909242705755092118e+01
9.909018972270156667e+01
9.902864437886353244e+01
9.904889334909340448e+01
9.900718282284753968e+01
9.904879792773837721e+01
9.903698144877439802e+01
9.905235875086154351e+01
9.906685768421017713e+01
9.908747454065316163e+01
9.911502413794927691e+01
9.915832176887327876e+01
9.910842542534140875e+01
9.912603449905232367e+01
9.914512263256339963e+01
9.913859472153164631e+01
9.920965515629872300e+01
9.920624058263574341e+01
9.927034222661569629e+01
9.927681055056250159e+01
9.930319228495859818e+01
9.936013235159738599e+01
9.938034136095079418e+01
9.937404305841563712e+01
9.943284884561219883e+01
9.946017849689521029e+01
9.945034739707566018e+01
9.950974646982410832e+01
9.950981731473177661e+01
9.952833704407352400e+01
9.953929869631330973e+01
9.948555595926926287e+01
9.954380563806812177e+01
9.955456794274545018e+01
9.950561924423350035e+01
9.952486262496321956e+01
9.960459732083869255e+01
9.954923742126820230e+01
9.952278585824018364e+01
9.954086706555247588e+01
9.950650416213943572e+01
9.947768745805751678e+01
9.945674856769029759e+01
9.939117194708531144e+01
9.935289916385511333e+01
9.934293836257342036e+01
9.928068897985976093e+01
9.931332558449574321e+01
9.932499467794744419e+01
9.927184339218601394e+01
9.934846194017910648e+01
9.932074849139567618e+01
9.932179116242792816e+01
9.936784524233009108e+01
9.938252069620160967e+01
9.942658715256663982e+01
9.944968855219971715e+01
9.941177482117228692e+01
9.938877110160746042e+01
9.936906563268449588e+01
9.936439830480578905e+01
9.937085892325734449e+01
9.934384580215861149e+01
9.936157985237389312e+01
9.940623027415095692e+01
9.938274329478338132e+01
9.942852709546734502e+01
9.941927102739293787e+01
9.944232886737617605e+01
9.945287671583861311e+01
9.946591534479686914e+01
9.944914389120309295e+01
9.946938620567829048e+01
9.938486063001798243e+01
9.934057419952931411e+01
9.933220417051549589e+01
9.922761880529846223e+01
9.920111962916385551e+01
9.919616241696239456e+01
9.917491545638125672e+01
9.916397188608010538e+01
9.912984578937735591e+01
9.914129007051440112e+01
9.910329689636789396e+01
9.916149645238499488e+01
9.915271531878455846e+01
9.910095000257399533e+01
9.909051042480717797e+01
9.910323603468614806e+01
9.908333798367353040e+01
9.910492743594556941e+01
9.910027113764289197e+01
9.915033456941284840e+01
9.912861253789208149e+01
9.916613742978699975e+01
9.920346129225811183e+01
9.928962681136290769e+01
9.925068303741235809e+01
9.927941994138478776e+01
9.932423772169195786e+01
9.928240060179324189e+01
9.926139993952719465e+01
9.928158719788713427e+01
9.929152442736145190e+01
9.930940338425688196e+01
9.932219828697253661e+01
9.934200371896442050e+01
9.932757660701918212e+01
9.929808797857927516e+01
9.926009027476730751e+01
9.920960721570355645e+01
9.918305567624207697e+01
9.911392038552806127e+01
9.902988997701197604e+01
9.900550873448119660e+01
9.906391328248322736e+01
9.904288631803794374e+01
9.904598303690811179e+01
9.896956598614548284e+01
9.895804712386136259e+01
9.892091317763258473e+01
9.881139115608246470e+01
9.876589967189212871e+01
9.875386191007960690e+01
9.870857311455795013e+01
9.871598646787919051e+01
9.873434554940227770e+01
9.868173814417365008e+01
9.864458154114211652e+01
9.869600267627504309e+01
9.869237693641014175e+01
9.874923963929191473e+01
9.875452928032697741e+01
9.870597391003188648e+01
9.873500643167429303e+01
9.872784273836069246e+01
9.874086822332030522e+01
9.872457712324927570e+01
9.868359935697274921e+01
9.870181000495246337e+01
9.870137866940044091e+01
9.866992232049641132e+01
9.869346177933927322e+01
9.868429909044048998e+01
9.866601058329517571e+01
9.866290064944762150e+01
9.865799332598967908e+01
9.870346658960303898e+01
9.872276115754939951e+01
9.873701527251378707e+01
9.876062432206474284e+01
9.882293622451051363e+01
9.878121926754545257e+01
9.885448455269136048e+01
9.885887542285179563e+01
9.881646793584013722e+01
9.891887030213341347e+01
9.888817195049037423e+01
9.893130914414514621e+01
9.894679072888924054e+01
9.901255748302153847e+01
9.900225426127762773e+01
9.911514364099519980e+01
9.911240195373856920e+01
9.912170794591169454e+01
9.916385185693927440e+01
9.913257476005934166e+01
9.914469993705365880e+01
9.911605934489310243e+01
9.915222583370480436e+01
9.916720641351842858e+01
9.913884549364367160e+01
9.914482457873769761e+01
9.918571903600989970e+01
9.925518901733413202e+01
9.931842398401455796e+01
9.934707972642618756e+01
9.947651994920423135e+01
9.947048284592406731e+01
9.950621580483928597e+01
9.961745101205812603e+01
9.964197154106265941e+01
9.963485805636621251e+01
9.965382089800917242e+01
9.965509550131282879e+01
9.967482221512888430e+01
9.965873395809695978e+01
9.961100804763441374e+01
9.960625381400927836e+01
9.961988717809512650e+01
9.960606238381600974e+01
9.957007875327978752e+01
9.950500711336772497e+01
9.948557020468224721e+01
9.949770876445133183e+01
9.943830003902338888e+01
9.948562905985698990e+01
9.944947043580998525e+01
9.946235962144135101e+01
9.941357116196726906e+01
9.939083131464602161e+01
9.937834442087952880e+01
9.934271007364557704e+01
9.932912689401699424e+01
9.930892552384021599e+01
9.933390597592719473e+01
9.928507451226391822e+01
9.930979974692020562e+01
9.930437873284418515e+01
9.927090522538519224e+01
9.927051626277473417e+01
9.929636901793480774e+01
9.926565987578035788e+01
9.929908011086541819e+01
9.928557566199496875e+01
9.933859481589189500e+01
9.936783222504271862e+01
9.932877162168257712e+01
9.935841328834186470e+01
9.934580964359096811e+01
9.941645556775772263e+01
9.937748158038338886e+01
9.935014586206044385e+01
9.938216256324514575e+01
9.940645338172200240e+01
9.933385224976170491e+01
9.931526169821175642e+01
9.929984680075922654e+01
9.925753388651851594e+01
9.922188907280970227e+01
9.919378427859143699e+01
9.917480787525148855e+01
9.912593445925709545e+01
9.915104794288639312e+01
9.912021019429580804e+01
9.908942755219599974e+01
9.913284940692481939e+01
9.912557364814612981e+01
9.913800161644667241e+01
9.912117491342470998e+01
9.914529448099740705e+01
9.916007124099571968e+01
9.917457844504340869e+01
9.919508294336520748e+01
9.919880491182740911e+01
9.923127864784297003e+01
9.927778274000675651e+01
9.931809821123883353e+01
9.933081514090054043e+01
9.936331648469807476e+01
9.942172528496139705e+01
9.950227176013503083e+01
9.951680140076615544e+01
9.952092866331284426e+01
9.957885639114651610e+01
9.960728365013240193e+01
9.970328233961004116e+01
9.971190526610800475e+01
9.970195695089932997e+01
9.974332540572504513e+01
9.976605687295355551e+01
9.976746959287237360e+01
9.983823932751862174e+01
9.977723144988989645e+01
9.976410307966133928e+01
9.986584214638804724e+01
9.984418148124821357e+01
9.983983041868735597e+01
9.984071741940714162e+01
9.983749396020080269e+01
9.987594578175183813e+01
9.987603020479362215e+01
9.991135305392951693e+01
9.996625386652071654e+01
9.995490234450491585e+01
9.993778529595439863e+01
9.997041683326794725e+01
1.000240376409752230e+02
9.998132044296626475e+01
1.000564184892790678e+02
1.000593755195018701e+02
1.001165525977392861e+02
1.001370375983486127e+02
1.001528134098941791e+02
1.001378971045702286e+02
1.001604380865331052e+02
1.001000067866881125e+02
1.000489791275828537e+02
9.997742069108105056e+01
9.999757793204099698e+01
9.999691181668626427e+01
9.996302664456246134e+01
9.994521925317937416e+01
9.993077993805907511e+01
9.984733773388596489e+01
9.985559302028210027e+01
9.980097990702186905e+01
9.972130207474786801e+01
9.972312263859271297e+01
9.969954602359776175e+01
9.964754499153545453e+01
9.968272193376382972e+01
9.961322482157517300e+01
9.957690398355751427e+01
9.957206216194596493e+01
9.948899884533464899e+01
9.944869782056102281e+01
9.942558701109483366e+01
9.934651596716371103e+01
9.929095195271735008e+01
9.920931825879630139e+01
9.923448701487535573e+01
9.920512887658463796e+01
9.910193223484030511e+01
9.910727950610790060e+01
9.912260359213932759e+01
9.906252909483993108e+01
9.910322921917122585e+01
9.905834201477092904e+01
9.903761595045934030e+01
9.903413993294803674e+01
9.899608771924087591e+01
9.895322539997474109e+01
9.893997474217546539e+01
9.891741978657009327e+01
9.891513085236491065e+01
9.890655294304201561e+01
9.888477103460786566e+01
9.892798444176544592e+01
9.894483934552067694e+01
9.895281134636202580e+01
9.897967548683494954e+01
9.895193731146525806e+01
9.896991433806306304e+01
9.902309834055630233e+01
9.904502971833505853e+01
9.898536008091947735e+01
9.904268794927266129e+01
9.900666610629950526e+01
9.898453483979248801e+01
9.902212587905837893e+01
9.895478025598119132e+01
9.890251053438078088e+01
9.891608989096890525e+01
9.883654705247352013e+01
9.881671382689788175e+01
9.873491190087003133e+01
9.877196200600674558e+01
9.867137805087978109e+01
9.861959042512873452e+01
9.862176238549157858e+01
9.850989756470598024e+01
9.850292001016640597e+01
9.846746392257357172e+01
9.851455206793211516e+01
9.849208649134466498e+01
9.848452767542484310e+01
9.848659607233214786e+01
9.848344110015517572e+01
9.844344051759149750e+01
9.849629209652718487e+01
9.846815549572909276e+01
9.852890609030819746e+01
9.848732768095661072e+01
9.849205068674962149e+01
9.845682977714423600e+01
9.843954805861251600e+01
9.840627701598967292e+01
9.836362397548377601e+01
9.836208994935365979e+01
9.837459731433530408e+01
9.833483393955059171e+01
9.831956306741611229e+01
9.834512887762586786e+01
9.836931322876955619e+01
9.831311186109466860e+01
9.833292915730210382e+01
9.828095167500271145e+01
9.822491451650466843e+01
9.811553710812255247e+01
9.812692168132831227e+01
9.808868252135773957e+01
9.802922776624326673e+01
9.802309938940551604e+01
9.800211284682671931e+01
9.798516047024034492e+01
9.793094654214537798e+01
9.794296802715017236e+01
9.791288224603391654e+01
9.787086915230196382e+01
9.787486763663177669e+01
9.796009249438338884e+01
9.794845524735011111e+01
9.795094612264212230e+01
9.795711335212786253e+01
9.796634593326308504e+01
9.794926753984583456e+01
9.795374627300932957e+01
9.794940313288348932e+01
9.796569206441570543e+01
9.798912940101409674e+01
9.801299106493277691e+01
9.802194608880539306e+01
9.804158293401864910e+01
9.800037357489637202e+01
9.798997072614008630e+01
9.791762651476862800e+01
9.793200641493093883e+01
9.788449471956441528e+01
9.781569025650966864e+01
9.786764965643213543e+01
9.786297713834029821e+01
9.789313942868731999e+01
9.780689180127394877e+01
9.781866910249377156e+01
9.778972876944281722e+01
9.772377361326157086e+01
9.774842054243906375e+01
9.777431450976074245e+01
9.775450390365212172e+01
9.773559407300928115e+01
9.776509601248561410e+01
9.776557149906084021e+01
9.779971392645330752e+01
9.780342020360320987e+01
9.786732624342944575e+01
9.794524107352796705e+01
9.791299841060835263e+01
9.794171399183069582e+01
9.796818099965948079e+01
9.797267534692267077e+01
9.795854313960782633e+01
9.803920973774340553e+01
9.809621483791718788e+01
9.808709881670138486e+01
9.817368931566964818e+01
9.822768279834272676e+01
9.825360565869706875e+01
9.823322279521087808e+01
9.829749012665568841e+01
9.828372253899482303e+01
9.825737679069658270e+01
9.822940969878983708e+01
9.822528321604363555e+01
9.821829795630742410e+01
9.820426452827530284e+01
9.818150087448796626e+01
9.812357321393130860e+01
9.810951098702092565e+01
9.807957696416629290e+01
9.806346696933442786e+01
9.806604773062153413e+01
9.810657569895815300e+01
9.812127607017328046e+01
9.819727689982791219e+01
9.827551070575935910e+01
9.826971612140721390e+01
9.832083158294695124e+01
9.833519570880162064e+01
9.834506800918268254e+01
9.833025147481936301e+01
9.831132164677325136e+01
9.835761296591593350e+01
9.835721073291770722e+01
9.837477506850436271e+01
9.842883294833879404e+01
9.836137692851674785e+01
9.844543207862719214e+01
9.849328040916590510e+01
9.846440572453282414e+01
9.848003238973473117e+01
9.842858984485391716e+01
9.840642029380825306e+01
9.836209812501570582e+01
9.828348965068919085e+01
9.830898918948352616e+01
9.834727798928018672e+01
9.831819602608744901e+01
9.832721758525607925e+01
9.841048360757572766e+01
9.839563808717673510e+01
9.842199953565028636e+01
9.850809405635382632e+01
9.854119027509857176e+01
9.856597039934817417e+01
9.865091884985893955e+01
9.867134373570391404e+01
9.871810479239495351e+01
9.870998580685545676e+01
9.874619971715932820e+01
9.874996184591938686e+01
9.874793533265581402e+01
9.875954965590528900e+01
9.879984450708467136e+01
9.876116532818461735e+01
9.883529822817324373e+01
9.887328852337007845e+01
9.891547861951583798e+01
9.899169828695158913e+01
9.896899008166940348e+01
9.900124759138408592e+01
9.898824443685056451e+01
9.893822623227426050e+01
9.893675327422067767e+01
9.890107044770924460e+01
9.889267926828264876e+01
9.893734777742697872e+01
9.886765310227245607e+01
9.887422572580875624e+01
9.883141288886241682e+01
9.876818549259147062e+01
9.872598919692819663e+01
9.869326764598774560e+01
9.870534137230899319e+01
9.864438443528858613e+01
9.863568687072344687e+01
9.863204753166576211e+01
9.860138596061487704e+01
9.859597978839207144e+01
9.859300136134480397e+01
9.857065685536581157e+01
9.854805803049245583e+01
9.851551459439851044e+01
9.850664535894193818e+01
9.848770681245349579e+01
9.855526465641571576e+01
9.853245931652392642e+01
9.846944636428317210e+01
9.849654796084936947e+01
9.839475570647354630e+01
9.839219323044756038e+01
9.836776923108486415e+01
9.833964364482324072e+01
9.830625846405983737e+01
9.837513223381799321e+01
9.833399526553580472e+01
9.833193419164749116e+01
9.837860429688197428e+01
9.837971243242559183e+01
9.839824384811799973e+01
9.843630175930294968e+01
9.844749761003637900e+01
9.841781020198018837e+01
9.848246322030129818e+01
9.850533949482149865e+01
9.842590451801027029e+01
9.851675535116721960e+01
9.849841265939889468e+01
9.842884731663332332e+01
9.846710593392265309e+01
9.845363793698618338e+01
9.838722095529099931e+01
9.836493097430708588e+01
9.839458056707714206e+01
9.842645471541035818e+01
9.846889746356526985e+01
9.848134486179077385e+01
9.853522128248641820e+01
9.857439121620210187e+01
9.855408557336700426e+01
9.856953146999576632e+01
9.855173032139346390e+01
9.856332853776847003e+01
9.854229535796004313e+01
9.852480444802856141e+01
9.849186847459876049e+01
9.853620929332818434e+01
9.851215671257538986e+01
9.853983730520427287e+01
9.856665576891806779e+01
9.851872971138116952e+01
9.845324080591962002e+01
9.844035095571443605e+01
9.836562401097236830e+01
9.834727564844618541e+01
9.834184278014141967e+01
9.832375255793827762e+01
9.825801095711595678e+01
9.823785377523431350e+01
9.828966516011153942e+01
9.822500532726620293e+01
9.828338235925508570e+01
9.824837292841965564e+01
9.824151677519041925e+01
9.822332706948860448e+01
9.821644721765029828e+01
9.822851202342661736e+01
9.817834704266698509e+01
9.819457012449214517e+01
9.812330174048871356e+01
9.808620102618519354e+01
9.807594771832228275e+01
9.808013332197573675e+01
9.802406467829223402e+01
9.800752571685681858e+01
9.804980436830501844e+01
9.801099995114522301e+01
9.809802557093063058e+01
9.807631583142963905e+01
9.809452044064312304e+01
9.810723817529361668e+01
9.819176041964311707e+01
9.827745942818658875e+01
9.831400203198656129e+01
9.832549328618988227e+01
9.837897378579613417e+01
9.842330997979816232e+01
9.842364784608498951e+01
9.845232280562487404e+01
9.845993373417675798e+01
9.850137490206840596e+01
9.847033199337317910e+01
9.853414319359771412e+01
9.850923076473003448e+01
9.854837295517900486e+01
9.860691137720014865e+01
9.859873232750001648e+01
9.865416177275872656e+01
9.859125001529436361e+01
9.867685793812590589e+01
9.869331012749184140e+01
9.869474046071614737e+01
9.870988731431860685e+01
9.874290282553964460e+01
9.872198371313034215e+01
9.870531540607190379e+01
9.874853287562774540e+01
9.873768324036686295e+01
9.876990027873225131e+01
9.873396160418435841e+01
9.873278924927346623e+01
9.872685842234648135e+01
9.872468583155736610e+01
9.879190615369323325e+01
9.877104223558909268e+01
9.882112683298235822e+01
9.884978363218206709e+01
9.890049044385372667e+01
9.888135180453566875e+01
9.888156588443773387e+01
9.891582396212422168e+01
9.895004513316983719e+01
9.894837663588096177e+01
9.897602545480788194e+01
9.904623561066541981e+01
9.907813479748716645e+01
9.907853846757642202e+01
9.907564408430722835e+01
9.909659577171542821e+01
9.909881877892196655e+01
9.911539709229337802e+01
9.914484799093584400e+01
9.909132016653234132e+01
9.910338508676147740e+01
9.916661191849603085e+01
9.910122556486564349e+01
9.915013793148077070e+01
9.920019579288134537e+01
9.919528487292083696e+01
9.926300972470625084e+01
9.924677978187631311e+01
9.928103578956827846e+01
9.927465795171815444e+01
9.929891380485742047e+01
9.931754843807412669e+01
9.933010227984740936e+01
9.929906742378520335e+01
9.929738804863815460e+01
9.933453905280877905e+01
9.935587166854885766e+01
9.935914549309777044e+01
9.933369925226431008e+01
9.933561601970117749e+01
9.933288971794414124e+01
9.932220025712750555e+01
9.934011234466379392e+01
9.929517497778454072e+01
9.927502850245738841e+01
9.922520022404546580e+01
9.920850630497356804e+01
9.915243272698312182e+01
9.912205721067317654e+01
9.910641576380069750e+01
9.906734954125161607e+01
9.903127109620933766e+01
9.903015177835318639e+01
9.904714108589178068e+01
9.903280294974807418e+01
9.906121555500264719e+01
9.906902823194167240e+01
9.909308493426932785e+01
9.909714996687014832e+01
9.909718987914018840e+01
9.908408422214573363e+01
9.908322644317540551e+01
9.906565033158776146e+01
9.913653945639360643e+01
9.917953494113123725e+01
9.920398282668270440e+01
9.923661021695683360e+01
9.926750987636039270e+01
9.928450901764861669e+01
9.934145049508069292e+01
9.934025489337426507e+01
9.934105834046626171e+01
9.934105148051959588e+01
9.939840203990883083e+01
9.940837776038718232e+01
9.939934422075802445e+01
9.938898940224564171e+01
9.939860169828196490e+01
9.935247591984193605e+01
9.936167295799717181e+01
9.938761146439956917e+01
9.931576017342581508e+01
9.937115688780727396e+01
9.936583914281433749e+01
9.935535028289773152e+01
9.935981728866636331e+01
9.935785617427249861e+01
9.938720553439222272e+01
9.937169987034363317e+01
9.939233614177940979e+01
9.936788900752283382e+01
9.938534940663150508e+01
9.936082180972911715e+01
9.939160217960100852e+01
9.939109308491582340e+01
9.935309267608569428e+01
9.933137836784980834e+01
9.930804717830348238e+01
9.932388065557184120e+01
9.929387381092485043e+01
9.930844079919735634e+01
9.936263880035876639e+01
9.936050275416616273e+01
9.940306117944774655e+01
9.941306018938830391e+01
9.940128335900850232e+01
9.943647885128025621e+01
9.941043164363522067e+01
9.941871402123359758e+01
9.945398234035263840e+01
9.940125467891571986e+01
9.937600572851604852e+01
9.929503513729716246e+01
