1.754064625184045951e+02
1.753155418144350506e+02
1.696365679379284472e+02
1.736417665876690251e+02
1.651801056714088816e+02
1.620722515539218591e+02
1.615744344839378073e+02
1.585998183795017837e+02
1.538491448719161667e+02
1.506960807395701636e+02
1.476955135083950950e+02
1.399373322601727239e+02
1.475956635172468339e+02
1.444059471248490070e+02
1.488457182707651327e+02
1.483677358533000756e+02
1.468504054172330484e+02
1.437759406072648005e+02
1.443733353984596022e+02
1.431528586581428328e+02
1.410817052840056363e+02
1.376465176607380840e+02
1.333718485206308344e+02
1.255757088485618880e+02
1.276526590977166649e+02
1.276480409686184174e+02
1.300310937976906587e+02
1.331503600869139348e+02
1.241151218638651557e+02
1.220187241945963166e+02
1.212777083090100092e+02
1.196527863581312374e+02
1.129359333541205359e+02
1.139705071191055907e+02
1.162489251288388488e+02
1.225895378570916137e+02
1.228047215929626219e+02
1.250706399305894791e+02
1.233811643951671044e+02
1.149050821591526841e+02
1.149374563296780707e+02
1.187510621330696665e+02
1.251505808505895061e+02
1.274701042231271231e+02
1.279656994544885151e+02
1.275691138657440860e+02
1.319384351017169195e+02
1.241090247064864087e+02
1.298526283901437353e+02
1.309949487706877562e+02
1.300259321279416156e+02
1.181111766167666275e+02
1.164810077563795829e+02
1.189361860740813626e+02
1.123662868636023831e+02
1.120034877410297014e+02
1.074826357604543006e+02
1.077503388954520176e+02
1.115944075110154472e+02
1.093842258074608509e+02
1.116440400398471837e+02
1.091806171748607852e+02
1.103225576140211075e+02
1.123849604238032214e+02
1.160911041335809983e+02
1.149897611130993198e+02
1.114976624009448329e+02
1.138666081288428558e+02
1.068686047550173299e+02
1.065631048582095275e+02
1.065184987861552628e+02
1.112563482864539566e+02
1.099398524775485697e+02
1.105536975518180753e+02
1.093425138067215414e+02
1.132375801581909229e+02
1.088607951793241853e+02
1.106503016393474468e+02
1.132204478096598024e+02
1.112367171866564490e+02
1.131123728892151235e+02
1.189405514791955909e+02
1.137424240916950708e+02
1.160970235684397949e+02
1.164885246803993226e+02
1.144390809163391651e+02
1.139020614889883376e+02
1.101321220104276222e+02
1.094351708547424522e+02
1.120413870260322682e+02
1.079539168611681248e+02
9.878972564903462228e+01
1.013894909627337455e+02
1.023443670122179014e+02
9.654118965087545234e+01
9.504251712036813160e+01
9.668595230263422025e+01
1.011276497773424268e+02
1.048388153006298609e+02
1.058574730340146886e+02
1.095941321800967216e+02
1.067370342365818061e+02
1.048849879875233171e+02
1.108038708812106989e+02
1.122779655134547028e+02
1.158085661943587610e+02
1.138927446809951363e+02
1.145446235579874639e+02
1.104976945456101447e+02
1.105916780706177889e+02
1.090339410652316730e+02
1.092954586451393197e+02
1.050801075441523125e+02
1.039237715734751788e+02
9.748503102574977675e+01
9.874561581275796129e+01
9.659782480985381881e+01
1.000156604385102952e+02
1.040822735452935746e+02
1.064320831870028599e+02
1.033254522443000667e+02
1.001790308763606561e+02
9.784010771274603258e+01
1.014945092469056362e+02
1.071293445218297791e+02
1.056847176477883181e+02
1.000398751176697800e+02
1.012030575295308807e+02
1.024850861921447915e+02
1.027120631484328044e+02
1.039083252781351945e+02
9.770445114255474550e+01
1.019126732368062136e+02
9.852839372405870222e+01
9.915031721350915461e+01
1.031885273703067725e+02
1.026301315704762658e+02
1.001496664703192749e+02
9.850298904602220773e+01
9.683784812487584759e+01
9.328667977725444871e+01
8.962433058912002082e+01
8.774751906733688145e+01
8.395372663907849642e+01
8.324490249320518842e+01
7.982932529924359244e+01
7.905512891444978152e+01
8.292402164044138146e+01
8.109551985982194822e+01
8.110727919179346657e+01
8.017508301269795368e+01
8.285509994013209223e+01
8.476288013553380551e+01
8.939684073054387170e+01
8.840731085379044885e+01
9.041883691079206642e+01
9.703704895380802498e+01
9.480287393176834598e+01
9.320202634056006730e+01
9.296344020051785151e+01
9.329937198465694337e+01
9.556979414322306354e+01
9.825035021444466565e+01
9.469132724366649256e+01
9.150925588401845800e+01
9.181202497081386582e+01
9.124223783958542811e+01
8.853788116975485423e+01
9.303250038402323696e+01
8.563045268093306106e+01
8.723663125468459612e+01
8.455777797810927154e+01
8.239530944448058847e+01
8.438915010849490272e+01
8.041110793008691360e+01
8.000583579980131788e+01
7.690776495989683781e+01
7.911268050245159600e+01
7.946108217912464511e+01
8.044730486383129175e+01
7.673680656386683552e+01
7.361750933286380416e+01
6.964650233501831167e+01
7.035843002886805664e+01
7.105082936211228173e+01
7.734856133688660407e+01
7.557841237816664659e+01
8.083368475060197511e+01
8.110268424353434114e+01
8.317651963712539498e+01
8.429483514942313604e+01
8.923044021576257023e+01
8.794113951801169549e+01
8.179206809074349849e+01
8.125005923926048013e+01
7.636327020160709367e+01
7.009334588011441269e+01
7.564522449264052284e+01
7.678217453672530723e+01
8.147770446001227640e+01
8.091142029919024026e+01
8.374427000824350387e+01
8.382079480484995315e+01
8.011405212293570344e+01
8.262277313117833444e+01
8.290543339257077093e+01
8.042016064335039971e+01
8.137833202515136577e+01
8.113100676956271684e+01
8.325345747730315793e+01
8.433314824739103699e+01
8.651726682528584433e+01
8.431969223974425631e+01
9.362229726268257934e+01
8.956161301618710979e+01
8.573897651244074325e+01
8.383792061838526877e+01
8.365055145475923837e+01
8.581427044085434375e+01
9.278893234547693680e+01
8.788315324761892100e+01
9.018960670226643117e+01
9.414300381868804379e+01
9.923376918636928679e+01
9.769428275817041651e+01
9.885459608340333659e+01
9.559381145845193828e+01
9.811718586808954967e+01
9.836847278255848437e+01
9.082907305730530823e+01
9.121977769587903140e+01
9.188707786817236922e+01
8.964732376568133532e+01
9.131390060429254163e+01
9.038822970776570287e+01
8.694203725218402212e+01
8.633567542484267676e+01
8.247986814344780271e+01
8.796429378147199429e+01
8.100075984912292881e+01
8.638220287339701997e+01
8.505947840163355522e+01
8.776485351591394135e+01
8.482919907137946325e+01
8.130536630820213873e+01
7.951680750919828711e+01
7.308143792463435773e+01
7.735169901051528996e+01
7.453553065525720456e+01
7.089084810952455484e+01
7.383847701489756332e+01
7.761824526937675728e+01
7.273659096453786788e+01
7.407044908113311976e+01
7.563052728170794126e+01
7.352976725195338759e+01
7.896433659954323048e+01
8.033155676796599209e+01
7.805655351010322818e+01
8.074223651843325911e+01
7.954364305521200151e+01
7.922967600205656424e+01
8.238593264362830837e+01
9.496111883375641582e+01
9.374294808834461890e+01
9.401061937432604054e+01
9.612756025206800814e+01
9.530796547124521112e+01
9.583449800286464892e+01
8.876229676659528423e+01
8.849600047680451098e+01
8.844808628239235304e+01
8.584811570079757814e+01
8.323143600609058979e+01
8.071502457652361784e+01
7.471267202868341428e+01
7.698077326320074576e+01
7.641062889015562121e+01
8.023449498483363129e+01
8.087041455675017687e+01
8.304972357435967467e+01
7.993831131114180266e+01
7.997108459170148365e+01
8.193533425196292796e+01
8.286746018461271035e+01
8.495353026243277839e+01
8.122601944783488648e+01
8.206028428766200022e+01
7.797730464959140306e+01
7.892226861973564667e+01
7.792383836567447020e+01
7.799621513857745470e+01
7.430150006225595405e+01
7.665367947642843660e+01
7.660431724026723543e+01
7.895673089538684053e+01
7.743462273810111185e+01
7.360713823910566589e+01
7.355456226853431190e+01
6.773633375220427411e+01
6.398887827510980486e+01
6.658404409820423098e+01
7.114626391107900361e+01
7.355703086616924224e+01
7.069103457331556228e+01
7.282591350095282223e+01
7.294655449278559445e+01
6.755780764030346575e+01
6.811185143094314753e+01
6.602282821587132844e+01
7.527450218269235904e+01
7.663155721799498110e+01
6.782900195056606663e+01
6.782703568200680877e+01
6.556955870260971153e+01
6.387183262187613764e+01
6.694026735349849844e+01
7.222762595102061312e+01
7.163938742741859755e+01
7.307925335227866981e+01
8.030137412923582474e+01
8.102009632730201361e+01
8.451665955629698601e+01
8.661662900197914894e+01
8.633849092969083472e+01
8.596950515888885036e+01
8.560721258742486839e+01
8.663512563204031380e+01
9.159083749554345388e+01
8.948733511591325396e+01
9.023335841510517241e+01
8.408425853461250199e+01
8.908453616389148522e+01
8.297275232866401495e+01
8.405301461273587904e+01
7.727100069717432973e+01
8.010544133233342734e+01
7.468760441247000870e+01
7.748272161861410723e+01
8.034168027590344252e+01
8.814261437008508437e+01
8.733648484839093840e+01
7.893155385301766103e+01
7.935299754300284292e+01
7.782242899425241944e+01
7.028468460630425341e+01
7.082299902234619537e+01
7.147607190374806407e+01
7.468046061673243230e+01
7.515880937565439979e+01
7.240782561741156087e+01
7.589675485119730070e+01
7.586472839479182539e+01
7.466797513256211971e+01
6.826252670932422006e+01
6.725586809722794612e+01
6.390469757059064904e+01
6.572610824469720114e+01
5.956361759770401676e+01
6.166176850008323385e+01
6.297633895655016545e+01
6.043976941438755546e+01
6.726897149867578207e+01
6.559467266563335386e+01
6.788586944310107185e+01
6.636132318647864281e+01
6.138315753935043517e+01
5.905054388799138820e+01
5.878909802454933242e+01
5.673080088305962221e+01
6.042404064047695300e+01
6.547079208001379413e+01
6.998358043064020251e+01
6.842886849703755558e+01
7.484458677079952338e+01
7.526017349650905430e+01
7.604405680764510578e+01
7.507441268328049944e+01
7.596680687479423000e+01
7.415385234728657338e+01
6.774317672168258753e+01
7.216498136994610491e+01
6.938520574006311392e+01
6.992152878268197469e+01
6.905118874030709719e+01
6.409548741364972102e+01
6.649338615507804207e+01
6.594887679452678242e+01
6.470729778967162815e+01
6.675090841665077335e+01
6.803341043561307799e+01
6.941772986489073105e+01
6.738777490322375741e+01
6.465112103163427548e+01
6.269775449368131603e+01
6.507179777592699566e+01
7.373305385729037198e+01
7.383638748609057245e+01
7.006004165210141821e+01
6.861841160049416999e+01
7.064299837379837754e+01
6.691605601350988763e+01
6.754091186201945618e+01
6.716877231314560959e+01
6.935479877342235966e+01
7.101128287604235823e+01
7.339984542587495753e+01
7.528317247261703926e+01
7.063909037731566798e+01
6.855453979118763641e+01
7.236383751781526996e+01
7.551010623902817542e+01
7.688512337742507441e+01
7.512025104436855827e+01
7.109880305601889461e+01
7.959844739672739422e+01
7.479225403156416974e+01
7.712448938152280675e+01
8.045526753671198605e+01
8.214855452237502220e+01
7.710167886280679284e+01
7.649867543857341445e+01
7.317541281620596294e+01
7.213537233854557940e+01
6.749116430181543080e+01
6.629743701594102845e+01
6.680033237533169199e+01
6.552591698297476341e+01
6.483164419334877948e+01
6.371554273017466841e+01
5.955915227796407407e+01
5.499065908821170723e+01
5.351075811912111391e+01
5.648423424196725762e+01
5.817701732946525794e+01
5.878714655308237269e+01
5.974781306862176677e+01
5.717661077982086937e+01
5.694933352909495028e+01
5.398609052961256793e+01
5.375382003532998709e+01
6.254308382802446431e+01
6.498600450636878634e+01
6.181680000338312198e+01
6.637173113084890019e+01
6.094365032917609426e+01
6.070124634303967071e+01
6.100842457349538961e+01
6.217005219400948590e+01
6.572871993114917188e+01
6.322512997316214012e+01
5.691633499623163317e+01
5.936927385114825739e+01
5.338872333843467999e+01
5.705457747849674632e+01
5.707191395106355003e+01
5.680549486496597211e+01
5.761593824259011143e+01
6.067536067642311082e+01
6.926918770287720406e+01
6.445966156820163917e+01
5.831031331189519307e+01
5.762075028371238972e+01
5.473085193483228039e+01
5.803253490950987725e+01
5.768451020034252252e+01
5.801405832357949777e+01
6.466872629111624349e+01
6.589166682837186784e+01
6.577109075489229895e+01
6.500317093829212922e+01
6.339416098041361636e+01
6.098777762420886717e+01
6.335830345976408751e+01
6.428447478599844089e+01
6.032437467612506765e+01
6.587251950287867430e+01
6.425430191950580650e+01
6.516358591624522489e+01
6.436450183846164919e+01
6.054973235749790206e+01
6.180272138486442657e+01
6.521415629648872425e+01
5.804110713460457305e+01
5.853614272559744336e+01
5.934070431166602333e+01
5.944884134586354207e+01
5.912448757858203408e+01
5.861690728910200221e+01
6.177741435089983923e+01
6.081508298764272524e+01
6.000119977730241771e+01
5.983339999938183951e+01
5.954456899370923395e+01
6.165340509861380980e+01
6.361109896416710541e+01
6.314866440065801356e+01
6.794243502127432066e+01
6.853299672468628501e+01
7.688692651928829491e+01
7.317576742452590111e+01
7.468360574391616069e+01
7.640398075719134852e+01
7.347986728998311889e+01
7.712287733941201395e+01
7.180036256761387392e+01
6.635071029076516425e+01
6.823603149756874586e+01
6.835192775717374047e+01
6.420789967091128858e+01
6.556784221907071242e+01
6.876476696104847974e+01
7.144663348063298258e+01
7.111012401794623372e+01
6.707665728762411561e+01
6.333723140518681305e+01
6.168499702638387561e+01
6.449208344449164088e+01
6.463287501702083659e+01
6.635672005562237530e+01
6.413153078653328976e+01
6.415499332726123782e+01
6.245603207512506572e+01
5.435987186343379562e+01
5.109999544035836294e+01
5.270055025512192515e+01
5.550240257986948222e+01
5.540677147765871524e+01
5.447442274080163571e+01
5.756025218454136905e+01
5.333454665943784079e+01
5.192528336004978229e+01
5.643667740004210032e+01
5.033702491987879313e+01
5.500164476275619307e+01
5.216045841226711843e+01
5.360926881720975246e+01
5.193453023908701027e+01
5.171033722359432971e+01
4.750618736929924069e+01
4.708720868865377440e+01
4.772348468089112572e+01
5.026959539459513593e+01
5.207449636814433092e+01
5.698437559055643931e+01
5.566531463812147962e+01
5.408819560957241634e+01
5.868487583615398506e+01
5.720773317129849289e+01
5.819153413800218289e+01
6.160590312553984660e+01
5.706483746679656832e+01
5.651922453453715889e+01
5.813627507669090733e+01
5.942237428918378583e+01
5.837866332995786678e+01
6.452446313057517102e+01
6.116795763355504079e+01
5.674000600213737044e+01
5.078296525724508825e+01
5.347041349350041628e+01
5.182460124153556791e+01
5.477823862615460371e+01
5.684743827059462262e+01
5.707835483685897771e+01
5.877827142855571196e+01
6.003049873787926316e+01
6.488287074939189836e+01
6.588038225485018984e+01
6.676398736694623892e+01
5.917517011627674606e+01
6.039413208472418404e+01
6.082234186411324117e+01
6.152459952437216373e+01
6.135045996028078719e+01
6.572909767661526814e+01
6.731088184878855429e+01
6.895675018251667154e+01
6.872329192695620748e+01
7.293723055238652364e+01
7.094571337866075567e+01
6.444453035382882433e+01
6.128197559554057250e+01
6.462326737982768066e+01
6.555663181670193751e+01
7.085228532914820221e+01
7.201894604939020894e+01
7.462832060928599276e+01
7.227900114936034015e+01
7.408368050464392240e+01
7.194533771207547090e+01
6.994692963283617360e+01
6.377115428911955775e+01
6.334762619212424539e+01
6.605147117438752957e+01
6.390804475724009137e+01
5.698547740984727739e+01
6.058496066982080208e+01
6.249505476528783277e+01
6.470518237657273630e+01
6.708529305898608186e+01
6.193372683049090455e+01
6.248666206424130110e+01
6.250624329557103209e+01
6.644469057998217920e+01
7.090565321624227124e+01
6.960717885655532200e+01
7.372055583008388169e+01
7.309380159973053992e+01
7.259645189493167550e+01
7.403676307886669861e+01
7.229809119008514529e+01
7.168398206097408831e+01
7.046706287529590895e+01
7.082359182115075669e+01
6.941364096854978527e+01
6.827299455627074565e+01
6.651798101601664825e+01
6.247092274994549399e+01
6.293834194354707279e+01
6.643461394298530820e+01
6.864206149655494471e+01
6.184819193985413932e+01
6.238582643414760298e+01
6.554192996712076535e+01
7.357767967698343625e+01
6.631909219298835012e+01
6.004110766265046095e+01
6.049659996833708675e+01
6.075066219177937654e+01
6.226338569682965129e+01
6.162501031562599252e+01
6.670232182915543717e+01
6.711253835994864403e+01
6.637659607867982459e+01
6.936124884133786850e+01
6.630288273161120571e+01
6.242117156142117551e+01
5.953004471600421255e+01
6.009911495992558628e+01
6.153545488016312959e+01
6.265197500769316719e+01
5.851147746794128324e+01
6.150697099252685263e+01
5.997783853402525267e+01
5.897136834946885386e+01
5.217494338657573394e+01
5.527717904481194466e+01
5.642221686505452993e+01
5.437375100438679709e+01
5.590077234402685491e+01
5.402567498457944595e+01
5.609905102701420532e+01
5.481914027946220358e+01
5.618211332223370391e+01
5.427810433113285171e+01
5.490563022507263469e+01
5.382908610955203699e+01
4.909694956278314493e+01
4.591127364540275835e+01
4.665981854854306476e+01
5.058729121931329331e+01
4.719390321531193422e+01
5.042482436419966518e+01
5.133769382031412221e+01
5.155917147280489843e+01
5.016442837519232256e+01
4.612557939084481262e+01
4.416846149607439997e+01
4.535472722291646619e+01
4.769335781609183300e+01
4.894221672410660062e+01
4.641410565664816090e+01
