1.772082698221782096e+02
1.751751052467018610e+02
1.769982681902340573e+02
1.742082473768262503e+02
1.731552089019882601e+02
1.657884929609088829e+02
1.581327712564147134e+02
1.575953936125590644e+02
1.560996241575016086e+02
1.531355779975488076e+02
1.538699099572624505e+02
1.515858782403300040e+02
1.471668590704748567e+02
1.436024022880875179e+02
1.412755029193858718e+02
1.372292256767239564e+02
1.354788467792514268e+02
1.282261566764698557e+02
1.340144349176039213e+02
1.273933629922565842e+02
1.379550770911861832e+02
1.320126587975831569e+02
1.392548683881247484e+02
1.394078531887411430e+02
1.327516748847570227e+02
1.235756463909006300e+02
1.238273579127037323e+02
1.270348187886247615e+02
1.288691347437229808e+02
1.289058978078945756e+02
1.259534789698203667e+02
1.317922703280131600e+02
1.282784066561340239e+02
1.303158192882881963e+02
1.185224475548818219e+02
1.183842680714936506e+02
1.255813762950487273e+02
1.236828154256608343e+02
1.218410411357274370e+02
1.165764139639275072e+02
1.169367507417490941e+02
1.141982911778965217e+02
1.194336455651160520e+02
1.186199975035142700e+02
1.233365561142991282e+02
1.221294563176935526e+02
1.174117144429324355e+02
1.173536887843290657e+02
1.160401503482572139e+02
1.171616256899731923e+02
1.135344297689103144e+02
1.163705350032080617e+02
1.213142963746231544e+02
1.216353444340938523e+02
1.156960188888161696e+02
1.124997836788788135e+02
1.087607011316937218e+02
1.079672615170190255e+02
1.118075510605802805e+02
1.163409698455288037e+02
1.159659576950496529e+02
1.146407390141981182e+02
1.115720952651606837e+02
1.094988479700173514e+02
1.053717737139181452e+02
1.038150337241748957e+02
1.059125985919362734e+02
1.095707291900937292e+02
1.106776596140615396e+02
1.090811452035153337e+02
1.076650773300405319e+02
1.096878979176936895e+02
1.097128344348896007e+02
1.115279897620051059e+02
1.092753204527179491e+02
1.113656432358289408e+02
1.060318623533648150e+02
1.077648397160535723e+02
1.087027399252867070e+02
1.074833476311740696e+02
1.046819184592437892e+02
1.066470294824071772e+02
1.106631578657593593e+02
1.088667406818317431e+02
1.084142905223694555e+02
1.095531433551219180e+02
1.113710171669354594e+02
1.121485796210729973e+02
1.076304499593770458e+02
1.077695627550767767e+02
1.116540143941522700e+02
1.084879758254794808e+02
1.093862120241234521e+02
1.071417862850297382e+02
1.100270659234303423e+02
1.030302031224738357e+02
9.864669441849251541e+01
1.023035265660846562e+02
1.027454953307608179e+02
9.609547270528712204e+01
9.043959036924556472e+01
8.511172410298742363e+01
8.598567771131746440e+01
8.508041629383913573e+01
8.886285996522575203e+01
9.281178231481223406e+01
9.378103090959372423e+01
9.288733245662224647e+01
9.984257503821470436e+01
9.828675531411565203e+01
9.853985015530300018e+01
9.434527507366354371e+01
9.538849357142323981e+01
9.715081291546938758e+01
9.427146097357970689e+01
9.793883422238961600e+01
1.008295690640615589e+02
9.998138846314856210e+01
9.883175190001851718e+01
9.996323237688982033e+01
9.934023220386758624e+01
1.000567927748375041e+02
1.019073651905775080e+02
1.004273188255527742e+02
1.024098355656136476e+02
9.737640909135861023e+01
9.380148339637015908e+01
8.807169879329185846e+01
8.333122651791873636e+01
8.042194421299060991e+01
7.854030215629083500e+01
7.881098616077599672e+01
8.110564503298994055e+01
8.558098898159252599e+01
9.000101346104572997e+01
9.603725425081290723e+01
9.765764096958254470e+01
9.700260328003913912e+01
9.825334661627638866e+01
9.791855650772990316e+01
9.848377597543264983e+01
9.705310803239467532e+01
9.612421259864268563e+01
9.816658865782733301e+01
9.761535304752197817e+01
9.089683014129496996e+01
9.125076198820229934e+01
9.373960577495026314e+01
9.684372894507768592e+01
9.707778518358402664e+01
9.151023690126842780e+01
9.373500362598505831e+01
9.399039599151603852e+01
9.698755808727607075e+01
9.581297294795297148e+01
9.061046595009699445e+01
8.927606906417760513e+01
9.153786771019886714e+01
9.576571476007063666e+01
9.155590264925656641e+01
9.015429549779123874e+01
8.981662084533672896e+01
8.608427254600361778e+01
8.425329371352518137e+01
8.486785382838959890e+01
8.350896297932165169e+01
8.590288933430596785e+01
8.453662898764065403e+01
8.649727595705410010e+01
8.581632144445910626e+01
8.327146826621921605e+01
8.131967885699197041e+01
8.205720447495477288e+01
8.617183385806191609e+01
8.471218091805262418e+01
8.313008184481533647e+01
8.233350785549617967e+01
8.368098558450903113e+01
8.139170884672567752e+01
7.791450522331045647e+01
7.832163607941525640e+01
8.052937487721013099e+01
7.419413723688735729e+01
7.736120624778821764e+01
7.839658661860224242e+01
8.054546378847136623e+01
8.077254491801987513e+01
8.165779302797056971e+01
8.267512183239244905e+01
8.234450012857527668e+01
8.385281184110448294e+01
8.183808778343346546e+01
7.892458542731257864e+01
7.569032721123215879e+01
6.969005484212418366e+01
7.364994851437124623e+01
7.011407508636619923e+01
7.398180273790525519e+01
7.527868663382420777e+01
7.065766395966740276e+01
7.243859822942846449e+01
6.789654580388564398e+01
6.453983984565270760e+01
6.903961487555910992e+01
6.693092532536765304e+01
6.862758869210334467e+01
7.013704082282288255e+01
7.089192221679695649e+01
6.696072403066973777e+01
6.728785868397713443e+01
7.374829149833720976e+01
7.806286580249195595e+01
7.857462022068783369e+01
7.291858336409210040e+01
7.375121464983193675e+01
7.443645849935083447e+01
7.872275922808552195e+01
8.293676688173817979e+01
7.677237197120739154e+01
7.776029330922411020e+01
7.631633151648691182e+01
7.554219441660762868e+01
7.488965446215030397e+01
7.074083335497454073e+01
7.806011273842850073e+01
7.939889108399424344e+01
7.924876549019924710e+01
7.737973078537616800e+01
7.633113467129730623e+01
7.456877264683360806e+01
7.389526585330888508e+01
7.486219016025019357e+01
7.585264894745782271e+01
7.731709178388227599e+01
7.814916127409081525e+01
7.607495152066510968e+01
7.411411699437188361e+01
6.962223847645269359e+01
6.760224589369973103e+01
6.805202476637279574e+01
6.861515010443091001e+01
7.028512612722852282e+01
7.452858186046940148e+01
7.158293671210498132e+01
7.020631993290790263e+01
6.864117629460645276e+01
7.091804283012950805e+01
6.596315042026780873e+01
6.859387120616109712e+01
6.916671338429317473e+01
6.730176878268937912e+01
6.510988310014268166e+01
6.789021833314276932e+01
6.664799646751133366e+01
6.368459860172903575e+01
6.318113414123662608e+01
6.125643858514132489e+01
6.380866217658793005e+01
6.751236414632883509e+01
7.235156563370851757e+01
7.271007242522355796e+01
7.065678158824425736e+01
6.659635793288369143e+01
6.431087166956071144e+01
6.008390480306239567e+01
6.548368000444858694e+01
6.446339786733400956e+01
6.430377770337483412e+01
6.224102897050531169e+01
6.097515155649885799e+01
6.178497267469963106e+01
6.375888492335484159e+01
6.818329219986681267e+01
7.364981667684070032e+01
7.027219656991582042e+01
7.064604657307445734e+01
7.451485389860098962e+01
7.088507000917699941e+01
7.533346564867079564e+01
7.441578500869566426e+01
7.566512040301687136e+01
7.470407133956929613e+01
7.695944787618685723e+01
7.366233588672083954e+01
7.546595325161101186e+01
7.262840699383616538e+01
7.379691161541072120e+01
7.484586850478420672e+01
7.843499609083247037e+01
8.608094445726024446e+01
8.942329604858382197e+01
8.967661001437895152e+01
8.756908730696574139e+01
8.522928403848574419e+01
8.497239938861186204e+01
8.260841537719983307e+01
7.861633573823685595e+01
7.615286901458364355e+01
7.960766756872639860e+01
7.935114184752424649e+01
7.846932908356492931e+01
8.199648148608795850e+01
8.141519757952492853e+01
8.185064459707548679e+01
7.999120066392893591e+01
7.914819132114254785e+01
7.917209360980031363e+01
8.403576543644092567e+01
8.173901646604848281e+01
7.818057969794158168e+01
8.048706427179227774e+01
7.605949099093119514e+01
7.702773177259214776e+01
7.775985357973530654e+01
7.701101529578819793e+01
7.163956311096467289e+01
6.701375499728217733e+01
6.550080224299755116e+01
6.875466161145358512e+01
6.789998023821955542e+01
6.626783211997597789e+01
5.881897151456487904e+01
5.920351499321243693e+01
6.448004367818138860e+01
6.568301793558239865e+01
6.563621091828217402e+01
6.461393914121219950e+01
6.243368698732007260e+01
6.433337890882950205e+01
6.427139460562690942e+01
7.221572851359674416e+01
7.721597543723207480e+01
7.578529935693768493e+01
7.074778634237407005e+01
7.346544134554248728e+01
7.375681966165173264e+01
7.428049196532981568e+01
7.796686515190816635e+01
7.373615174426204533e+01
6.768736604623981634e+01
6.441714239834153943e+01
6.321938253640645655e+01
6.251812362390435851e+01
6.828972831731411475e+01
7.026566732922906056e+01
7.072321690399348881e+01
7.027050408680318583e+01
7.223527724682593032e+01
7.130973981201707090e+01
7.703333621465822034e+01
7.428563229094609710e+01
7.342761452922360377e+01
7.227434756159574647e+01
7.638109191239433926e+01
7.419931683335988737e+01
7.801656680498976471e+01
8.316582741003770707e+01
7.477385946892464119e+01
7.757392986526205902e+01
7.521079189298690437e+01
7.804441055777331826e+01
8.137518309138582140e+01
8.001896278019034980e+01
8.151434991805390951e+01
7.788313258231607961e+01
7.486138348188437419e+01
7.609884284856806858e+01
7.784663776680120861e+01
7.804412185810474512e+01
7.612122324707726762e+01
7.236540077615931921e+01
6.855996878429026253e+01
7.003412544198913281e+01
6.313009419235120845e+01
6.260148554152897304e+01
6.150753454979697210e+01
5.813224019874060389e+01
5.852228997375354425e+01
6.252734802283971760e+01
6.122547570304645603e+01
6.140168718405259085e+01
5.877790385379640270e+01
5.499736472542650745e+01
5.384106581032661154e+01
5.632852147955196642e+01
5.579299065681757952e+01
5.402924866384260838e+01
5.584744239337105398e+01
5.940605952065494932e+01
5.612874052861675978e+01
6.109666807914942410e+01
6.246026879991985936e+01
6.631884952407293099e+01
6.804438949838151984e+01
6.164833585516470293e+01
5.953320819576590850e+01
6.090895334934015182e+01
5.714037807675408942e+01
5.562991649303479846e+01
5.543668673192044594e+01
5.597577024741707419e+01
5.930362147033230258e+01
6.221008686674255728e+01
5.989699766925544111e+01
6.256394122847024164e+01
6.715558380783998871e+01
6.484424430888290658e+01
6.701262840980268720e+01
6.424295570721552906e+01
6.536582154171235004e+01
6.396755236429585523e+01
6.220570513085462494e+01
6.148571435866828949e+01
5.708858229867360023e+01
5.541320405983080377e+01
6.322173416278977243e+01
6.875535151194914363e+01
6.791767017145032526e+01
6.373698334253379016e+01
6.427327129326485533e+01
6.665116445730966177e+01
7.313097382441401351e+01
7.667783937223323676e+01
7.830708954383312914e+01
7.831985719166583237e+01
8.032024985498780723e+01
8.150023519020741958e+01
7.811729385766645350e+01
8.456405633239390340e+01
8.344353148031743217e+01
8.344040517013419844e+01
7.869548554232885351e+01
7.587034752718773234e+01
8.027807687112429846e+01
7.664861930482666708e+01
6.857462566150222472e+01
6.634674238591284734e+01
6.515658850706851979e+01
6.799164240710382501e+01
6.254110525412043842e+01
6.133435596109484322e+01
6.275719736710109942e+01
6.356439534719309847e+01
6.238222895335643159e+01
6.426838648359812112e+01
6.403647286133418959e+01
6.564586400920130416e+01
6.299777159883339550e+01
6.918041557406866104e+01
6.630596509306411690e+01
6.294855699421927397e+01
5.981159707983772478e+01
5.868377424851416890e+01
5.534567411579489260e+01
5.399748161590058260e+01
5.759747894632458554e+01
6.515131144795707030e+01
6.061164559432467058e+01
6.532519708440578654e+01
6.275412366104063722e+01
6.731836559162157130e+01
5.976561506297433368e+01
5.551211608172181400e+01
5.965944350918913130e+01
6.380004681658610366e+01
5.971529057349778213e+01
5.738769146990776449e+01
6.395128643381276845e+01
6.877259086415782008e+01
5.333093629739809671e+01
5.613740258292321528e+01
5.738347655617059218e+01
5.561986064277142816e+01
5.612562398459397173e+01
5.688889918255352995e+01
5.956149970464103660e+01
5.870202420947013877e+01
5.672933565713005066e+01
4.776965915363680892e+01
4.783965870203579129e+01
4.932405341757407768e+01
5.176307900129404516e+01
5.079901684426104680e+01
5.118951004626808299e+01
5.143294149797537784e+01
5.264014068625444054e+01
5.789578532475958639e+01
5.200329703903742029e+01
5.224527162247295564e+01
5.019750215512934233e+01
4.765250408933241033e+01
5.170374358353979005e+01
5.206766982526016818e+01
5.238217366816319043e+01
5.718550138244437164e+01
6.122053864620104946e+01
5.858704966662281777e+01
5.560753137053788464e+01
5.852653364721598450e+01
5.496012931014699632e+01
5.680816329626318861e+01
6.154839663888245127e+01
6.361197544581017382e+01
5.842278138537415089e+01
5.818927350478323035e+01
5.617468054089515306e+01
6.129200599309007202e+01
6.112469507732980389e+01
6.522888449915292597e+01
6.519192478561801352e+01
6.286523303158513443e+01
6.493169305258732038e+01
7.413323810022032490e+01
6.838193226929523405e+01
6.681511207721025869e+01
6.801067657690428803e+01
7.436103462010868270e+01
7.267643773657570705e+01
7.002599573749479589e+01
7.342193813011735415e+01
7.214489847614076723e+01
6.164848571122308840e+01
6.293111057066050762e+01
6.334624511535234603e+01
6.720038380569603476e+01
6.263234899357280483e+01
6.929371165515863140e+01
6.756356763413505462e+01
6.351531491351653358e+01
6.491891717925206251e+01
6.651428675799900248e+01
7.003987841613894716e+01
6.885636944660373615e+01
7.193240403731290655e+01
7.097447013364026702e+01
7.449939612180959614e+01
7.144163862385573793e+01
7.237467367938369023e+01
7.310058627363655148e+01
7.097355119590945094e+01
7.010544557758140627e+01
6.792811663067662664e+01
6.693599623531271448e+01
6.496607032096996193e+01
6.840124287419989457e+01
6.977148616358566358e+01
6.759714743527813141e+01
6.924220491077511497e+01
6.282895087937754397e+01
5.943041229201512010e+01
5.956151354773300000e+01
6.608937388460570617e+01
6.560634397105803828e+01
6.266216937765972261e+01
6.166909380380025141e+01
6.765313136265609728e+01
6.334889737764505924e+01
6.606569968762789813e+01
6.715638483606319653e+01
6.723946983960085788e+01
6.294871523023721238e+01
6.235933683227875690e+01
6.051906460196251203e+01
6.084122632410613107e+01
5.951569510094039117e+01
6.488248884962045793e+01
6.297996854203863393e+01
6.086872671563689607e+01
6.077099328115673416e+01
6.394112620368034072e+01
6.489682126621772795e+01
6.156891018050622222e+01
6.794249545117108369e+01
6.885102440271218427e+01
6.920811026984222281e+01
7.268042420973526418e+01
7.137618082297666433e+01
7.035381189339199182e+01
6.490303285205168038e+01
6.187190897381832144e+01
6.553778656753033260e+01
6.882902435561790355e+01
7.143758670991061877e+01
7.450706687236133519e+01
7.245567963326544714e+01
7.330802057879107281e+01
7.327413714814257162e+01
6.967281263553221038e+01
7.747258263726480720e+01
7.745400514155765848e+01
8.034251274870221948e+01
8.002809291936110014e+01
8.065872122176045877e+01
7.582175049498016506e+01
7.810407049970118010e+01
7.415291314188002048e+01
6.934331356527246726e+01
7.029060251968867590e+01
7.273577897436319972e+01
7.243010259944158236e+01
7.349548875670303971e+01
6.874337019730313614e+01
6.746159965564325489e+01
6.822261552075778468e+01
6.856298413379380463e+01
6.378971628418706530e+01
6.997647316132119499e+01
6.516544622255254637e+01
6.663248116437186752e+01
6.399185429586592022e+01
5.860277341136868756e+01
6.169373592353959168e+01
6.156244649336015584e+01
6.146120832843561743e+01
6.340645901815210550e+01
6.605339412245504604e+01
6.448132321697346470e+01
6.310090660831137654e+01
5.889276112240295902e+01
6.160413247644405033e+01
6.478973221093573898e+01
5.947316482561757311e+01
5.981768120059533089e+01
5.357347570361599765e+01
5.535027992291114174e+01
4.828095963265681689e+01
4.959977506727702234e+01
4.689141549667749587e+01
5.261244915841892578e+01
4.692679977951391379e+01
4.674825928683702614e+01
4.590133037274011940e+01
4.764348129592198688e+01
4.548877225341487929e+01
4.212832824309347757e+01
4.047274336746613699e+01
3.882536963709463862e+01
3.889332770463144584e+01
3.487102487615766222e+01
3.995366774239960250e+01
4.777900124202949428e+01
4.765741850641711608e+01
5.577480781332319282e+01
5.072809199112427336e+01
5.185676024971277798e+01
5.086118213733365678e+01
5.510474301797734142e+01
5.279046169309883396e+01
4.388802584529349815e+01
4.957688564241979634e+01
5.245886734341142699e+01
5.021131430538704876e+01
5.150111852981063976e+01
5.541908958542205710e+01
5.397842337887996678e+01
5.650814169022224576e+01
5.649806488347053346e+01
5.208687561227380058e+01
5.068140528786196342e+01
4.814841837921460410e+01
5.004967593645088186e+01
4.718239305711128395e+01
4.606777169563201824e+01
5.145639140051301297e+01
5.100524851001335946e+01
4.635712780796768584e+01
5.240481358846172100e+01
4.788179037879623934e+01
4.719358180173961159e+01
4.919352241579824181e+01
4.626056640260469521e+01
4.476977134998898578e+01
4.730302611220702147e+01
