nan
nan
nan
nan
nan
nan
nan
nan
1.779487816828349764e+02
1.742720831298460382e+02
1.722492984857718739e+02
1.711151561546507764e+02
1.698561695993888350e+02
1.682141441934883233e+02
1.669438407336928947e+02
1.659067972766768264e+02
1.648106962626681025e+02
1.637605632406310008e+02
1.625754809916321335e+02
1.615152760158282490e+02
1.606796219526801508e+02
1.597854511120969221e+02
1.589975645727253948e+02
1.580460795148079285e+02
1.572253834051502395e+02
1.563832513355180822e+02
1.555389092865766827e+02
1.547775436399444118e+02
1.540241294363778479e+02
1.532865760944664260e+02
1.526467285605231439e+02
1.520179340134555730e+02
1.511955091529810886e+02
1.504591564637090642e+02
1.496128445767383539e+02
1.489245846336013130e+02
1.482596827162039119e+02
1.477976183651728661e+02
1.471486670883575130e+02
1.465767038935797189e+02
1.459408456484758290e+02
1.453426675499842702e+02
1.446920636439332384e+02
1.440864927030103217e+02
1.434021068156671674e+02
1.428365254575675749e+02
1.422557416514700890e+02
1.417427035259162835e+02
1.412789400031634557e+02
1.407864019139007326e+02
1.402104086714280982e+02
1.397003008362367780e+02
1.392982536992726921e+02
1.386478319464467859e+02
1.383015225399480244e+02
1.377778016171813533e+02
1.373390048321806489e+02
1.367301682482183764e+02
1.363243853263258529e+02
1.359112235762857210e+02
1.355721673747723628e+02
1.350744027474318614e+02
1.346685835060230261e+02
1.341927331269786521e+02
1.337385081546212007e+02
1.332180644442855453e+02
1.327957065254232703e+02
1.323482205742173790e+02
1.319445974551020697e+02
1.313866931770898816e+02
1.309628472084486077e+02
1.304414117211483983e+02
1.301331377309709012e+02
1.297036315259299784e+02
1.291780990915723635e+02
1.286746094870502475e+02
1.282963037794294792e+02
1.280006047129124056e+02
1.274727051752865918e+02
1.271528933201302465e+02
1.266625255146981601e+02
1.262706078769775075e+02
1.258352798521000011e+02
1.255433433803862897e+02
1.251818853208961286e+02
1.248228565477812282e+02
1.243948177955927861e+02
1.241015727752632074e+02
1.237180045674533062e+02
1.236016628375869146e+02
1.232840661908851985e+02
1.231013998219207792e+02
1.227695000051884335e+02
1.224851213621753914e+02
1.223084177865042790e+02
1.220631025272230801e+02
1.217367683009329227e+02
1.215518995559489497e+02
1.211873505966517257e+02
1.209356753902647057e+02
1.207563714338123333e+02
1.204484396163880291e+02
1.202001854522109028e+02
1.198029199790024109e+02
1.194748388931241294e+02
1.190771848919104627e+02
1.189636083288126542e+02
1.186109143728399147e+02
1.181607980761602192e+02
1.177938957320244668e+02
1.176256518393048367e+02
1.173619672921992390e+02
1.170409173805654603e+02
1.167450952055416735e+02
1.164895218414963978e+02
1.160786114238460698e+02
1.157625433982183836e+02
1.154194370523149900e+02
1.152006276535237816e+02
1.149168438642979879e+02
1.146250412033611070e+02
1.143050414662523622e+02
1.141388364487696094e+02
1.137809944515684322e+02
1.135295451548526984e+02
1.133307174361893175e+02
1.131207921475127307e+02
1.127714963262444314e+02
1.126577831222730168e+02
1.124100878067644800e+02
1.121701355538656202e+02
1.119703627798737244e+02
1.117442364628906546e+02
1.114471463616947062e+02
1.111792677584519282e+02
1.109348663629448026e+02
1.106103930254848962e+02
1.104305329142140550e+02
1.102040768924624814e+02
1.099133331547508305e+02
1.096915853689265958e+02
1.094627775985251645e+02
1.092331811450378467e+02
1.089824227714829448e+02
1.089317159542829785e+02
1.086625613080910142e+02
1.083781217742707668e+02
1.083051338946310551e+02
1.079696469866283195e+02
1.077803070728881778e+02
1.077270510310675178e+02
1.074675397119294331e+02
1.072877118926368496e+02
1.071252965659325156e+02
1.069127684762758292e+02
1.068952450028420316e+02
1.066492735379100623e+02
1.064836901065440316e+02
1.063227134786473158e+02
1.062749645330422794e+02
1.060271940297196380e+02
1.058978006096985069e+02
1.056579959995230809e+02
1.055014004887950421e+02
1.054210271558795711e+02
1.052576140980119987e+02
1.051240277991046952e+02
1.048286690665666612e+02
1.047854744532384927e+02
1.046308335961117848e+02
1.044337942232224350e+02
1.043578664233532294e+02
1.042484283698816228e+02
1.042066640647049240e+02
1.040494897844935593e+02
1.038990170966097679e+02
1.038153144879171492e+02
1.037237916573727574e+02
1.035683860306059643e+02
1.034777528241807687e+02
1.032284357112852859e+02
1.031804889941181784e+02
1.029683972050724492e+02
1.028365108359789417e+02
1.027257370822196094e+02
1.025326274661740911e+02
1.023336261722250384e+02
1.021563824642930172e+02
1.019367866427744929e+02
1.017201088367581860e+02
1.015737573139921892e+02
1.014176975737465085e+02
1.011069811657133215e+02
1.010125977171821319e+02
1.008659695042161388e+02
1.006557280703412118e+02
1.005251568281090613e+02
1.003571701341996629e+02
1.001677608406897377e+02
1.000329874412552584e+02
9.980028393029949996e+01
9.971478117971993527e+01
9.961802303062292197e+01
9.942262990331384742e+01
9.922133475089920296e+01
9.912979664452751649e+01
9.901667494909882805e+01
9.880914052061241648e+01
9.857231237100394594e+01
9.841700708073500437e+01
9.831037569452672642e+01
9.822593914380374258e+01
9.803806044833345368e+01
9.777731649769536659e+01
9.768448831797901732e+01
9.742661136986674819e+01
9.727189192135388396e+01
9.710232703609432292e+01
9.686791187171515105e+01
9.659675865017726437e+01
9.647722843480656252e+01
9.624342229044614783e+01
9.604484695584817189e+01
9.575995997486305100e+01
9.562838912004973224e+01
9.546998654054168298e+01
9.517888020904318580e+01
9.511329369109776621e+01
9.493409735131974969e+01
9.492914295502944810e+01
9.483003006922710654e+01
9.475402648904886860e+01
9.465223016501006725e+01
9.459089788662305409e+01
9.441568731868166253e+01
9.434024508546447407e+01
9.421241162111935807e+01
9.420746977030086100e+01
9.405242206736664912e+01
9.398111853133197258e+01
9.401340561698627596e+01
9.392597713357105249e+01
9.382864443291990142e+01
9.372058180663736948e+01
9.353994367726402004e+01
9.340805682967609869e+01
9.328687159901731718e+01
9.314569731576843026e+01
9.295895310199325934e+01
9.284283129008598223e+01
9.275844979138781810e+01
9.262335781406699198e+01
9.256317200854930149e+01
9.244519061576190211e+01
9.228428907164726525e+01
9.218125940701293075e+01
9.202059934102321392e+01
9.182794773523733056e+01
9.161926003593944756e+01
9.140792046352621014e+01
9.120562191764358317e+01
9.104220577531829406e+01
9.083855077731907102e+01
9.069123186391361457e+01
9.046492737066820666e+01
9.030833305802580924e+01
9.028968744496485499e+01
9.016120484903562726e+01
9.006267961744394768e+01
8.998517086876212545e+01
8.989834534839815205e+01
8.985893676824487386e+01
8.968348615173651694e+01
8.963706135151532806e+01
8.957766844848183041e+01
8.940271901642242369e+01
8.938549329430531998e+01
8.926954950606074135e+01
8.918491877658730971e+01
8.903719953298210044e+01
8.895234696499146310e+01
8.882656381982296523e+01
8.869738226573221596e+01
8.856157320804878452e+01
8.840911398212382721e+01
8.820760739983130350e+01
8.811786739838063909e+01
8.800737731812236575e+01
8.776260234221416567e+01
8.764934819495394436e+01
8.752387272395945672e+01
8.738082754119054130e+01
8.731058509708122983e+01
8.713002294145826454e+01
8.708171113879703285e+01
8.686811326345738848e+01
8.675292404009299219e+01
8.661982092892591822e+01
8.644193034085354554e+01
8.635689026864402251e+01
8.624188520888858989e+01
8.618370636600076296e+01
8.614496123936714866e+01
8.603306937891773032e+01
8.597876892268671156e+01
8.594505553288355770e+01
8.586896775539143789e+01
8.576338384026374229e+01
8.572853223293338942e+01
8.557034200360675413e+01
8.544669038870829070e+01
8.532640806326855909e+01
8.524592828580648529e+01
8.511496936622062037e+01
8.498138404660743106e+01
8.482362202490314473e+01
8.469056825656926435e+01
8.456952703032666818e+01
8.439192886704837804e+01
8.424910259799597156e+01
8.405682877825157107e+01
8.393153765172154124e+01
8.384302805297413386e+01
8.372118132441140403e+01
8.360427656704776211e+01
8.352717161491150932e+01
8.338870650475887203e+01
8.326081484510953601e+01
8.325961530006459554e+01
8.318735526407520808e+01
8.317228739173408769e+01
8.314682572666458782e+01
8.309715161621592472e+01
8.300768569258384844e+01
8.308333439410658627e+01
8.301989947578131535e+01
8.295124216202778200e+01
8.290895191326785607e+01
8.280694070781434846e+01
8.279917736236151882e+01
8.266235035216244853e+01
8.263088700197003789e+01
8.258480705333694516e+01
8.258211934464574711e+01
8.251091575812561985e+01
8.247255972377767819e+01
8.245813495493244716e+01
8.246394078190519394e+01
8.247143593450412880e+01
8.238175881680182044e+01
8.241584071526860100e+01
8.238559691155812459e+01
8.223690604395150672e+01
8.221507316979074176e+01
8.214320092011585928e+01
8.206319751791350825e+01
8.202375149068075189e+01
8.195726482676360547e+01
8.192328014214882614e+01
8.179669911297247609e+01
8.179963062666470819e+01
8.169353086969661604e+01
8.154681100518997994e+01
8.150842806067349500e+01
8.147833403117957118e+01
8.133546189657933212e+01
8.122849385314215453e+01
8.119878088866946086e+01
8.112661453123116928e+01
8.107559082052047472e+01
8.105240129733863341e+01
8.087010080109232035e+01
8.081927286578918768e+01
8.068731210387718988e+01
8.064771617774599122e+01
8.054858323886890048e+01
8.037693090788897621e+01
8.027150460176926572e+01
8.014413397584611687e+01
8.001317248481666411e+01
7.988433550091480129e+01
7.975927891950723847e+01
7.958613005415354280e+01
7.942802742713982411e+01
7.933607474926066061e+01
7.919697331280116259e+01
7.907423341180113141e+01
7.893532357873888827e+01
7.886674646454392246e+01
7.878498921904170516e+01
7.866361324638101848e+01
7.852464112010913766e+01
7.836501844207954548e+01
7.828150255297957472e+01
7.812116833392875037e+01
7.802055869217207373e+01
7.791697993615019868e+01
7.775356551664513916e+01
7.768846721771886621e+01
7.757954940533598176e+01
7.746144411240324246e+01
7.742518292689420889e+01
7.728267793835532018e+01
7.721487347934996137e+01
7.714744846264041200e+01
7.702462250863376880e+01
7.694546779764702649e+01
7.686826871302648101e+01
7.675613591290897375e+01
7.672635298727615805e+01
7.665489359225905730e+01
7.654856359551537537e+01
7.644240746096993178e+01
7.633807536600986055e+01
7.628681816205126154e+01
7.623146338920732035e+01
7.613404667330783582e+01
7.600562209385324763e+01
7.595799793571521263e+01
7.586148328792597795e+01
7.576226158165056290e+01
7.576585656407547731e+01
7.566931896503778887e+01
7.559719166257806933e+01
7.555651496896517472e+01
7.546316132930462572e+01
7.533218437653944477e+01
7.526955409638142669e+01
7.525463009262917069e+01
7.520530068247063582e+01
7.511813928160859177e+01
7.510221647677599321e+01
7.497780552477196636e+01
7.492026830180520847e+01
7.490381833344743256e+01
7.489148418664576923e+01
7.483726128087990048e+01
7.483115063367590380e+01
7.479010771312331940e+01
7.476280416235495352e+01
7.467630606279313099e+01
7.465505350637005222e+01
7.455879123511672901e+01
7.447374667095631651e+01
7.435244303356617479e+01
7.427262447890143449e+01
7.417657954546480426e+01
7.406578383585859626e+01
7.399038965377023658e+01
7.389768669022353720e+01
7.375924570056146479e+01
7.369244283155364883e+01
7.354930177654354395e+01
7.353057109982911754e+01
7.342513175988084129e+01
7.335733937770491764e+01
7.327887268274382393e+01
7.310376520892241103e+01
7.306379750481761448e+01
7.295324831791093345e+01
7.289941511354487602e+01
7.283884783584495892e+01
7.277786866457635995e+01
7.264096995150380565e+01
7.264328181452442834e+01
7.254567441150474849e+01
7.251944721049549969e+01
7.247716528942223135e+01
7.247570558024342802e+01
7.250371158408465533e+01
7.249547309882628099e+01
7.249170385242811676e+01
7.247855350391370166e+01
7.245011338221625863e+01
7.243117367597270118e+01
7.235655698897650723e+01
7.229020155298896100e+01
7.218770894209720268e+01
7.204819036908354235e+01
7.197368006633007553e+01
7.188025850573278319e+01
7.175519821591974789e+01
7.169344655949964817e+01
7.165455235060153427e+01
7.152626223897829050e+01
7.150772854651918919e+01
7.143689269491127902e+01
7.132963625957133047e+01
7.132216012726702559e+01
7.120264636419925353e+01
7.115415853407881741e+01
7.112885399337437775e+01
7.108260715716134825e+01
7.105595537537011808e+01
7.099427528063698389e+01
7.091864682997191949e+01
7.086835291178717000e+01
7.086602238294265987e+01
7.086988811135965705e+01
7.083997889259802605e+01
7.084683389991022295e+01
7.081451411071671487e+01
7.075210519399220743e+01
7.069518537337195596e+01
7.053554511867110932e+01
7.048590890265403175e+01
7.041510854494215721e+01
7.033595421625184940e+01
7.026254853792167410e+01
7.019121563635755479e+01
7.010772917409154559e+01
7.000146829906265111e+01
6.991124372007487864e+01
6.990527148275998570e+01
6.982360244895448886e+01
6.977121534244001566e+01
6.970627759484074204e+01
6.959724076285908723e+01
6.953234285275992477e+01
6.949777035126776070e+01
6.946311886587939455e+01
6.948388112013766715e+01
6.946346146377941011e+01
6.950373690246513547e+01
6.951345487263252210e+01
6.953163796272454533e+01
6.943053240805126336e+01
6.930910174530349366e+01
6.931863910687062003e+01
6.930955049245105215e+01
6.926315862216719665e+01
6.920657011855881535e+01
6.918896135253518764e+01
6.917426101522427473e+01
6.908090928875768100e+01
6.912754507688511296e+01
6.902371567689570497e+01
6.896906175073060297e+01
6.896041792477605270e+01
6.889918018450939030e+01
6.876519055443428385e+01
6.864242751958406075e+01
6.852650490950330209e+01
6.848803674623424342e+01
6.838330966484203088e+01
6.832109752003263736e+01
6.828288675331914703e+01
6.820656906254259866e+01
6.819142669333179185e+01
6.818722044144786310e+01
6.817608115696590687e+01
6.814042072314164500e+01
6.809344780423798227e+01
6.813316179743027590e+01
6.805643104252813202e+01
6.796456447292702308e+01
6.793277554211829283e+01
6.789312716093296274e+01
6.785031063102456983e+01
6.785314152840784629e+01
6.784038008053101976e+01
6.773636974398266375e+01
6.770749503630989352e+01
6.765951934141718027e+01
6.765638660123619275e+01
6.758375117743611327e+01
6.757822129927062349e+01
6.752937290343309940e+01
6.749543519877944675e+01
6.745633901979655889e+01
6.749438902666815920e+01
6.745715758657689776e+01
6.743473853050556954e+01
6.743454649990870564e+01
6.738639804269659805e+01
6.732452690011163554e+01
6.734194709733954198e+01
6.733404508799571886e+01
6.733809935436205762e+01
6.732766749597259093e+01
6.728631047772041995e+01
6.727183218500206863e+01
6.727051173554050933e+01
6.726846315209034799e+01
6.728307855023517448e+01
6.730272922973176719e+01
6.732980801829262418e+01
6.737269948553175425e+01
6.739146427115383631e+01
6.742227148762026445e+01
6.747044747193093883e+01
6.746963488847865165e+01
6.746902599412396739e+01
6.744286057004337920e+01
6.747363838284070425e+01
6.749294372420186505e+01
6.751851446522265121e+01
6.746504857299120772e+01
6.743377558653611459e+01
6.748039160115664004e+01
6.748610238279044893e+01
6.750592689864119222e+01
6.751108271007801420e+01
6.747384088569253890e+01
6.747339094314119734e+01
6.750030944119775711e+01
6.744838247495815153e+01
6.744715045292819866e+01
6.741695707306966767e+01
6.738199187243479571e+01
6.737456358886238661e+01
6.732702169010632076e+01
6.734590480409772795e+01
6.731388052228770391e+01
6.725588519993605985e+01
6.719286508967525151e+01
6.719191226223392732e+01
6.713444072385610184e+01
6.708159864874168932e+01
6.707329767325441594e+01
6.699287633310764534e+01
6.694894787919318446e+01
6.687209260734098848e+01
6.684421729290045278e+01
6.684433606947983719e+01
6.675817637416604100e+01
6.671884449902941583e+01
6.662585966800472193e+01
6.651110853147851287e+01
6.648639132240330696e+01
6.639503457901822969e+01
6.631057930359601471e+01
6.624878805860248576e+01
6.620331734823481895e+01
6.615338115791867324e+01
6.612830808615245815e+01
6.607138189464863842e+01
6.603079523599741663e+01
6.593008528476335073e+01
6.590046980002165355e+01
6.586493468370321125e+01
6.580729031740393964e+01
6.577653952330572906e+01
6.567297566291651378e+01
6.562697631745528781e+01
6.558739066861852507e+01
6.547954935006079324e+01
6.539603941939533627e+01
6.531247942690220043e+01
6.520784295044771284e+01
6.509841161705948309e+01
6.500030481149471484e+01
6.493358172259431171e+01
6.482881198244346876e+01
6.478390451281430273e+01
6.471186986140700981e+01
6.464823678156551523e+01
6.461342206457690907e+01
6.464680298454260310e+01
6.459598870014437466e+01
6.464675835812207083e+01
6.460313213735337001e+01
6.463136547213480299e+01
6.456765354535765766e+01
6.455606068478984128e+01
6.450963486855636120e+01
6.445782970452593474e+01
6.444983994648501380e+01
6.442963878411515566e+01
6.445316185508600881e+01
6.437429236211978889e+01
6.430565356437352875e+01
6.425239342716085389e+01
