8.788669378367873719e+01
8.919179050844368817e+01
8.709377132137726107e+01
8.725464552820035635e+01
8.858070980536096783e+01
9.020083161591986709e+01
9.116060235338562734e+01
9.183644509378216014e+01
9.262056552289161004e+01
9.316221176929323633e+01
9.353263921269778791e+01
9.409087856743751388e+01
9.467439583335270470e+01
9.512971737911109926e+01
9.545391044624778942e+01
9.573360539619443443e+01
9.618935028131346598e+01
9.671829606202544483e+01
9.693743862684705448e+01
9.723495189312355080e+01
9.751886997987917027e+01
9.802738089848202208e+01
9.825789643682800545e+01
9.870682067095356160e+01
9.922207521957933807e+01
9.975598541868731672e+01
9.999355984183910095e+01
1.002189732417341901e+02
1.005549358419174411e+02
1.009191749099303053e+02
1.012978278853047271e+02
1.014226066373538941e+02
1.016685241715932477e+02
1.017986047302118919e+02
1.021027390771482573e+02
1.024934554896262000e+02
1.026940395782882831e+02
1.030278443213811101e+02
1.033566514305015431e+02
1.039505788021413792e+02
1.042104153094939534e+02
1.045313358909572372e+02
1.046900599681213748e+02
1.051540089715097537e+02
1.053474405491589749e+02
1.055923140833126581e+02
1.058518708601640697e+02
1.060242746987001254e+02
1.062641874358875640e+02
1.064713172114884685e+02
1.066785981090111051e+02
1.067465180818660144e+02
1.068345105051838999e+02
1.070093156627656867e+02
1.072718339255558107e+02
1.075394276200624404e+02
1.076919632061600396e+02
1.079284072931931178e+02
1.080265774745217016e+02
1.080946879871362967e+02
1.084073841952829298e+02
1.086196708898375647e+02
1.088374858458244603e+02
1.090399889992976341e+02
1.092450326641264127e+02
1.094029526180435141e+02
1.094702172962572604e+02
1.094748826649117461e+02
1.095816266253291644e+02
1.097225577418361553e+02
1.098485955449526017e+02
1.099115741923350811e+02
1.100922414902707231e+02
1.101278103397053059e+02
1.102241903272418710e+02
1.102874562171233634e+02
1.106175062176807842e+02
1.109722314417223572e+02
1.112027161888988900e+02
1.113549496570166326e+02
1.115190966977865941e+02
1.115863522496118918e+02
1.116588647335388345e+02
1.117761569584065882e+02
1.117526597986890380e+02
1.117256345604294552e+02
1.117548273678500124e+02
1.117724294981468063e+02
1.118864512382968428e+02
1.118638423906176484e+02
1.119180790654930746e+02
1.121329355258306606e+02
1.121093424675201788e+02
1.122097027471642292e+02
1.122307990354636047e+02
1.123445006574301175e+02
1.125004641154051939e+02
1.125943534378028374e+02
1.128413634753454602e+02
1.130906440555076102e+02
1.133544228032643275e+02
1.135928159597393545e+02
1.136442466286962656e+02
1.137999319990599218e+02
1.137342324728607537e+02
1.137464143526941740e+02
1.138575655928240451e+02
1.139669914972850506e+02
1.140167438654498682e+02
1.141997361214271791e+02
1.143474795619877682e+02
1.144613613929798817e+02
1.144679662213052325e+02
1.145194219695834903e+02
1.145845001363339009e+02
1.145102662054549967e+02
1.144003543926784374e+02
1.144571231386255903e+02
1.145634380783862696e+02
1.146359782152239575e+02
1.146834653501749131e+02
1.147416704770572409e+02
1.148000633429904980e+02
1.149352612591608676e+02
1.149994338615166640e+02
1.151833991458727837e+02
1.153696882135044177e+02
1.156283574031392192e+02
1.158195112578550976e+02
1.159782250647706832e+02
1.160379738919078676e+02
1.160938114744859178e+02
1.161478727326989855e+02
1.161709254772650013e+02
1.161948851007982739e+02
1.161682332386483409e+02
1.161811878117446497e+02
1.163740693765930274e+02
1.164386636656072653e+02
1.165826590484988117e+02
1.166365919769749837e+02
1.166855353104019315e+02
1.168491948279550741e+02
1.168403813916320075e+02
1.168848584214835142e+02
1.169908686251887815e+02
1.171147306083316835e+02
1.170671649628293380e+02
1.170480109004892597e+02
1.170669580882809271e+02
1.171626635071602465e+02
1.172180674789165522e+02
1.172597073574720241e+02
1.171875511717122009e+02
1.171898715120454142e+02
1.172796493646468150e+02
1.174405136704889401e+02
1.174942042527205928e+02
1.174524726062584392e+02
1.176050452668663837e+02
1.178173760643246624e+02
1.179576179084174186e+02
1.180379426724963565e+02
1.181856500852447880e+02
1.184297161245731616e+02
1.185891696187648989e+02
1.185936913762936342e+02
1.187633710412662822e+02
1.188521581604835546e+02
1.189154657714617684e+02
1.190838481032268561e+02
1.191543035970068729e+02
1.191581444101459226e+02
1.190247585780545023e+02
1.190967897125305086e+02
1.190900329410769700e+02
1.191429395118165502e+02
1.191312376458936910e+02
1.192375666812198745e+02
1.193889893357949887e+02
1.193885986922961564e+02
1.193486723292679841e+02
1.195571717860313754e+02
1.194943251179041397e+02
1.195171646970897967e+02
1.195451514084228677e+02
1.195990327184003945e+02
1.196135502006228108e+02
1.195091015516942718e+02
1.195935769377021956e+02
1.195932777602737360e+02
1.196686764928483910e+02
1.197505152967522832e+02
1.198004339227361186e+02
1.199439654514782490e+02
1.199184320644844064e+02
1.200322981516340946e+02
1.200571921790107695e+02
1.200555980851082865e+02
1.203084572663197349e+02
1.203962613276960951e+02
1.204966956626597323e+02
1.205692395833226840e+02
1.205601304174050910e+02
1.206992863184423754e+02
1.207795559149986673e+02
1.208300080481369321e+02
1.209664896980122251e+02
1.211502179741258800e+02
1.211761215445892503e+02
1.210726898766192647e+02
1.211415549774968099e+02
1.211527038598990771e+02
1.213538482870360866e+02
1.214097122819689929e+02
1.214331389152743839e+02
1.213934299022944572e+02
1.214138183547671161e+02
1.215750060696486656e+02
1.216092746157956697e+02
1.216800874373761872e+02
1.217617178386712595e+02
1.217385529251467631e+02
1.217781478793687455e+02
1.217987387980419669e+02
1.217921858111750169e+02
1.218876845152702231e+02
1.219127544843188105e+02
1.219843231081584207e+02
1.220335273466970278e+02
1.220481455235882891e+02
1.220290483047226644e+02
1.220159030937098947e+02
1.220203588197138913e+02
1.220628388360304797e+02
1.220722864293106511e+02
1.220921696056685448e+02
1.221455361578637309e+02
1.222080331573132526e+02
1.221250972215849657e+02
1.221510464016850221e+02
1.221689497809313281e+02
1.222088012254967140e+02
1.223721640445688337e+02
1.224578460535468309e+02
1.225305220836677478e+02
1.225278036619519355e+02
1.226749830068366833e+02
1.226915692312021378e+02
1.227250683889359237e+02
1.228237959861598796e+02
1.229509165217928768e+02
1.227889397940338654e+02
1.227693651844094802e+02
1.229235554056814834e+02
1.230060296056950762e+02
1.231501010164874970e+02
1.232039133209884909e+02
1.232032828187191029e+02
1.233199976362443380e+02
1.233341810683742210e+02
1.234647592057745982e+02
1.235012713380804428e+02
1.237024153565997011e+02
1.237432920670013914e+02
1.236429836555898021e+02
1.238157268199047678e+02
1.238011290472883701e+02
1.237998553087837195e+02
1.237876282688506819e+02
1.237510008014660627e+02
1.238004742030541792e+02
1.237927549248044556e+02
1.236929085622267763e+02
1.237672623359282653e+02
1.237940311756840401e+02
1.237546640108456870e+02
1.238459915604343564e+02
1.237935959891959925e+02
1.238514031734990937e+02
1.238579004272098274e+02
1.238206081366853084e+02
1.238702266733770045e+02
1.239751220171244199e+02
1.240711400832828275e+02
1.241858133513380835e+02
1.242267949472066135e+02
1.241684635271638086e+02
1.241673894467204917e+02
1.241120539761621302e+02
1.241696258748835362e+02
1.240959436460333905e+02
1.241097095744257075e+02
1.241596959809562151e+02
1.241314446141944217e+02
1.241956359100129816e+02
1.243672858924350209e+02
1.245088159044057932e+02
1.245588800553288706e+02
1.245682868566405119e+02
1.245910727030357776e+02
1.244781316173826724e+02
1.245766272970253254e+02
1.246781545705216274e+02
1.247832544810436843e+02
1.247613129289603933e+02
1.246633803246761971e+02
1.246426671520409855e+02
1.246216502117373892e+02
1.247818857362069309e+02
1.248127492128043059e+02
1.249097037342103818e+02
1.249644319893303077e+02
1.251060689763394009e+02
1.251188155338354733e+02
1.251860746754142752e+02
1.253372345761042652e+02
1.254166842605574601e+02
1.254368850065691134e+02
1.255018168905472322e+02
1.256426464601527755e+02
1.259310007472987820e+02
1.258961812555627091e+02
1.258941805166103194e+02
1.258251663991006097e+02
1.259202870252992170e+02
1.260788068599358382e+02
1.261899215956971290e+02
1.262354306311847836e+02
1.262464386968824499e+02
1.261823175614049717e+02
1.260687533986433095e+02
1.261248191874555431e+02
1.261634821854625130e+02
1.261539544029983944e+02
1.261548339586818059e+02
1.261997753398307935e+02
1.261952345462447340e+02
1.262897132240957347e+02
1.264161457998200291e+02
1.265575714654788300e+02
1.266421031443816076e+02
1.265896636280269689e+02
1.264558874909549360e+02
1.264722335989149542e+02
1.264596216441167371e+02
1.265135501013956087e+02
1.265226473928787101e+02
1.265246286629035097e+02
1.264181655821573571e+02
1.264472044022788850e+02
1.264184108747232500e+02
1.265278004871952930e+02
1.264711856066733731e+02
1.265302751500296523e+02
1.265297017267329238e+02
1.265683064789116941e+02
1.267285551970633719e+02
1.267078237759751573e+02
1.267066996463664594e+02
1.267633023361128295e+02
1.268382547494256301e+02
1.268971698122579852e+02
1.268690246806844613e+02
1.269202709303301191e+02
1.269496309204360927e+02
1.269184677073704819e+02
1.269872709889846618e+02
1.269750664249428098e+02
1.271276622747971743e+02
1.273002137858253064e+02
1.274180128610487372e+02
1.274658487762299615e+02
1.275639181845735521e+02
1.275042972829288601e+02
1.275541291119777583e+02
1.277152108942541844e+02
1.276378413629416713e+02
1.275288924006332110e+02
1.274912947972689068e+02
1.275290465502154831e+02
1.277253960584748853e+02
1.278140252616634029e+02
1.279053698523270555e+02
1.278466916159042910e+02
1.278386841946036299e+02
1.279420427705011889e+02
1.279473662815964587e+02
1.279444818217107240e+02
1.280726606807183714e+02
1.279691111753746355e+02
1.281083260523341210e+02
1.281822763501386646e+02
1.282251490341107854e+02
1.282168906634824452e+02
1.283294707685671483e+02
1.284398720004659253e+02
1.284229723588984200e+02
1.284407908706334922e+02
1.284195406917507967e+02
1.285575506284401968e+02
1.284830154640457920e+02
1.284388919071569433e+02
1.286039982878864691e+02
1.286723845816620155e+02
1.285865542351511124e+02
1.286212383352925031e+02
1.287327331143391405e+02
1.288423344990991950e+02
1.288922019952474614e+02
1.289367240612903345e+02
1.289897116400735229e+02
1.290714110178471969e+02
1.292010076023247791e+02
1.291563480013619767e+02
1.290244992401902664e+02
1.289336438226279427e+02
1.289562961642702135e+02
1.290167903391457003e+02
1.290188779711936036e+02
1.289886378954800250e+02
1.288477382821402841e+02
1.288387308291426052e+02
1.288919624477724994e+02
1.289046268474898511e+02
1.289671407828762710e+02
1.289426424654025425e+02
1.290050744564277068e+02
1.289006508916837674e+02
1.289829862652430847e+02
1.290176816226195342e+02
1.291334910924371968e+02
1.291824043178650925e+02
1.290440571444488000e+02
1.290395459483819707e+02
1.291421779739551141e+02
1.291577526040271664e+02
1.291593134633546640e+02
1.291449990944994966e+02
1.291979352046665497e+02
1.292398419174723188e+02
1.292201770048761489e+02
1.291414438566156093e+02
1.291501796524558472e+02
1.291340263420490828e+02
1.290948688292766633e+02
1.291605107799331620e+02
1.292153800664866026e+02
1.291312014828289989e+02
1.293026643666517543e+02
1.294135481519044220e+02
1.295214850443851731e+02
1.296025428801958981e+02
1.296471532501724084e+02
1.297485714130251324e+02
1.296702466807684289e+02
1.295264390771167484e+02
1.297186950382732391e+02
1.296932793696831538e+02
1.297310126010474960e+02
1.297040553695840401e+02
1.298837731213160964e+02
1.300700147326942329e+02
1.301010142838588592e+02
1.301062217178373146e+02
1.301289086611708967e+02
1.302199942203419880e+02
1.301415691948146787e+02
1.301443566927084987e+02
1.304262411984765890e+02
1.304182892434539838e+02
1.304301962974978721e+02
1.304922311615250976e+02
1.305123053182341550e+02
1.304273467948734435e+02
1.303972091373403543e+02
1.305302293768877462e+02
1.306104700718156266e+02
1.308415712547084127e+02
1.309801717361336273e+02
1.308989434762357291e+02
1.309045134692066767e+02
1.309615107160028060e+02
1.309596622651717723e+02
1.310370514747300206e+02
1.310144406785688034e+02
1.307968053394444610e+02
1.309212655543871335e+02
1.309526963102329091e+02
1.309682164644697764e+02
1.309937662590218110e+02
1.309973384780364825e+02
1.309639468882417646e+02
1.309842285134067765e+02
1.309554681899814170e+02
1.309533115317771319e+02
1.309272992471440773e+02
1.309774491610876339e+02
1.309102227609497788e+02
1.309843723054518421e+02
1.309594586847019571e+02
1.309695777504475416e+02
1.309568939896917925e+02
1.310527106334754706e+02
1.310460298993469337e+02
1.310275683046326094e+02
1.310522362323916639e+02
1.310939955746280532e+02
1.309843748119627378e+02
1.309892075109353868e+02
1.310003974851999544e+02
1.309634372600300480e+02
1.308414522145189096e+02
1.309667742771413543e+02
1.309862706688851688e+02
1.310149074503465556e+02
1.309844222877957520e+02
1.310475134430347168e+02
1.312017781162393248e+02
1.312958420849579966e+02
1.312109111473739347e+02
1.314175429626616847e+02
1.313991927992215665e+02
1.313686145230575164e+02
1.312524574906249768e+02
1.313840500632691430e+02
1.313030302604194901e+02
1.314386998543666607e+02
1.315026762369645610e+02
1.314416986669467917e+02
1.313443143824128185e+02
1.312851109430176848e+02
1.312829335139806517e+02
1.313011451995079426e+02
1.313053257418116004e+02
1.312786741205776480e+02
1.313073260274197480e+02
1.313064350978407901e+02
1.313222230957001386e+02
1.314854590014213045e+02
1.315268390273939758e+02
1.315260551594810465e+02
1.315327320949240004e+02
1.315502303791665781e+02
1.313804249552607075e+02
1.313278783459998920e+02
1.314028613154286234e+02
1.313171853056162206e+02
1.313895231239495445e+02
1.314747067340102262e+02
1.314737783397056319e+02
1.314655641434537188e+02
1.314702214739986630e+02
1.314716655257573734e+02
1.314353099711808852e+02
1.313448444896381488e+02
1.313355713690444304e+02
1.313430633756268264e+02
1.314142921878935795e+02
1.313625651169805622e+02
1.313381896996114904e+02
1.314195474973646185e+02
1.314406387943980405e+02
1.314029583993913946e+02
1.313891650374058599e+02
1.313819800779571381e+02
1.313919493398098837e+02
1.315110390643558276e+02
1.315120576270562935e+02
1.314617982957602464e+02
1.315242052456616477e+02
1.314795493813130633e+02
1.313668190863094480e+02
1.313797817121152889e+02
1.314542579457210536e+02
1.314023266163922585e+02
1.314189704586024163e+02
1.315150649110278778e+02
1.315170164937960635e+02
1.315210092455679955e+02
1.315693743113747303e+02
1.315015831630997525e+02
1.314877083068030004e+02
1.313766107994885317e+02
1.313837546984538847e+02
1.314888262630620659e+02
1.315183594397604452e+02
1.315339574281323394e+02
1.314917434259242555e+02
1.315897418612827892e+02
1.315027944869859198e+02
1.314878803135994190e+02
1.314060338433050390e+02
1.314021942664037681e+02
1.313688524309843615e+02
1.313389024762594204e+02
1.314734102493367800e+02
1.315302862852376222e+02
1.315944657421946999e+02
1.315828537140856156e+02
1.315551884835349767e+02
1.316326749105575118e+02
1.316645031179484988e+02
1.316866669936576386e+02
1.316954486885703943e+02
1.316813881632858738e+02
1.316112385287462132e+02
1.316611310439203919e+02
1.316569866929262105e+02
1.316869477306840679e+02
1.317909167890039157e+02
1.317956687266340339e+02
1.318439327107010683e+02
1.318390246224226985e+02
1.318350799730614256e+02
1.318771674115009205e+02
1.318450402089180216e+02
1.319083279438894465e+02
1.319997145566944994e+02
1.319628330362597239e+02
1.319125766505343904e+02
1.320915796982527866e+02
1.321382562957640801e+02
1.323262126695114489e+02
1.322802751265532208e+02
1.324390037437630951e+02
1.324600591778765590e+02
1.325173982761259026e+02
1.323224669578046644e+02
1.324785597454749393e+02
1.325335611543392531e+02
1.325902277932252105e+02
1.326305262232854147e+02
1.327737711084259615e+02
1.328999900931369211e+02
1.328826964027219617e+02
1.330757311186554546e+02
1.331600110157089603e+02
1.331987775721360379e+02
1.331518343174419101e+02
1.329550553729785634e+02
1.329564128117120845e+02
1.328895323552180798e+02
1.330744495835146211e+02
1.331128115401765797e+02
1.331725268959955883e+02
1.331424017126133208e+02
1.331261551981190223e+02
1.333473454538892042e+02
1.332041679746901934e+02
1.331773363430688448e+02
1.333277092898487979e+02
1.332475020784088144e+02
1.332309588645933900e+02
1.332140031558443525e+02
1.331808914423027659e+02
1.332724381904028803e+02
1.333134265986960543e+02
1.333062843049944206e+02
1.333622261209886801e+02
1.334196964730898856e+02
1.333978053282806684e+02
1.334716062958618181e+02
1.333802492866836076e+02
1.335038049840345309e+02
1.335839359561614970e+02
1.333989873952928917e+02
1.334619105489850597e+02
1.334825404054862190e+02
1.333852425810732711e+02
1.334858877470152549e+02
1.334959070028366170e+02
1.333908414268045703e+02
