8.690109642108744481e+01
8.602445737441595952e+01
8.558633850679336774e+01
8.674531013242150834e+01
8.411136281893188027e+01
8.357542576698504888e+01
8.338319405485522395e+01
8.283353163491048576e+01
8.181817456370849584e+01
8.122096714403745921e+01
8.052832661020923410e+01
8.021365330398199944e+01
7.979945782662005627e+01
7.920250910049719550e+01
7.882649713585011853e+01
7.838830760474937165e+01
7.789368493849468678e+01
7.737165295666319764e+01
7.697419845879566935e+01
7.666022900140609408e+01
7.624363442662155421e+01
7.580419044153779851e+01
7.539109498403317389e+01
7.493047803743812096e+01
7.475555582014423806e+01
7.453496398379165555e+01
7.432173677710460424e+01
7.411070562470146683e+01
7.373964012915720900e+01
7.341034106402649684e+01
7.301705724083720384e+01
7.258347821356414897e+01
7.227885382994364249e+01
7.199269122093900819e+01
7.180464458924063820e+01
7.173454899222245729e+01
7.165162189733703713e+01
7.147463071194610507e+01
7.128327440526639691e+01
7.093006675920028670e+01
7.077531019787471678e+01
7.058780504723588933e+01
7.027484185308451003e+01
7.009156200292375161e+01
6.976725451519037335e+01
6.955438252632335150e+01
6.956627494871763417e+01
6.914144083402246110e+01
6.909365751764985930e+01
6.896270569873161094e+01
6.873304553959454211e+01
6.832858316038323210e+01
6.806391942479382351e+01
6.798044545336459521e+01
6.769742983820860616e+01
6.762145364912275625e+01
6.737246324125143815e+01
6.734751736587742244e+01
6.723280550201057792e+01
6.717182940476406827e+01
6.712930347397175979e+01
6.698328204130075392e+01
6.699430841752491972e+01
6.691316099077293700e+01
6.689530132669362672e+01
6.665408992892447770e+01
6.646193278384754421e+01
6.638626245825555827e+01
6.604904632624247540e+01
6.586977889072007031e+01
6.578376405866758603e+01
6.557105407046572054e+01
6.542276382218466324e+01
6.534975288477701838e+01
6.515957450362147085e+01
6.516258694162677045e+01
6.501917899816842805e+01
6.498697146734848218e+01
6.494287824542837484e+01
6.488738802474060208e+01
6.488666294094544185e+01
6.494037886921104530e+01
6.473786561206577517e+01
6.480334108993963582e+01
6.477951917943468629e+01
6.461976972359434512e+01
6.454490292691703246e+01
6.429829620070701424e+01
6.421596144846235177e+01
6.426944312279049143e+01
6.400558611958130939e+01
6.377021248489565863e+01
6.359633499385416400e+01
6.343008438371158775e+01
6.317237439105735319e+01
6.303923231435032193e+01
6.282719533330055128e+01
6.277337671799189422e+01
6.267673511598924563e+01
6.261035455284046947e+01
6.256659704601290173e+01
6.249515653778220070e+01
6.243832782107381973e+01
6.251026853685967666e+01
6.241214958456955486e+01
6.234353571027126151e+01
6.220410307845938291e+01
6.205094941752493298e+01
6.195138430956740194e+01
6.174732130701824673e+01
6.160434688732679831e+01
6.148992456617327917e+01
6.116340884440555214e+01
6.101632678719973768e+01
6.081926494533241367e+01
6.065836982103036945e+01
6.049674666327863548e+01
6.053651899680473036e+01
6.054133297336257158e+01
6.050139272289424497e+01
6.035162396121482686e+01
6.024213564876588123e+01
6.016538975324130689e+01
6.018741256038022414e+01
6.026958626818189657e+01
6.023374055781622616e+01
6.006101114372589933e+01
6.001086542419536585e+01
5.995475975928840739e+01
5.993441446955564800e+01
5.991792035811938177e+01
5.980511916129167105e+01
5.974046209949275976e+01
5.973804377100004359e+01
5.965549697782236649e+01
5.955180617226879747e+01
5.940881326556964837e+01
5.938423477347703283e+01
5.928888562720135980e+01
5.916671087497480386e+01
5.898997923489380923e+01
5.885759723693762879e+01
5.871487054437593400e+01
5.864645792884335407e+01
5.848677825184106638e+01
5.840509972106467984e+01
5.832758249962723340e+01
5.836054683080222816e+01
5.836896939351398572e+01
5.824104196514751663e+01
5.817415647584385852e+01
5.814152917399121634e+01
5.810112544805924273e+01
5.806060389413167400e+01
5.798439904538502532e+01
5.793001630323643525e+01
5.793204862525018228e+01
5.778689929393790692e+01
5.767759804287177161e+01
5.764937070551967224e+01
5.761939553806557512e+01
5.760412372691302352e+01
5.758410552091324064e+01
5.758243595281365401e+01
5.754016093208550586e+01
5.744642287426449911e+01
5.748363326853711186e+01
5.738777804240217506e+01
5.734170263351819585e+01
5.725136612499473898e+01
5.730532824113767276e+01
5.719223888265747036e+01
5.711085290840836848e+01
5.707593746406860191e+01
5.691331568054309287e+01
5.688074888961418907e+01
5.684313825151500055e+01
5.679748514448661467e+01
5.667824065359156549e+01
5.667911453683500156e+01
5.657053923994070743e+01
5.636001196796006241e+01
5.618261893807868290e+01
5.618196696603465057e+01
5.616963793671955330e+01
5.630655519251537555e+01
5.619481819279126000e+01
5.621177119724536908e+01
5.610895518372146995e+01
5.601156051116084456e+01
5.598301150725279740e+01
5.592360486475686088e+01
5.584964996936142967e+01
5.573660836009015895e+01
5.571630879063518194e+01
5.552440388532395588e+01
5.543132492118716925e+01
5.540338442157982257e+01
5.533752962426075328e+01
5.536747034430725023e+01
5.535432482963524592e+01
5.535083283763430728e+01
5.543381521902479392e+01
5.538118897281412956e+01
5.545402114698158869e+01
5.546731538504514702e+01
5.539699499587185016e+01
5.532754333185839357e+01
5.533514095702366120e+01
5.531636924395663613e+01
5.525437493165346581e+01
5.529377441895849898e+01
5.530431147810747206e+01
5.531719848397020911e+01
5.524908828335701827e+01
5.504317188254506021e+01
5.497557997691831844e+01
5.492090288832740441e+01
5.500157498395450517e+01
5.496072206038525110e+01
5.482219232869538672e+01
5.482412333171966168e+01
5.491383013917184286e+01
5.498909190395615099e+01
5.495076346089172148e+01
5.486853579548051130e+01
5.475757336583768620e+01
5.485459803700017289e+01
5.488560615525652508e+01
5.481818231527748253e+01
5.479637187540525645e+01
5.474199639113660965e+01
5.448056062579060210e+01
5.455800285833167607e+01
5.448558184106687463e+01
5.430320505579742729e+01
5.421938438711845976e+01
5.412115411072566928e+01
5.412607252883194064e+01
5.392735437458262737e+01
5.396646462305165670e+01
5.380325457974544179e+01
5.380722005701875332e+01
5.363651837886888529e+01
5.345448762671396281e+01
5.338405179543067902e+01
5.323657250121818407e+01
5.330710137428604156e+01
5.322399479297242664e+01
5.309725182763133944e+01
5.304066099110639954e+01
5.303718840836818060e+01
5.296763370954791839e+01
5.282317080601247028e+01
5.281892585415994290e+01
5.283594659070399757e+01
5.295792686539790139e+01
5.292878721584023793e+01
5.288410193571687756e+01
5.294466722668015279e+01
5.279928943368047811e+01
5.273858228880400389e+01
5.272616734863519383e+01
5.288971848999658221e+01
5.280175452517367063e+01
5.279135599365812936e+01
5.277648142518040686e+01
5.285173074450707986e+01
5.280156452691120705e+01
5.270554095336739664e+01
5.283308114919814358e+01
5.278472044487730841e+01
5.265242307523230636e+01
5.258937027215539217e+01
5.259403989736951957e+01
5.257685444782483586e+01
5.260415300012345341e+01
5.259188914826285099e+01
5.260627956250029058e+01
5.256421406326098378e+01
5.257948519129850951e+01
5.241541246173419921e+01
5.239871291963005717e+01
5.239858164786727457e+01
5.235562344795948064e+01
5.227621661884018067e+01
5.225057448630673917e+01
5.224298056570322757e+01
5.220573904661844722e+01
5.217336705605106317e+01
5.208894226654729920e+01
5.201534118875098756e+01
5.193073899032816598e+01
5.198411552577437789e+01
5.199138404963669302e+01
5.188124817618159312e+01
5.173071705545250865e+01
5.154708075659044653e+01
5.149269767968122125e+01
5.142118468304716572e+01
5.129367573541947678e+01
5.121119767101068021e+01
5.114754250939276403e+01
5.116945785923422818e+01
5.117935519651400256e+01
5.117707146714241873e+01
5.112123491244611273e+01
5.092017196239668664e+01
5.083339573885611884e+01
5.068888790626583329e+01
5.078772607965863983e+01
5.080958203181888422e+01
5.067497568621252668e+01
5.057410953490654038e+01
5.057939657144538614e+01
5.048247045454721160e+01
5.051038548365256986e+01
5.059693334217052296e+01
5.051825231000648131e+01
5.061325703327827341e+01
5.068669435544683921e+01
5.066352886715914394e+01
5.063773483060193570e+01
5.065599071284901100e+01
5.060607105088097057e+01
5.064446738922909219e+01
5.058353796591883622e+01
5.055822251883596863e+01
5.066359392021328034e+01
5.055725525829560496e+01
5.048077515628655476e+01
5.044003929661298713e+01
5.038529851762671541e+01
5.029025176793194163e+01
5.034126179820924563e+01
5.027178739076315850e+01
5.028003060611737141e+01
5.015278939280490533e+01
5.014369901814432495e+01
5.019360924656074019e+01
5.027027411911089416e+01
5.022941530268568755e+01
5.007606482197589060e+01
5.005589289876986925e+01
4.996264872989551975e+01
4.981897598133333815e+01
4.985140607568216353e+01
4.983832399210013619e+01
4.981330318198453710e+01
4.984102144377061450e+01
4.979768808841009076e+01
4.974402367557951976e+01
4.973981128770805782e+01
4.957147492566991787e+01
4.946389974125337119e+01
4.938011030635374965e+01
4.929284393204717674e+01
4.931514315276099580e+01
4.920618734721703902e+01
4.912960631263347722e+01
4.916744227867814487e+01
4.913763505773928131e+01
4.909743115891005516e+01
4.889403451814315815e+01
4.883014673904711600e+01
4.872804073092327570e+01
4.853508749337341754e+01
4.837331718943134007e+01
4.840156814237791139e+01
4.833359054005458688e+01
4.842233409355666396e+01
4.852340508633470506e+01
4.871289598168291946e+01
4.858598364910244527e+01
4.866620411125862233e+01
4.870608271999041250e+01
4.853928921396316554e+01
4.845790958898237477e+01
4.841458010914553967e+01
4.829834710205988557e+01
4.821571618393154779e+01
4.826206557546571219e+01
4.819906955321318520e+01
4.818597725820926314e+01
4.811667585994143792e+01
4.799887037908056442e+01
4.801100120963508289e+01
4.796172063447875900e+01
4.793609515537847443e+01
4.799829456101059577e+01
4.802078403093730685e+01
4.800143970376731772e+01
4.788494875210854929e+01
4.783573218711218544e+01
4.772956512147639785e+01
4.775065137912171309e+01
4.786819672278237903e+01
4.776822799335073455e+01
4.776730587249726057e+01
4.779205172520011757e+01
4.774853687070760344e+01
4.763621916548977708e+01
4.759271212866638479e+01
4.765214263960466923e+01
4.768340540734014610e+01
4.775724036520901450e+01
4.777046685512137714e+01
4.788501820172078283e+01
4.787866912143771714e+01
4.779171191896276127e+01
4.792961841333617912e+01
4.790714688973691437e+01
4.787792843329174985e+01
4.777871950432224679e+01
4.764336076013186982e+01
4.777520931658570902e+01
4.767782522865498152e+01
4.776688989656688022e+01
4.794250238889903670e+01
4.787435361204722284e+01
4.768128623020751888e+01
4.761645769373228632e+01
4.759572499290580794e+01
4.762472036326715141e+01
4.752969361794022518e+01
4.743688189728269577e+01
4.733823971339438685e+01
4.718921344292623132e+01
4.711981181103827510e+01
4.702919856022074896e+01
4.691485417472608077e+01
4.680868100426572198e+01
4.671956053886966487e+01
4.672768848708594192e+01
4.670929016192727801e+01
4.673746395696735334e+01
4.666520889520586479e+01
4.653956082509819225e+01
4.659285790359073332e+01
4.650495659745190125e+01
4.632155116639814452e+01
4.634502335837949971e+01
4.633603691931470081e+01
4.627696454569225892e+01
4.627771681499778822e+01
4.625013892993740683e+01
4.615319155585254407e+01
4.615540047107560895e+01
4.616260795344390999e+01
4.614597657136376085e+01
4.611666558525197956e+01
4.589554742614257776e+01
4.593756418475027914e+01
4.584731433103505083e+01
4.583070624587877973e+01
4.577348312487016813e+01
4.568574485611236469e+01
4.566901733288009524e+01
4.567577892426852060e+01
4.573378681069360852e+01
4.582342217053338373e+01
4.564828273547480109e+01
4.559720398389676888e+01
4.545835722024328618e+01
4.559182119180746184e+01
4.549118839062108322e+01
4.551065119864537678e+01
4.555190395221030997e+01
4.555098737810379816e+01
4.551115753098181216e+01
4.551910816924965530e+01
4.548020708096457554e+01
4.541994355763849711e+01
4.545427597816092913e+01
4.547261309862953738e+01
4.541955425640220056e+01
4.554843779377932833e+01
4.550116919597051179e+01
4.550737798079403262e+01
4.544309824252470520e+01
4.537920597861658223e+01
4.539999883240610501e+01
4.553326733084958988e+01
4.546253135631413755e+01
4.539663071136553185e+01
4.541748084293772081e+01
4.538750790358122345e+01
4.543794694308822812e+01
4.544931251044155118e+01
4.551663931437882127e+01
4.545752533426750830e+01
4.545482298423659273e+01
4.538732994490037242e+01
4.540976300861307635e+01
4.540110005161929507e+01
4.545482687218763829e+01
4.545003546159775709e+01
4.549377044265951753e+01
4.540564029071402530e+01
4.553246348013130529e+01
4.545883356716490198e+01
4.534103940984704906e+01
4.535654572883377256e+01
4.525003500412674384e+01
4.517839387847680399e+01
4.515004062538700680e+01
4.507419536028757534e+01
4.510820389276665310e+01
4.521019446735562752e+01
4.512159856247875922e+01
4.514673810787687103e+01
4.528319974591664021e+01
4.530908412288449938e+01
4.522209234904706676e+01
4.504161260557873447e+01
4.499321852977038105e+01
4.491704505420788962e+01
4.505416723430246151e+01
4.495036775528854633e+01
4.478802990393826633e+01
4.468800314377126170e+01
4.475413119931424433e+01
4.473515944857849291e+01
4.460064140791341458e+01
4.444821791516751119e+01
4.436921982851112745e+01
4.435901898444895153e+01
4.415917243173465323e+01
4.397375601296481307e+01
4.403449032296663290e+01
4.396271749820095920e+01
4.387365796167571119e+01
4.392486270790917757e+01
4.374016444342190368e+01
4.373735153219725191e+01
4.374414189553680643e+01
4.372658952663444865e+01
4.370593038124766139e+01
4.368623343299584860e+01
4.368247606166173114e+01
4.355740335786792627e+01
4.352371407709966178e+01
4.348821013577001793e+01
4.345413496589242897e+01
4.351240775753571910e+01
4.336814234684732838e+01
4.326401131429260261e+01
4.326432520165248263e+01
4.321489784116626254e+01
4.326086479921234229e+01
4.343531417609958822e+01
4.334767910705448912e+01
4.332180602191887431e+01
4.333305877807826789e+01
4.327737808295092492e+01
4.324813089273496303e+01
4.343822062922302507e+01
4.334598377827207116e+01
4.326731278253385682e+01
4.317129954669048431e+01
4.313741280533024991e+01
4.307123853381435197e+01
4.313599993505300034e+01
4.320148256072558013e+01
4.327121676378366999e+01
4.330082743485672836e+01
4.329609502976106228e+01
4.330438976418873409e+01
4.324512492728828050e+01
4.322357250109197224e+01
4.319105492927454293e+01
4.327705895463645902e+01
4.326020107336130849e+01
4.321881819849965467e+01
4.321718778814687312e+01
4.318258545581096541e+01
4.324475061448628566e+01
4.325830705044971580e+01
4.324271489092445364e+01
4.321569423469314586e+01
4.324823052976503845e+01
4.315869719528053139e+01
4.316746247207728970e+01
4.315577821796928504e+01
4.316231749822632935e+01
4.326835625212016367e+01
4.325624627514074660e+01
4.325515988923406496e+01
4.318731797729680011e+01
4.317400159386360059e+01
4.318622034451726677e+01
4.319752423936409969e+01
4.321726816710052077e+01
4.316923737470785483e+01
4.316936858513904696e+01
4.309469805918428875e+01
4.303642382850308934e+01
4.302952480497118870e+01
4.308031765224013299e+01
4.305551735254459800e+01
4.311782754785713934e+01
4.312025351277259944e+01
4.312209838868758283e+01
4.300287279940318541e+01
4.298226393334411455e+01
4.299371717684495309e+01
4.293218755453323610e+01
4.306204462526443422e+01
4.291745586948876223e+01
4.287027678482157000e+01
4.279937969761886052e+01
4.277784047359296693e+01
4.273317065141992543e+01
4.271372024263013145e+01
4.276357874903957423e+01
4.275016908880044042e+01
4.279788402487650245e+01
4.277868378064538035e+01
4.257544132966394557e+01
4.263691195599655970e+01
4.257576401002406641e+01
4.264914620583959959e+01
4.260919962787024673e+01
4.256425714017402129e+01
4.262745060034843902e+01
4.270576344220238241e+01
4.253571667656184729e+01
4.241068616868469832e+01
4.245126677643042257e+01
4.246636454272807271e+01
4.244434058974182022e+01
4.236159544375941266e+01
4.240618312287372049e+01
4.243754734502645221e+01
4.238715083574198417e+01
4.244520633186714065e+01
4.233989952938218693e+01
4.233660815843155945e+01
4.209439029712615365e+01
4.192959071733189091e+01
4.208499582725120547e+01
4.212251879652249897e+01
4.211216840284419050e+01
4.215428967373830460e+01
4.213302237030638508e+01
4.212791592430545506e+01
4.191982364699361341e+01
4.196629527915879265e+01
4.194965564723037943e+01
4.181589426759187234e+01
4.183044912473818755e+01
4.169168558690339665e+01
4.166326840639126772e+01
4.151999748075778029e+01
4.151210501333444114e+01
4.148485345554898629e+01
4.151283292781423739e+01
4.144693941992375130e+01
4.126803692549938773e+01
4.127669968633203013e+01
4.140350815539172658e+01
4.130409692550504275e+01
4.130923109384028180e+01
4.128589889052193485e+01
4.129281838481709599e+01
4.127883605024533864e+01
4.125626328920744612e+01
4.120295005453480286e+01
4.103677324289988348e+01
4.108014642125498739e+01
4.107336206447476457e+01
4.126351661401377413e+01
4.107583561720584697e+01
