nan
nan
nan
nan
nan
nan
nan
nan
1.775902326302113643e+00
4.954894456316114137e+00
6.693622484812498108e+00
7.658780002807218601e+00
8.731515469625289683e+00
1.013324298316157801e+01
1.120729785073921647e+01
1.208058384041090783e+01
1.299807706695865228e+01
1.387954750059049225e+01
1.487121393837888128e+01
1.575032295187535603e+01
1.643699084748277883e+01
1.717762241882557817e+01
1.782033052205016332e+01
1.859464390110291987e+01
1.926616733776962320e+01
1.995198393228283962e+01
2.063822246398657967e+01
2.124922822059978600e+01
2.186197804133551870e+01
2.245478445079581675e+01
2.295778121106693348e+01
2.344947103206162708e+01
2.410447062283137143e+01
2.468640109542251793e+01
2.537127850494665537e+01
2.592114307191086553e+01
2.643337003467138402e+01
2.677981722013927168e+01
2.729121978392561232e+01
2.773928254148832195e+01
2.823323392613615823e+01
2.868856548452918886e+01
2.918634678004429261e+01
2.964992038393661034e+01
3.018875709065015656e+01
3.063019554838314207e+01
3.107402977066556815e+01
3.145313765515122739e+01
3.180089379138050631e+01
3.217520715952018406e+01
3.261178401660409065e+01
3.300677410320450633e+01
3.329424374920873930e+01
3.377933551368912646e+01
3.403804414586545590e+01
3.443113882037306439e+01
3.476774421279291971e+01
3.524243642486519690e+01
3.552871843919906070e+01
3.583091650925755545e+01
3.607618111501764702e+01
3.644247251244442509e+01
3.674581785794046596e+01
3.709996109911561746e+01
3.744107869987261239e+01
3.784423141558765025e+01
3.815577758966677635e+01
3.846994914761373252e+01
3.877587567249196354e+01
3.919255895925370936e+01
3.948887401035661782e+01
3.988271028433106125e+01
4.008754041899384646e+01
4.039620512029312493e+01
4.077935535624011010e+01
4.118181759906899231e+01
4.144605021149020985e+01
4.165282823699951820e+01
4.203142105583867760e+01
4.225419595639407078e+01
4.263666287556220880e+01
4.293161518197172200e+01
4.324827474634190594e+01
4.345913886394089332e+01
4.370275754314716465e+01
4.393690986956665512e+01
4.428050044588142242e+01
4.452146644949078791e+01
4.479769781212398527e+01
4.485249845745920538e+01
4.506546747937611030e+01
4.518759334409553219e+01
4.544154937326496224e+01
4.565712917713229047e+01
4.578793272750174737e+01
4.594572435949327627e+01
4.618906643092025632e+01
4.631046269034576568e+01
4.656198929321440261e+01
4.677633718792777984e+01
4.688094702408213266e+01
4.709238569760114501e+01
4.726839279496449109e+01
4.757196763158550823e+01
4.782832544337173175e+01
4.814320377532653339e+01
4.817295035918512269e+01
4.841561779209674654e+01
4.874577747013974260e+01
4.903339514217586981e+01
4.915475792022622414e+01
4.932409638194701529e+01
4.953310482845211027e+01
4.975023820654326556e+01
4.992180091791443886e+01
5.022896177083072899e+01
5.048093107376510602e+01
5.073748998933907473e+01
5.085058226795591452e+01
5.105263824295522568e+01
5.124377718666396930e+01
5.148649442162970757e+01
5.161444617472425733e+01
5.190652309672368858e+01
5.206408069450041864e+01
5.217520106376861122e+01
5.232330530837408844e+01
5.258898534248950085e+01
5.264951735877559003e+01
5.282847973934833874e+01
5.301478885981774170e+01
5.314921317370286857e+01
5.330372751365742801e+01
5.351201303010818577e+01
5.370944296324812228e+01
5.389904151890065975e+01
5.413015032915824776e+01
5.426820898873338450e+01
5.441208508877789285e+01
5.460270543276378419e+01
5.475136894990065173e+01
5.492188523655272547e+01
5.509791724564783522e+01
5.529318601609655559e+01
5.530302732266877541e+01
5.550176000255095943e+01
5.574287729912511935e+01
5.576340044526303075e+01
5.602031858727438873e+01
5.613519250201291300e+01
5.615196326125088433e+01
5.634967125092570228e+01
5.650531820442140685e+01
5.660524268848301688e+01
5.676045137287786702e+01
5.675707842414658444e+01
5.695256488066560507e+01
5.707386735528057642e+01
5.718297122353755668e+01
5.721964441639526910e+01
5.739429426251690813e+01
5.747154261041842460e+01
5.765784446210409442e+01
5.779575042639725524e+01
5.781625354814175921e+01
5.796049851010841536e+01
5.801688569050957511e+01
5.826391140591258022e+01
5.827710543788247577e+01
5.840665960737413798e+01
5.854908075525107591e+01
5.858100484907397743e+01
5.867652017367672101e+01
5.868017073339148482e+01
5.878467510395826423e+01
5.889946223359135757e+01
5.896969236448047269e+01
5.902464353093115079e+01
5.915486271151843312e+01
5.923257957405088092e+01
5.940634692055475341e+01
5.941607191853776015e+01
5.956426722935202633e+01
5.964580611735932791e+01
5.974486670193351046e+01
5.989507612055124497e+01
6.004117844999686326e+01
6.016466129432632926e+01
6.032125724281507217e+01
6.045177628752550447e+01
6.057570861284769137e+01
6.068714745553435819e+01
6.092895922456020230e+01
6.097260736684869897e+01
6.107663484266873155e+01
6.123284931924487751e+01
6.131630218419391554e+01
6.145052698804347102e+01
6.158598645800095994e+01
6.169527883523547018e+01
6.186980619647525259e+01
6.190943723481264982e+01
6.199101335144769109e+01
6.214128975661172660e+01
6.229343650391478349e+01
6.235881729967013598e+01
6.238969228787633625e+01
6.255428463899461633e+01
6.277957228382096133e+01
6.288755110081707755e+01
6.294271135324725464e+01
6.299991240309080354e+01
6.311086974166392594e+01
6.334203224759227169e+01
6.338448764489228182e+01
6.358656037620806245e+01
6.370123138404240137e+01
6.381925912813260027e+01
6.398220981729064505e+01
6.420863767499368180e+01
6.428400515216338817e+01
6.447472667920180811e+01
6.462100044531982235e+01
6.483061859480950773e+01
6.494157315892378790e+01
6.501562493664569331e+01
6.524421519162567051e+01
6.529053755134665948e+01
6.543429451832098209e+01
6.543513326500864480e+01
6.550426278569430849e+01
6.554774441135458574e+01
6.563960667620524703e+01
6.568058527492662790e+01
6.580495345699871734e+01
6.584812966491202246e+01
6.594100954418628646e+01
6.594834860020682754e+01
6.608490502869871364e+01
6.612326308209959791e+01
6.608885018100998821e+01
6.614526632803220707e+01
6.621884891214605773e+01
6.631182828687165909e+01
6.646436152152200805e+01
6.655287306741765008e+01
6.661564358605025404e+01
6.671969284359352059e+01
6.686776626946539182e+01
6.695803253079394324e+01
6.702617915431002871e+01
6.712848370643537521e+01
6.714869889460233310e+01
6.723667239179766852e+01
6.740278259212838918e+01
6.747196653426135526e+01
6.757209892726297085e+01
6.772638951749601688e+01
6.787610581812278099e+01
6.803615243056856343e+01
6.818034525736260321e+01
6.832202913659055810e+01
6.847514938944462415e+01
6.861389955822950526e+01
6.877138255631717811e+01
6.885404884278399607e+01
6.887356236053541636e+01
6.897650227572341919e+01
6.906826782262388065e+01
6.914128211045849071e+01
6.915487632814425467e+01
6.918783713824160486e+01
6.933492688949046112e+01
6.936561644809182781e+01
6.945675656971519629e+01
6.957641513396266930e+01
6.956232155170792453e+01
6.962783956642302030e+01
6.973587568688212457e+01
6.984621121248459019e+01
6.990722605746985607e+01
7.003019480677954789e+01
7.011726464425044014e+01
7.023921053604509268e+01
7.031792493341130523e+01
7.049947598938236126e+01
7.058668892203833423e+01
7.067230810205572311e+01
7.085255556373144259e+01
7.093939227683294746e+01
7.103334791645170299e+01
7.111514616247536935e+01
7.118233374542734282e+01
7.133866399940748693e+01
7.136567450559560655e+01
7.154012361500815587e+01
7.161181681368094587e+01
7.171398889712237690e+01
7.187341039807083121e+01
7.190986064173890213e+01
7.199180692225259293e+01
7.204462775888868009e+01
7.205775124941676779e+01
7.215140439967272812e+01
7.221473889189651629e+01
7.220741219176206016e+01
7.228156308046938250e+01
7.237396313384610380e+01
7.239020455909492568e+01
7.249218689996233422e+01
7.257687040833346259e+01
7.267912047074234749e+01
7.275330496044597339e+01
7.289311191618728003e+01
7.297935639494431825e+01
7.309341210739589201e+01
7.318427596766321130e+01
7.331290243793286265e+01
7.343190448740064369e+01
7.352781700680594668e+01
7.365807063604506766e+01
7.377831002513408976e+01
7.387614463934573905e+01
7.399517525589526201e+01
7.404929014498281958e+01
7.407533054142250251e+01
7.418627062456909016e+01
7.429688795653247269e+01
7.434287775392478181e+01
7.439933453094919003e+01
7.440691285897939622e+01
7.440478284978945567e+01
7.444140376853157193e+01
7.449604038665222561e+01
7.445593406622460009e+01
7.450065023302980194e+01
7.455221567864971632e+01
7.459290619061789585e+01
7.463684488162220987e+01
7.467306667005976806e+01
7.477432818380769675e+01
7.482369738661546421e+01
7.485630509707758051e+01
7.486710120022391379e+01
7.489667984100343290e+01
7.489710093993787154e+01
7.487853962099870841e+01
7.488201236525667071e+01
7.494475113274630473e+01
7.499787095509873325e+01
7.494317870640698231e+01
7.498063440259477375e+01
7.507926016785529555e+01
7.508375672550840818e+01
7.516395160973098655e+01
7.522375915073487818e+01
7.527315201564476865e+01
7.530931140933003576e+01
7.534929726660482174e+01
7.543452831473497611e+01
7.542860924548479318e+01
7.550462342551236361e+01
7.561313312786542440e+01
7.564629000931934399e+01
7.567795137775745218e+01
7.578710448623124307e+01
7.587415668694829662e+01
7.593004513221535490e+01
7.597788319672150692e+01
7.602884501863107403e+01
7.605510220530274523e+01
7.614915486526346911e+01
7.619637870638595700e+01
7.630399853514931863e+01
7.634021971360651548e+01
7.643562404785856756e+01
7.657292867556135718e+01
7.666999780340027826e+01
7.676418380480946269e+01
7.687912362643426434e+01
7.696202770344862643e+01
7.706450781318305587e+01
7.720568674411974541e+01
7.734677162314488896e+01
7.743169755827443623e+01
7.755148612069247349e+01
7.764836725203761603e+01
7.772069979867175959e+01
7.780489907153722129e+01
7.787783101028151123e+01
7.799345526149886609e+01
7.812245511324955771e+01
7.824610158466572329e+01
7.829814484009355624e+01
7.840532724205507975e+01
7.850458494489662087e+01
7.860913389546115582e+01
7.874433190190225673e+01
7.875234796567606566e+01
7.884305518836154647e+01
7.894844154769253919e+01
7.899854707409933496e+01
7.915388830115229268e+01
7.920371878463211601e+01
7.924118706667687206e+01
7.932096902281206496e+01
7.938356947518606432e+01
7.947625012397408284e+01
7.956695240741150599e+01
7.960997945460317737e+01
7.966434138009698529e+01
7.975683043665587491e+01
7.982339399505279687e+01
7.992333348832066520e+01
7.996855342614188089e+01
8.001906248035004410e+01
8.011666298996620128e+01
8.020487896186395460e+01
8.025874659664589217e+01
8.033093118303543179e+01
8.040586647800512310e+01
8.039515131735289799e+01
8.048185612233640995e+01
8.058651238675005857e+01
8.060371829761395190e+01
8.066537503043245749e+01
8.075093921861164858e+01
8.079515903351729378e+01
8.083716853158780680e+01
8.090478689956506742e+01
8.098657146567670395e+01
8.101199506035699471e+01
8.105807114476631625e+01
8.109344883060357745e+01
8.110585014127217107e+01
8.113932142450448737e+01
8.122333209213938687e+01
8.123474973158887735e+01
8.122391755422425774e+01
8.121263338765619721e+01
8.129755851937805744e+01
8.135416238192824778e+01
8.144999117835114077e+01
8.152892431613962287e+01
8.160747223878342993e+01
8.164137625981098267e+01
8.172256583959845955e+01
8.185215590539601749e+01
8.196407218999577537e+01
8.202907194404217250e+01
8.211153877475619822e+01
8.213898128171362600e+01
8.225393428900443382e+01
8.231371705296297137e+01
8.244407812663716584e+01
8.249689133907307337e+01
8.255241941463893340e+01
8.267271437652827615e+01
8.268850268158514893e+01
8.282955288941856509e+01
8.286812300209942350e+01
8.294114325258973963e+01
8.298906812385585852e+01
8.309223527149565314e+01
8.308387037150141907e+01
8.317094561263651542e+01
8.322269403918244279e+01
8.322664505316180339e+01
8.321035749392203229e+01
8.319231518771437095e+01
8.322707678528823294e+01
8.324109534950760292e+01
8.325022412126367044e+01
8.326000173448137787e+01
8.326977850265011227e+01
8.333143248863117947e+01
8.339740784644351379e+01
8.350485917525203661e+01
8.361494767091255653e+01
8.367504159094943361e+01
8.376273687577430849e+01
8.387559879188800949e+01
8.391977625448107858e+01
8.395695738956419518e+01
8.406040406527634445e+01
8.407665895302240244e+01
8.414407648841797993e+01
8.425843824399522930e+01
8.425901933870090943e+01
8.431716654949792655e+01
8.437493009075426187e+01
8.440121590640548277e+01
8.443851399871546448e+01
8.447961624985643425e+01
8.455472942402742831e+01
8.462100806656016516e+01
8.466050583928961260e+01
8.460638885779452778e+01
8.462848277143490350e+01
8.468740812891491032e+01
8.469908212506899758e+01
8.471915783429855651e+01
8.476751175065551536e+01
8.480462780667161837e+01
8.495118222348889958e+01
8.499752608998937831e+01
8.507092433750727878e+01
8.514218037699801300e+01
8.518530380776454081e+01
8.526667249700817308e+01
8.534277843834284738e+01
8.539125326716946063e+01
8.549682253962724587e+01
8.554368102280788833e+01
8.561970059648211873e+01
8.565568422527202586e+01
8.571109965357420890e+01
8.575676461178871079e+01
8.581430734775896951e+01
8.586146246354459777e+01
8.590864289762933481e+01
8.587655889112684804e+01
8.592322302405952428e+01
8.589651507520301266e+01
8.585833532348435426e+01
8.585557748573177150e+01
8.594538962444316610e+01
8.602676010271773066e+01
8.604238542683022217e+01
8.606717703354854621e+01
8.606461424258310444e+01
8.611047429673823217e+01
8.617620081813362276e+01
8.620496415734069728e+01
8.625121845157573830e+01
8.620860971529005212e+01
8.626639563542073574e+01
8.636436722749384387e+01
8.638055233491809304e+01
8.645189950770937060e+01
8.656054857602860864e+01
8.662696310806438760e+01
8.673303988392837027e+01
8.680947739611481495e+01
8.690766916726587965e+01
8.697930116153192159e+01
8.697410010207018161e+01
8.703724532660511670e+01
8.711018109242439778e+01
8.710994228626464064e+01
8.711398844782895878e+01
8.713667336301172384e+01
8.718337195878689272e+01
8.717121670230635289e+01
8.722638471790057224e+01
8.732041451357039819e+01
8.729500465307434354e+01
8.735994726296820545e+01
8.738989404416608409e+01
8.739152445208456754e+01
8.741853881179618213e+01
8.751457060262583809e+01
8.753594131258945765e+01
8.757538452550079455e+01
8.758781637048154778e+01
8.765277263776104633e+01
8.767943200355784938e+01
8.769673756734989922e+01
8.773827705332675464e+01
8.775819290692300001e+01
8.772395213518096568e+01
8.773368567672670792e+01
8.778534333116331823e+01
8.780017619945255092e+01
8.788414554013507995e+01
8.791172661514976028e+01
8.788238011149788065e+01
8.790607661888699909e+01
8.789676910548723754e+01
8.792009024161863806e+01
8.793741761724994888e+01
8.793504725914318954e+01
8.796059237329758673e+01
8.795988780672048790e+01
8.794179574683175815e+01
8.794179763123769078e+01
8.790413225640766370e+01
8.786196404308157071e+01
8.784798232340575908e+01
8.782397002433697253e+01
8.777310940672941797e+01
8.776601361932380030e+01
8.776734464286795401e+01
8.777996174233923909e+01
8.774998710674984181e+01
8.773980672219859400e+01
8.770903878037950108e+01
8.777660563848583308e+01
8.777255760034923071e+01
8.771323902467958078e+01
8.772819981523817034e+01
8.772300555005760714e+01
8.771289641911577917e+01
8.773214012283797558e+01
8.774116925992279903e+01
8.771001269935199218e+01
8.776871223649304454e+01
8.778357418186783434e+01
8.780688413632488221e+01
8.782459798155454678e+01
8.783169480043913779e+01
8.789256180335941337e+01
8.788671734534526081e+01
8.785864326377824796e+01
8.791174176995440348e+01
8.797502767761294251e+01
8.797339165566107511e+01
8.804497685442680677e+01
8.811121373556180458e+01
8.810811718196845277e+01
8.815939143309212511e+01
8.822045129364362026e+01
8.827742375344929826e+01
8.830679389659006517e+01
8.830543661858627047e+01
8.839416726977715655e+01
8.844053405939762058e+01
8.849191301443967461e+01
8.859289870479624085e+01
8.862306007344440673e+01
8.873928107044937974e+01
8.881162759676624319e+01
8.883608756620199642e+01
8.888773109357845215e+01
8.897117362694251597e+01
8.898919727086123999e+01
8.905230487232758207e+01
8.910762760735963184e+01
8.918590540284387203e+01
8.920309027793648227e+01
8.922186199959234898e+01
8.927470156804515966e+01
8.931603837062534978e+01
8.943204321140561319e+01
8.946541456239341983e+01
8.953024110996915397e+01
8.960812417318501844e+01
8.967447472846804146e+01
8.977351638523174415e+01
8.986469989017670912e+01
8.997041883509167803e+01
9.006813126381298673e+01
9.014002830850580494e+01
9.023326588914258650e+01
9.028830233981352649e+01
9.033352513138439122e+01
9.041148613123881717e+01
9.045662149415410624e+01
9.043707916829033877e+01
9.045563666956749671e+01
9.041496548378199805e+01
9.045954117846277143e+01
9.046439570296924160e+01
9.051956535110689117e+01
9.050578438796048886e+01
9.054619537914000205e+01
9.054078452947914002e+01
9.058116295791450057e+01
9.065090309045807260e+01
9.064298890483850357e+01
9.071148717150103380e+01
9.073761776093461151e+01
9.072427600883433740e+01
