1.761932438739920315e+02
1.702185493649961359e+02
1.646633872640848892e+02
1.680812643096803072e+02
1.733418377008478615e+02
3.825065996464294926e+01
1.684140464539902666e+02
1.706188981734248387e+02
1.706291121585705923e+02
1.679705722511301076e+02
1.735802389045553014e+02
1.720573264547781491e+02
1.592006039995221158e+02
1.757949579546445307e+02
1.712447888837266419e+02
1.722743497770559316e+02
1.745356701182441554e+02
1.752840163584281470e+02
1.754480974219917755e+02
1.747152995945686484e+02
1.741840941800528242e+02
1.731336628194130753e+02
1.699557566214124336e+02
1.566644081851417241e+02
1.496625213408638615e+02
1.424184504995969860e+02
1.423753422094737573e+02
1.401034777070345001e+02
1.397452146733480731e+02
1.408352411758612845e+02
1.430295807416886760e+02
1.443712529966437046e+02
1.458202182793873760e+02
1.397441024308112105e+02
1.316441924091204783e+02
1.287878625609513961e+02
1.287086746703895983e+02
1.298529733943290125e+02
1.275972013521193844e+02
1.271075460438264031e+02
1.223061799267149041e+02
1.186137409691465905e+02
1.246829695550815700e+02
1.240761192236077193e+02
1.156679397779143272e+02
1.132436641075372421e+02
1.184294716808909698e+02
1.227651641961012672e+02
1.277028415488193502e+02
1.295324514801109501e+02
1.338241679169088911e+02
1.342693123082665920e+02
1.353149333840705140e+02
1.311405664890315848e+02
1.335059731665033667e+02
1.328366053170974226e+02
1.274093074839136648e+02
1.247024866960783243e+02
1.209695638105673652e+02
1.240955648849853219e+02
1.257080264113721455e+02
1.236903171395407810e+02
1.258162242595424374e+02
1.298343457841432951e+02
1.333141097852090127e+02
1.308167890314874739e+02
1.275735164357485303e+02
1.305881443187353455e+02
1.299716511894304745e+02
1.274727846445662465e+02
1.288825311651922902e+02
1.279899515110704442e+02
1.283764848696019101e+02
1.234933375056539973e+02
1.184163019922409035e+02
1.184978024412729098e+02
1.126414889572186127e+02
1.146816965031140683e+02
1.046470746486613450e+02
1.012555411284502043e+02
1.007902739460355406e+02
1.007990678179603350e+02
1.031858925364356736e+02
1.025645801366262333e+02
1.010520245214966053e+02
1.011035044436278412e+02
1.031656858588129211e+02
1.042165845650105354e+02
1.025214006089832139e+02
1.024794932191419150e+02
1.005577992376642271e+02
1.050920624361341567e+02
1.086097109562311545e+02
1.088958315005594670e+02
1.094173332711305022e+02
1.096486673237867535e+02
1.088367832576315948e+02
1.088446003307017236e+02
1.085084485001012666e+02
1.027596400172710247e+02
9.671817028741452305e+01
9.212667139483643552e+01
8.851745631115716151e+01
8.693243813292123434e+01
8.782466692198717340e+01
8.993926578083024026e+01
9.723912315450057520e+01
9.950194967345838393e+01
1.010636727834713469e+02
9.805245916534754258e+01
1.004626347705890055e+02
1.041077314895573380e+02
1.041536274383785070e+02
1.036324618136462306e+02
1.068759235992897203e+02
1.054875929124239633e+02
1.049221104537643754e+02
1.043381524449003592e+02
1.055730518871169181e+02
9.882789615043063236e+01
9.454648303783906726e+01
9.618034012965011925e+01
9.634209453981482341e+01
8.941798625548793211e+01
8.111791144362111083e+01
8.783199518997720645e+01
9.262325380709064859e+01
8.876033818140074061e+01
8.422218131846210554e+01
8.557392177322228122e+01
8.904002438634525163e+01
9.454087146832260657e+01
9.207011907144705276e+01
9.206834906517798345e+01
9.378931728457239103e+01
9.387550379901320241e+01
9.227402316623329170e+01
9.221368448017948083e+01
9.250619285929623459e+01
8.779771033487058673e+01
8.979457457993163416e+01
8.804575176180541973e+01
8.901323824089155323e+01
8.805769523707034807e+01
9.066579566217338026e+01
9.294895216072954724e+01
9.291861062279008365e+01
9.689514480594387180e+01
1.032762426934806115e+02
1.042791194759992379e+02
1.031795602989446650e+02
1.015486247738244430e+02
1.015405367193392152e+02
1.053071284047083083e+02
1.038373190830520514e+02
1.076745601883249179e+02
1.075177328728333492e+02
1.072583974514640346e+02
1.034000219895622621e+02
1.067939395197994656e+02
1.032192007989121407e+02
1.007034648330875513e+02
9.583112593916527544e+01
1.014412419841449804e+02
9.798695328138035165e+01
9.278123598340233968e+01
8.280668205397502390e+01
7.738847196226824110e+01
7.421298910074160915e+01
7.224640754902353024e+01
7.341852078522069291e+01
7.570431368060440036e+01
7.527659983520527476e+01
8.083963202812948623e+01
7.764508933685509362e+01
8.031578882124770757e+01
7.894573132573546559e+01
8.808011839833686452e+01
9.135663126669548717e+01
8.834342001184964488e+01
9.032822863720171824e+01
9.160328251447364778e+01
9.321375000404150057e+01
9.117155589671966709e+01
9.044480291648224579e+01
9.028010640368110273e+01
8.878735333876733193e+01
8.553943415471086098e+01
8.776505466320575977e+01
9.434334791940574405e+01
9.158636159762426132e+01
9.511739343513799838e+01
8.963022223951536205e+01
9.605605055825766669e+01
9.644888358627095215e+01
8.870830887871396442e+01
8.590504568998848356e+01
8.362326964506355864e+01
8.762966295287982632e+01
8.230760231133531590e+01
8.828215930504448750e+01
8.709132291239502877e+01
8.708802089223686949e+01
8.864140621052678171e+01
8.959988064006969921e+01
8.697199168802374913e+01
8.216567997088895936e+01
8.269733388550851316e+01
8.704641720370668168e+01
8.263220294114914566e+01
8.857169792450336843e+01
8.400013520835311454e+01
8.556397451916623709e+01
8.493436514383159874e+01
7.812300560504411351e+01
8.149249100521305422e+01
7.818016021229412615e+01
7.951839629136533460e+01
8.335899910219985998e+01
8.331206583000441412e+01
8.489539048918537389e+01
8.282261289325029452e+01
7.608708016865509194e+01
7.980180275833349413e+01
7.238171474454712495e+01
7.141137622350051117e+01
7.125586593926669821e+01
7.580901644835665820e+01
7.113815891686269310e+01
6.390152058894348386e+01
7.042584767280365554e+01
7.052831200181964277e+01
7.214687379609722484e+01
6.663054597561480819e+01
6.475044834519670189e+01
6.795585928756426597e+01
7.321226281017986537e+01
7.140358665178949593e+01
7.439295782782667743e+01
7.158184773515554866e+01
7.369837510610943809e+01
7.573120124891276816e+01
7.582784094204403402e+01
7.890872889559324221e+01
8.112472869192632174e+01
8.543962897965037939e+01
8.790145968434327983e+01
8.892163570748041934e+01
8.727524579740553179e+01
8.056073068594217546e+01
8.446525921300811035e+01
8.841424310217833238e+01
8.757421348315949672e+01
8.437781093559085832e+01
8.778852721030212081e+01
8.704174488278935939e+01
8.433291321234779048e+01
8.738190224750417201e+01
8.677957390466546883e+01
8.420738217396417724e+01
8.164509303603958301e+01
8.174352635022036395e+01
8.732437998195155160e+01
8.793266269644689714e+01
9.082250605157233281e+01
9.384903463234557819e+01
9.271913672303405463e+01
9.119038627242760242e+01
8.903474419430266096e+01
8.867401320231682860e+01
8.610713997133900932e+01
8.125153963045244154e+01
7.960680191926513771e+01
8.482133481184423829e+01
8.080485375843707629e+01
7.494287091986933547e+01
7.713480732303216314e+01
7.912781862430826152e+01
8.149224320799724808e+01
8.397051547286143602e+01
8.727059646390068792e+01
8.612440898779080101e+01
8.980312011202666156e+01
9.178860822702422695e+01
9.333846199965020674e+01
9.279295985155964388e+01
9.150307518913869842e+01
9.256182983090512550e+01
8.859795680904886694e+01
9.313981210478914363e+01
9.510133939000454006e+01
8.867245228771159304e+01
8.908083701378076569e+01
8.893957558127044649e+01
9.239001753635896819e+01
9.755029479087914979e+01
9.233031765741613128e+01
9.052058946351664304e+01
8.787380345237450285e+01
8.430736814609798557e+01
8.360839318373355411e+01
7.832046517137386843e+01
6.943008818835012619e+01
7.181433179506237252e+01
7.636891868995148513e+01
8.120381892847261440e+01
7.907001079709031899e+01
7.779570719476122065e+01
7.204877480756404395e+01
7.199975200092383432e+01
7.579446816972327383e+01
7.150106681571392642e+01
7.344525041239730001e+01
6.781624358244489770e+01
6.567059588745858889e+01
5.985063048307840461e+01
5.931086587573882696e+01
6.830727016860954848e+01
6.996731429550568748e+01
6.244707157807475539e+01
6.472118263459384480e+01
6.286708971436402749e+01
6.493931679834210513e+01
6.693698516137074250e+01
6.261770044185045947e+01
6.318562715403635366e+01
6.651627787393854874e+01
6.969174518575256627e+01
6.895199846642108810e+01
6.922698743097933516e+01
6.373558187388879048e+01
5.726492539816732119e+01
5.879739693765831987e+01
5.943418181258181221e+01
6.204953465755468756e+01
6.508914403987091646e+01
6.553041858366442796e+01
6.766430079080917892e+01
6.829709818926214382e+01
7.660737898086044595e+01
7.578091253046999043e+01
8.098184928493091661e+01
7.888272870268455961e+01
8.020240828451319715e+01
7.305387803904886823e+01
6.714438226088003603e+01
6.886140816527775144e+01
6.908088920713920800e+01
7.180921225944270248e+01
7.496594697324542267e+01
7.284375154130674446e+01
7.193484188428135440e+01
6.855196248433291828e+01
7.406093091588360267e+01
7.686263292339040731e+01
7.718349850797685008e+01
7.565959308859272880e+01
7.482978757795336833e+01
7.334798715542798675e+01
7.447586284108612631e+01
7.200817889220030565e+01
7.668872266255709746e+01
7.897262459249590449e+01
7.676346302942594946e+01
7.459657317943781152e+01
7.823460757803833587e+01
7.730724873720404844e+01
7.846685393893010030e+01
7.595027336094904058e+01
7.779617927230142982e+01
7.559878212526166408e+01
7.867611480967870818e+01
8.757289365609499043e+01
8.455308557205789555e+01
8.476502556283526246e+01
8.074041187239249950e+01
8.954591475017186042e+01
9.270876394187030201e+01
9.108551784782571303e+01
8.987670935139051664e+01
9.013891418731070360e+01
8.685556390732661214e+01
9.177563854031414792e+01
8.748490360147668810e+01
8.787846183164893432e+01
8.728420548691350689e+01
8.460710247970069986e+01
8.792886094904802974e+01
8.357538014816303473e+01
7.829750798476294449e+01
7.953179543073133573e+01
8.229207922491124805e+01
7.542407679799391929e+01
7.260427883771177449e+01
7.370865356510886102e+01
7.462054018792377974e+01
7.730009807905540242e+01
7.534503790917305821e+01
8.127193916222402947e+01
8.426436055940754954e+01
8.331952617671441885e+01
8.549732413661917008e+01
7.875852581623688309e+01
7.787132562888447751e+01
8.371162937681602045e+01
8.597359271894229948e+01
8.006974401849188894e+01
8.264418287368262384e+01
8.155810165160482939e+01
8.216858009251723161e+01
8.723540491407023012e+01
8.615544533621901735e+01
9.221054513029699251e+01
9.572807742266665798e+01
9.608339859223316637e+01
9.671113346815741352e+01
8.978856967856421534e+01
8.814358319531790187e+01
8.321313526572947694e+01
8.174777894095328179e+01
7.936166530714432099e+01
8.025977674929706041e+01
7.756826260273176388e+01
7.959934778987428672e+01
8.638783588549976855e+01
8.084130194380098544e+01
7.809245161646546762e+01
7.487542957640721397e+01
8.058227858869976501e+01
7.816795537538632743e+01
8.520591385880180724e+01
8.245712784200648571e+01
8.099679829809953446e+01
8.203562599341644557e+01
8.404690195209930437e+01
8.291368356748411372e+01
7.982015859667441759e+01
7.781567599513023481e+01
7.715140727572514834e+01
7.954614189220139053e+01
8.105191255171995124e+01
8.534821924677783045e+01
8.514535135139045963e+01
8.700632379995404619e+01
8.784669304696033976e+01
8.671420500090096084e+01
8.473490512551759934e+01
8.005142363051595567e+01
7.993315658356260656e+01
7.691919465535669076e+01
7.389699563051927100e+01
7.626066598568600341e+01
8.128675372115647235e+01
8.093250879018914645e+01
7.660473727366741059e+01
7.349290460919657164e+01
7.027464588152621161e+01
6.563354772209076771e+01
6.151242080095128983e+01
6.269233561341843597e+01
6.541950086803292663e+01
6.045017671122597847e+01
5.969287663754231232e+01
6.045562790344646942e+01
6.487655962292369338e+01
5.993350660704207655e+01
5.705588228771318882e+01
5.849371099800725915e+01
6.126438776006796161e+01
6.203739364652415134e+01
5.897114177147834368e+01
5.564637373470768011e+01
5.656276871781876991e+01
5.298413703496667893e+01
5.422339745913032516e+01
5.755916754650715461e+01
5.701495439654622999e+01
4.653045901164281872e+01
4.812079822821917219e+01
4.872934778698117952e+01
4.851138126725265920e+01
4.516871978364378037e+01
5.008866979806478525e+01
5.172518255949978538e+01
5.240708311540109321e+01
5.674817134029785848e+01
5.583782066176617320e+01
4.927102370784936625e+01
5.914116838362255635e+01
5.424840464218328862e+01
5.346474735616416751e+01
5.320782469822096061e+01
5.860804652588284114e+01
5.686240078371950801e+01
5.138007934115412922e+01
5.558032940364832086e+01
6.073306369354769174e+01
5.859899470837518720e+01
5.776991413551766641e+01
5.623301441987047156e+01
5.690570129253184462e+01
5.926372596020536321e+01
5.892989015999749824e+01
5.709259580690337543e+01
5.871627439096758394e+01
5.761268449931651503e+01
6.275548656698381933e+01
6.227470932330062681e+01
6.774441854804820196e+01
6.955007444339678102e+01
7.071289948418333893e+01
6.151490699844259780e+01
6.060985145299535759e+01
5.554254344729828574e+01
5.484922591581965889e+01
6.129700443161634382e+01
6.072431047488689160e+01
5.680643434582555074e+01
5.633709774950987992e+01
5.795676152881836174e+01
5.859981060342565229e+01
6.399921734558476771e+01
5.797242055385486026e+01
5.592987630758483419e+01
5.680027450549023627e+01
5.873133715418744316e+01
5.527419504085190738e+01
5.600425752941478663e+01
5.491985321188992941e+01
6.395918724108457809e+01
6.001125000679472521e+01
5.829657583646670105e+01
5.989535373844400112e+01
6.928245059390413019e+01
7.468048325990447722e+01
7.521279316338922172e+01
6.964349325948721514e+01
6.601994827601312466e+01
6.467970815761754011e+01
6.436713501223837852e+01
6.738579299342796958e+01
7.290309790032058856e+01
7.733013632266357718e+01
7.062753798791980842e+01
6.995665500270735038e+01
7.190371071534663372e+01
7.116321744952756490e+01
6.375425599691273248e+01
6.535448575151495731e+01
6.508042934673007096e+01
6.300049875561397528e+01
6.398892766089605288e+01
6.399763436797314853e+01
6.605896542309001518e+01
6.646698671546033665e+01
7.199111443022420076e+01
7.472871371417814146e+01
7.860492039361980687e+01
7.885919692416632643e+01
8.015136867409088950e+01
7.635758933636385848e+01
7.283349765963166078e+01
6.960160967765956741e+01
7.126369449974718862e+01
7.494781888641253431e+01
7.731510080163873511e+01
8.240240807357932340e+01
7.952333894369979816e+01
7.608193007687026466e+01
6.993416019565421493e+01
6.617845648764055966e+01
7.048440215211992665e+01
6.772229873165265701e+01
7.169716743870715447e+01
6.498571341761461895e+01
6.074871413760394034e+01
5.949488956601480538e+01
5.549965071405442529e+01
6.106823054436742382e+01
5.865870046809060057e+01
6.758647206157661458e+01
7.190900454733504432e+01
7.070645737419171439e+01
7.389351363494050418e+01
6.895991634652651214e+01
6.391009582058049432e+01
5.658686301939731322e+01
5.842083954186047379e+01
5.985119498538617222e+01
6.283765935336781183e+01
6.382760362697267453e+01
7.011175886214448383e+01
7.094073046211362055e+01
6.736052428082619770e+01
7.130053357444387530e+01
7.422291853626654756e+01
7.839948734133551511e+01
7.565980815275037230e+01
7.416816895939911092e+01
7.318189414352724498e+01
7.714060583830159601e+01
7.679153775774804558e+01
7.126543780030188202e+01
6.807527461163066107e+01
7.350060668649518902e+01
7.005337001591612989e+01
6.787616593884435190e+01
6.404566445529776786e+01
6.449715435134872621e+01
6.506904382297511802e+01
6.488421275775377239e+01
6.283428855970174709e+01
6.273632448833879494e+01
6.373253022139348900e+01
6.712438707819366357e+01
6.391191527014451879e+01
6.670616816667856597e+01
6.768966940366188112e+01
6.791715672126196068e+01
6.420275725474037642e+01
6.150735874893391042e+01
6.666535922335361875e+01
6.208261494222116994e+01
6.560472125521161502e+01
7.038794064461113464e+01
6.793307674266230833e+01
6.500571982242072977e+01
7.013785173124429662e+01
7.005607121800974824e+01
6.662833695347156038e+01
5.998451052371945025e+01
6.629738633404119241e+01
5.746123562105435667e+01
5.864591568567125535e+01
5.696158538663947013e+01
5.892407972473581879e+01
6.262792347240781510e+01
6.285091988083983949e+01
6.181406788338702540e+01
5.903488570424592297e+01
5.918396708503939863e+01
5.849377683362754965e+01
5.533002809072927164e+01
5.021931826832576462e+01
4.860942719215918828e+01
5.012275302545910449e+01
5.424639312826194271e+01
5.366622064057565922e+01
5.644929808650617531e+01
5.883548959362214248e+01
5.641505818796937888e+01
5.906329222967478643e+01
6.044236388904671742e+01
5.945159305907313296e+01
5.873941093415157866e+01
7.228363984362823658e+01
7.516859184029024732e+01
7.270113348998151537e+01
6.729275665991738720e+01
6.078377932549551588e+01
5.592717687109495728e+01
5.769631403314123475e+01
5.596261193455548266e+01
5.463156296130105716e+01
5.387122711949160703e+01
5.705823781499387337e+01
5.781477109505327405e+01
6.173968390684565577e+01
6.593779678268863620e+01
6.639109146103464809e+01
5.953728011550578003e+01
5.997374417720000395e+01
6.273105410016184180e+01
6.292512208535966067e+01
6.485267108800644564e+01
5.864609705753539970e+01
5.570103100585239986e+01
5.546562024638046751e+01
5.330102922690660705e+01
5.138692109740424030e+01
5.279732501429528213e+01
4.975048235729931889e+01
5.147037442252812411e+01
4.956002747046909462e+01
5.494842060284254615e+01
5.761902911714543052e+01
5.107958643669564935e+01
5.358734002292243304e+01
5.349006856652360398e+01
5.332911947102488170e+01
5.273544316763084794e+01
5.522404008448796731e+01
5.284044945177198827e+01
5.377130319421550553e+01
5.239811096867093454e+01
5.355307901028776030e+01
5.527923766852016740e+01
5.477566943760129448e+01
5.685625152878996857e+01
6.148902421044087419e+01
6.197180698982302260e+01
5.999941070593044401e+01
5.390150766644069336e+01
5.164411788570498629e+01
5.743467870941000797e+01
5.937066313613995305e+01
5.626577130207262201e+01
5.570023534667235765e+01
5.417904963495260517e+01
6.025806237404070487e+01
6.129372395050297939e+01
5.656644144465995794e+01
