1.731179205824107328e+02
1.744337438807274054e+02
1.738314632898618015e+02
1.741270264577788112e+02
1.740730218919752872e+02
1.422059801384974662e+02
1.757479918786979738e+02
1.712575665067866453e+02
1.753653428488071881e+02
1.739194630826861498e+02
1.740104334261716019e+02
1.752021284694712620e+02
1.780092144986943481e+02
3.229205846484783482e+00
1.755575197430249830e+02
1.763722826313086784e+02
2.520686427959780573e+01
2.142059752426205943e+00
1.557791599041169839e+01
1.704754906900753042e+02
1.765556927516265375e+02
1.755193963412532980e+02
1.653175114615190182e+02
1.575505784922214616e+02
1.474683843312368481e+02
1.441080663168143019e+02
1.418537296247054087e+02
1.391602485532308151e+02
1.323232854221785715e+02
1.293372034377032378e+02
1.254136479079574542e+02
1.280001003426644957e+02
1.281187409685142313e+02
1.327622464872757462e+02
1.270051237507352937e+02
1.249270150980754295e+02
1.193881430361112166e+02
1.168688190568804970e+02
1.200288516668619963e+02
1.276221232464996262e+02
1.235036408887432060e+02
1.199760945264909537e+02
1.174054507655125832e+02
1.180619994723603554e+02
1.206617218411003734e+02
1.258491130336631585e+02
1.263755095390063445e+02
1.266286069094887097e+02
1.257656705968563955e+02
1.248575805926064106e+02
1.249889690020153807e+02
1.204164236324070032e+02
1.164378588457957022e+02
1.183317216122960218e+02
1.226307695296470257e+02
1.257841021363493610e+02
1.238507185460981788e+02
1.228590313363710322e+02
1.198550441941348765e+02
1.183852441567851059e+02
1.192551140510933720e+02
1.211831538766409864e+02
1.207118096089988910e+02
1.250730948196205219e+02
1.235869726992977036e+02
1.236581268271089868e+02
1.241008570311137333e+02
1.186995389385387369e+02
1.165793947399877766e+02
1.151975231980974996e+02
1.150809447406526687e+02
1.200181775744844401e+02
1.159831850911862574e+02
1.128101410942301328e+02
1.162790758673002074e+02
1.181319578870657097e+02
1.170737827283313095e+02
1.202273007830351474e+02
1.185462163447870978e+02
1.177366489684313535e+02
1.166546702690479407e+02
1.141533353837962323e+02
1.163035205471645099e+02
1.180246756858629738e+02
1.225244638845635023e+02
1.226856842936094836e+02
1.263465853988810039e+02
1.204895707001056735e+02
1.210626560727277337e+02
1.203091857396963178e+02
1.168008222871535651e+02
1.117619511188995745e+02
1.070978476413915956e+02
1.041077254431349530e+02
1.048484858237504653e+02
1.097149508202766981e+02
1.065208858970063801e+02
1.056778484577779125e+02
1.033201508518128406e+02
1.029068618845681868e+02
9.731124130400056060e+01
1.031291587138864969e+02
1.041838790330883029e+02
1.070693830455509499e+02
1.054741528009851095e+02
1.119026967799354395e+02
1.102454432158727116e+02
1.111535276163889705e+02
1.106953875432127887e+02
1.087018743553130520e+02
1.026324125692840994e+02
9.784341831091802533e+01
1.000785111156768892e+02
1.008054668563890885e+02
1.005338603298635718e+02
9.863850975268856303e+01
1.052956514904302452e+02
1.041699939963766610e+02
1.104175880542259165e+02
1.093941361952392981e+02
1.013502828932286093e+02
9.684357608069790047e+01
9.748231735198682202e+01
8.975502947779781948e+01
8.663841095826172989e+01
8.863923015695421270e+01
8.681033936554497643e+01
9.280715208119973170e+01
9.053124257508578410e+01
9.454987121430281150e+01
9.073072479386800637e+01
9.121825028958836867e+01
8.933489530837994153e+01
9.102749089780668612e+01
9.446583071231896156e+01
8.890604372534244249e+01
8.476398789504098374e+01
8.340402674239142300e+01
8.399749791538208399e+01
8.482428099940193533e+01
8.878276710401785010e+01
8.999328718403481275e+01
9.326596225815376329e+01
9.206623137780459842e+01
9.273652273548789537e+01
9.926658727746256261e+01
1.004913904479167428e+02
1.002141885028499928e+02
1.049707688624344115e+02
1.050532282226030816e+02
1.057663591299555321e+02
1.002665941841504349e+02
9.696637971462108396e+01
9.637036608330924992e+01
9.655509992524002882e+01
9.731398493909281910e+01
9.529859073996618690e+01
9.328603393254390141e+01
8.885212022001715582e+01
9.188864903405224993e+01
9.158617668435178416e+01
9.394002828453609766e+01
9.433602063098804535e+01
8.717701116978527409e+01
8.440777471166573775e+01
8.680567733538859443e+01
8.724348778901723733e+01
8.926472998709678564e+01
9.148737832543048398e+01
9.077315555771565414e+01
8.900441408492743278e+01
8.562620236344669422e+01
8.535534528130368415e+01
8.435871571639316358e+01
8.932979823822205390e+01
9.208343853990544403e+01
9.371133761925531758e+01
9.441456534031699732e+01
9.474309023413321995e+01
9.318349706814169053e+01
9.059783165879194655e+01
9.077991711344033376e+01
9.166039414410585096e+01
9.112116341030618116e+01
9.092169834401725836e+01
9.064156218697733891e+01
8.961248781799704943e+01
9.319241672458426251e+01
9.286134587054311851e+01
9.663344582543210493e+01
9.779723654009717393e+01
9.790245533970362146e+01
9.110979220258795408e+01
9.188143405544865061e+01
8.925290992852144711e+01
9.371150969493805860e+01
9.004442083953117049e+01
9.346338400537874236e+01
9.008392537195366856e+01
8.288146666440540855e+01
7.884291161088972899e+01
7.335787202567287579e+01
7.179862998448254530e+01
6.959010754041597124e+01
7.456737082637248193e+01
7.805832315220156659e+01
7.230690420752095804e+01
7.276537472229749426e+01
7.660449522099729336e+01
8.293479983676101597e+01
8.292604949003774095e+01
8.637134878822348583e+01
8.142393589850649960e+01
8.666391045388498071e+01
8.554580321936306575e+01
8.505425418532941251e+01
8.178020613096701652e+01
7.956738837759830574e+01
8.228439698363226285e+01
7.657097758579857327e+01
8.343319290916623743e+01
8.425049869572384864e+01
8.678900597050913746e+01
9.111573459249032680e+01
8.571596417339866036e+01
8.421339214976897836e+01
8.838409636426646898e+01
8.710173628918848010e+01
8.576692226155620347e+01
8.377156539201557450e+01
8.550048872666431521e+01
7.580451373175122853e+01
7.633333504897935029e+01
8.620509206755112075e+01
8.469054846231290412e+01
8.701658868981756711e+01
9.234351767028336155e+01
9.295659868949130100e+01
9.014115092062077395e+01
9.069397877566866839e+01
8.854258575351751404e+01
8.614216952167595309e+01
8.799399191281906951e+01
8.546458125175850284e+01
9.016297682509134859e+01
9.134731019656965145e+01
9.198168987247366601e+01
8.832157253233089023e+01
9.236543935720854392e+01
9.254559687653832611e+01
8.721158252518475251e+01
8.914445948069277392e+01
9.168470106715963652e+01
8.960895345049961236e+01
8.574722108081243732e+01
8.722310338955455222e+01
8.460780168451650241e+01
8.962716354709569089e+01
9.129233369022783506e+01
9.167621215802898860e+01
8.404839008344120543e+01
7.786135458303934342e+01
7.945126854132797689e+01
8.204497792984855664e+01
8.506445679855181652e+01
8.521811243978991968e+01
8.434770182780657422e+01
8.787648289541927227e+01
8.672309268180151776e+01
8.660240139814355587e+01
8.931602361713144944e+01
8.873863914743546388e+01
8.794228507531923356e+01
8.497498994412988793e+01
8.627806810968780837e+01
8.367473803432515922e+01
8.095802015653607953e+01
8.189473995482356372e+01
8.045495557751286242e+01
8.404367275762577094e+01
8.164812959992634944e+01
7.559800156128564197e+01
7.223441141583197123e+01
7.200791835642650085e+01
6.433749841494083910e+01
5.953835011010637857e+01
6.371008487708840562e+01
6.795418459400788436e+01
7.224856767836941174e+01
6.818904260942902340e+01
7.096998547445879524e+01
7.076280326378962116e+01
6.823656476748311661e+01
6.811705747710762182e+01
7.379692383374184317e+01
7.410631381791344552e+01
7.126642024378953977e+01
7.182089609439530875e+01
7.527708691599657698e+01
7.542094641406153244e+01
7.847604296346926844e+01
8.287755217954885723e+01
7.447566442425123512e+01
7.135083617536268719e+01
7.702456626934497308e+01
7.253480417584843565e+01
7.552622170815861580e+01
7.319247641296466611e+01
7.057631026949648856e+01
6.695089801856909162e+01
7.036308481096257594e+01
7.289250200275742486e+01
7.378500162402451679e+01
7.682774021532324582e+01
7.649246475915568055e+01
7.479963904651890516e+01
7.088746238589156690e+01
6.805809765461185634e+01
7.017440894196023748e+01
6.886800942747230181e+01
7.080504551720386530e+01
6.911061766617376634e+01
6.670784733201429617e+01
6.475299102954542718e+01
6.448854181143781261e+01
6.643970362306585287e+01
6.737157511214289229e+01
6.925668522243742586e+01
7.088439524125817570e+01
7.490479071665032507e+01
7.842618717441449405e+01
7.258147718500363510e+01
7.491729532619687859e+01
7.946070922255027824e+01
8.076244864935800649e+01
7.537899796035041788e+01
7.300129947789007190e+01
7.833174575416992980e+01
7.607705055864180110e+01
7.907533731934334753e+01
7.425398771094810968e+01
7.919333970813906376e+01
7.647933926325818277e+01
7.564379785848990423e+01
7.222227442794286389e+01
7.571952931800979059e+01
7.661648402999115604e+01
7.014842682683081421e+01
6.859238392817719898e+01
6.598290299261810787e+01
6.343869014259269790e+01
6.736908811637105998e+01
6.651242569199557408e+01
6.894008162904124504e+01
7.080919974584845988e+01
7.368026872743529054e+01
7.172926949812797659e+01
7.403995138258929387e+01
8.238671750974864949e+01
8.271651769596243753e+01
8.147695629458705469e+01
8.279696096702478769e+01
8.830964443921351403e+01
8.624790518907742864e+01
8.282062428579945390e+01
7.987692514980375336e+01
7.663315739724440334e+01
7.928440441757879853e+01
8.090594249451125108e+01
7.920598495856637555e+01
7.595574975799814865e+01
7.847020579903147564e+01
7.942981759965688582e+01
8.045774198573104741e+01
7.843917876671693534e+01
8.036909952544394287e+01
8.128112088018427528e+01
8.260663710592207565e+01
8.414762845027148330e+01
9.184381652263381568e+01
8.799606657298389223e+01
8.555054656439251914e+01
8.087658730497041404e+01
8.516526237178209158e+01
8.807537906839543496e+01
8.374261060414013969e+01
7.944462074068118795e+01
7.708221136722124811e+01
7.556622236232058754e+01
7.168828245337606120e+01
6.778946824730712706e+01
6.688617405188080056e+01
6.237999239056881606e+01
6.505718218001737796e+01
6.486647894748507781e+01
6.000269347985010171e+01
6.124379020506140847e+01
5.668444331679062742e+01
5.849576969125284620e+01
5.737264208542866584e+01
5.567458570455563915e+01
5.750964301269118550e+01
5.409122963451103772e+01
5.526862444773536964e+01
5.392212476218937667e+01
5.448183436861971529e+01
5.774399334788650862e+01
5.999898221784123109e+01
6.695356592526411532e+01
6.592100068476779029e+01
6.088222956554211152e+01
5.917140332591330321e+01
6.067413434664923955e+01
6.231210282842071280e+01
6.483287032713032261e+01
6.653294232026007649e+01
6.616380024575833829e+01
6.544625929580232082e+01
6.573728086897305900e+01
6.561495360414777167e+01
6.254212857610743725e+01
6.292918383122852077e+01
6.058409231235575731e+01
6.021900097356967763e+01
6.163845533858899728e+01
6.419770195990537331e+01
6.920614189753128187e+01
6.353523036179688432e+01
6.385184288031518918e+01
6.694288482031717535e+01
6.884417377178500885e+01
6.907496327381988976e+01
7.154724715662240442e+01
7.225249078293876437e+01
7.217229759298261627e+01
7.218776965240276411e+01
6.796229336854874248e+01
6.797817675366601975e+01
6.620889221017479542e+01
7.024795311618701987e+01
6.967655220914237191e+01
6.672415406020532203e+01
6.869864836634945959e+01
6.962223493280914965e+01
7.541454637939234829e+01
7.418835439129938436e+01
7.637333565376333411e+01
7.477154416260533765e+01
6.940237613252001836e+01
7.324325131713834480e+01
7.188092018523856552e+01
6.970799848535534693e+01
6.735048518273927698e+01
7.125425037256657390e+01
7.357141765530818134e+01
7.037333570502700297e+01
7.414387366470113250e+01
7.858527887948183377e+01
8.051579918086495979e+01
7.923099873105317670e+01
7.935882056937808215e+01
8.147859589882972386e+01
8.263630638479578749e+01
8.076146200636591743e+01
7.625527342863243518e+01
7.608948716331180151e+01
7.705716338435047419e+01
8.142021276477848346e+01
8.273821155607107869e+01
8.471469364139257152e+01
8.325370115913605673e+01
8.972478932631749160e+01
8.679289185097805159e+01
9.168815041521440889e+01
8.696523398649755165e+01
8.084703960537120793e+01
7.991198730885723478e+01
8.351014019842703817e+01
8.048428716443824271e+01
7.501814478989045654e+01
7.611972796074471148e+01
7.854176883910659512e+01
8.251662823293239057e+01
8.605790438910123896e+01
8.340462990333476512e+01
8.262190216668696507e+01
7.932891680351814045e+01
8.012969448236709979e+01
7.865533097469932500e+01
7.589143026146112447e+01
7.565829438652603756e+01
7.983999441431944888e+01
8.199778012993594700e+01
8.424889982205561978e+01
8.100187451530064209e+01
7.962076888420581611e+01
8.203493955804773918e+01
7.666889425719809026e+01
8.146775720944198440e+01
7.792985089010544186e+01
7.827621623473768864e+01
7.879748253520590140e+01
8.018554472988267889e+01
7.810538437710565063e+01
7.685827398512148534e+01
7.968639685223503477e+01
7.643643149527359526e+01
8.323547643932208473e+01
8.316051879383196876e+01
8.223975437598370775e+01
7.743139558041903570e+01
7.317716531083826226e+01
6.998312836432151585e+01
7.412215740570152889e+01
8.053944491227696290e+01
8.011496495622027680e+01
7.544251065038723425e+01
7.415600887037666666e+01
7.588988580743276202e+01
7.635129016741120722e+01
7.167297763943641087e+01
7.195094989120221385e+01
7.543201902961203587e+01
7.926081620628544044e+01
7.600613255935411416e+01
7.353869351368210516e+01
7.870936646288035377e+01
7.420801471946381866e+01
6.892622581937823156e+01
7.958858431133783995e+01
7.480359121878908013e+01
7.451570549586620018e+01
7.552991308399140280e+01
7.173420913362522811e+01
7.321178908857204704e+01
7.412890434574347864e+01
6.782855494133995933e+01
7.154581472265535069e+01
7.138872934979319496e+01
6.795371658621132838e+01
7.115606150330565072e+01
7.139948623681436857e+01
7.019342376699461283e+01
7.185060395322099680e+01
6.845012036754117446e+01
6.600379643015298825e+01
6.510242413119310356e+01
6.106333204391216185e+01
6.365560950577702215e+01
6.728203448028274636e+01
6.793043254928514330e+01
6.765272218135243065e+01
6.507370091410324164e+01
6.729248258027494956e+01
6.746502188462929439e+01
6.454778458949017761e+01
6.325275282781562680e+01
6.582977920967249474e+01
7.076662421458799201e+01
6.747390625129720831e+01
6.628227169582419265e+01
6.681990564782937270e+01
6.684363831545469736e+01
6.389091646782942036e+01
6.004358668134626953e+01
6.023119190784026955e+01
6.209385422186638692e+01
5.786953683724861719e+01
6.427734895931305914e+01
6.823513390456402306e+01
7.041115894437368183e+01
6.923975902340022515e+01
6.662950651770097465e+01
6.257161578851470551e+01
6.115881365515937063e+01
5.731392584884085295e+01
5.664753012057487780e+01
5.455638956427295483e+01
5.523836038582864916e+01
5.187143718115897428e+01
5.239735762376950845e+01
5.269538265797886822e+01
5.234428219358468937e+01
5.101996090533869932e+01
5.205422615898829264e+01
4.809771475184196987e+01
4.828270651697990701e+01
4.520644936271931869e+01
4.612392022620562670e+01
4.611371437718170085e+01
4.690690070550699176e+01
4.778187676180927923e+01
4.587902635958111119e+01
4.275466208963110404e+01
4.430145622539829731e+01
4.518175622378734602e+01
4.808245781716726697e+01
5.238050405544010601e+01
5.002458342523557633e+01
4.678006585645715631e+01
4.542795001166280144e+01
4.950617923907892504e+01
5.130183096758825201e+01
4.794387388669269257e+01
4.997810313985836217e+01
5.352003031539272371e+01
5.187145304264770829e+01
5.218090020058405543e+01
5.230499211987405062e+01
5.531318772307184872e+01
5.371159850513409850e+01
5.525884001264110879e+01
5.116435060155156833e+01
5.487562936498920152e+01
6.252325457620709415e+01
7.029347237822847205e+01
7.005484706163225894e+01
7.216710015924782340e+01
6.887499456139707377e+01
6.407934041646312551e+01
6.640878632694408168e+01
7.335526962562880726e+01
7.486886633452523654e+01
6.693306726159288189e+01
6.334385736433227265e+01
6.427461327243793221e+01
6.460519689315341907e+01
6.178002560366142859e+01
5.919984647561407343e+01
6.071735652993762500e+01
6.516475224439550118e+01
6.164215153749759679e+01
5.909138129004725215e+01
5.996602026286792864e+01
6.048291226651454622e+01
5.989506759925723856e+01
6.028751857976206452e+01
6.057687935986981387e+01
6.097876426752583967e+01
5.855146617921231211e+01
5.699790946902217570e+01
6.042249938500983575e+01
6.012666711868341451e+01
5.521311105550000775e+01
5.453505352697322905e+01
5.204025554501412643e+01
5.298088555507828090e+01
5.504142520565088148e+01
5.620618488718622530e+01
6.110318324302254922e+01
6.159025321185384172e+01
5.430913968931529467e+01
5.252075104870604605e+01
5.281681331266941726e+01
5.552732445597860078e+01
5.361428014052653879e+01
5.495274726618893624e+01
5.892647576065172643e+01
5.746136974583697565e+01
5.618799954121495688e+01
6.120221356943389424e+01
6.548463160845996356e+01
6.760966454556805161e+01
6.631660967637395743e+01
6.677179013615032943e+01
6.682911382348255813e+01
6.375017811356461550e+01
6.705235501981093194e+01
6.801911060281680932e+01
6.835766086541887887e+01
7.135604032028246024e+01
6.811974383570695579e+01
6.533320727000057104e+01
6.572527781578125428e+01
6.563839688234594405e+01
6.465932810525349339e+01
6.292323665983287384e+01
6.681728088187335857e+01
6.586404829429547192e+01
6.586183609248007542e+01
6.466379905751723811e+01
6.721292700556112720e+01
6.221438227971594159e+01
6.400176765826738290e+01
6.896138628050154296e+01
7.066030426770460338e+01
7.191279042806894495e+01
7.125259532198261070e+01
6.921064032851039372e+01
7.225666304869500323e+01
8.240505927777384443e+01
8.511314545883413984e+01
9.193437864929406089e+01
8.221186905347781249e+01
8.080554316593264730e+01
7.912314185678383183e+01
7.607778366180461660e+01
7.349477297649794139e+01
7.518782101824308484e+01
7.322479422539873894e+01
7.280082606477898821e+01
7.165365480520762276e+01
7.083845904198014409e+01
7.333279566222837786e+01
6.450505913486639997e+01
6.497646940533198290e+01
6.624197911805673300e+01
6.969909712527609713e+01
7.301442299405725578e+01
7.301430858669655777e+01
7.793750957916152799e+01
7.518046232246601335e+01
