8.823744099115788231e+01 7.616622291220283891e+00
9.054777080296484826e+01 7.689901922093536513e+00
9.050784124716793144e+01 7.520078279784628172e+00
8.941314562985340331e+01 7.376694187309454698e+00
8.977628710144969659e+01 7.324097754068589872e+00
9.017090303703690779e+01 7.309582960177285038e+00
8.919242387284427309e+01 7.094003181702206895e+00
8.901438635867515359e+01 6.913994120788363951e+00
8.816426701462920335e+01 6.821219549969002927e+00
8.945074509381400674e+01 6.941609507006635482e+00
8.859386974690593775e+01 6.949345815792198344e+00
8.898351432645279147e+01 6.840741026250843682e+00
8.878535053946662003e+01 6.808426683498660203e+00
8.839040397329682719e+01 6.877875877896109102e+00
8.983284764802071720e+01 6.750617060492586141e+00
8.873843959792897351e+01 6.609345076252865603e+00
8.811081308245658761e+01 6.529861116802287313e+00
8.885654580734598085e+01 6.532567522659292081e+00
8.829056073935763038e+01 6.470006388280050480e+00
8.843104053007473908e+01 6.351601073805474229e+00
8.758380482679689294e+01 6.183719817589332202e+00
8.755641049752398430e+01 6.013308000000000320e+00
8.978829752660404040e+01 6.013308000000000320e+00
9.148185260777457017e+01 6.013308000000000320e+00
9.246011577615402643e+01 6.013308000000000320e+00
9.319354010427264257e+01 6.013308000000000320e+00
9.359907128595058623e+01 6.013308000000000320e+00
9.428802903460984908e+01 6.013308000000000320e+00
9.472417467472740782e+01 6.013308000000000320e+00
9.516638203701725729e+01 6.013308000000000320e+00
9.542603951504366933e+01 6.013308000000000320e+00
9.576608112525809702e+01 6.013308000000000320e+00
9.627697232175056286e+01 6.013308000000000320e+00
9.705254131430172038e+01 6.013308000000000320e+00
9.770184403802134909e+01 6.013308000000000320e+00
9.817771360130073788e+01 6.013308000000000320e+00
9.849297077257509159e+01 6.013308000000000320e+00
9.873607295125681560e+01 6.013308000000000320e+00
9.915941120386743535e+01 6.013308000000000320e+00
9.940105753396899502e+01 6.011727208449191728e+00
9.965154438787602942e+01 6.013308000000000320e+00
9.973943557148180616e+01 6.013308000000000320e+00
9.988577061471943352e+01 6.013308000000000320e+00
1.001632237775587555e+02 6.013308000000000320e+00
1.006849637639640491e+02 6.013308000000000320e+00
1.010894247824243877e+02 6.013308000000000320e+00
1.012022620259468226e+02 6.013308000000000320e+00
1.013702299444134241e+02 6.013308000000000320e+00
1.015564662060894392e+02 6.013308000000000320e+00
1.019093843752280861e+02 6.013308000000000320e+00
1.020517063452470978e+02 6.013308000000000320e+00
1.022855431008765237e+02 6.013308000000000320e+00
1.025049720755114038e+02 6.013308000000000320e+00
1.028195953020326670e+02 6.013308000000000320e+00
1.030478146337021599e+02 6.013308000000000320e+00
1.032155527071626153e+02 6.013308000000000320e+00
1.035686988232112498e+02 6.013308000000000320e+00
1.038815106624080755e+02 6.013308000000000320e+00
1.042909798310297305e+02 6.013308000000000320e+00
1.044333633077237096e+02 6.013308000000000320e+00
1.047712463971103460e+02 6.013308000000000320e+00
1.049809147931156019e+02 6.013308000000000320e+00
1.052546092619476070e+02 6.013308000000000320e+00
1.053362182549520583e+02 6.013308000000000320e+00
1.055518554946158645e+02 6.013308000000000320e+00
1.057976996815327198e+02 6.013308000000000320e+00
1.059893977499477842e+02 6.013308000000000320e+00
1.060173636934045049e+02 6.006379371429604319e+00
1.061062821422407296e+02 6.013308000000000320e+00
1.061555918170898565e+02 6.013308000000000320e+00
1.061938408087747234e+02 6.013308000000000320e+00
1.063515698312710924e+02 6.013308000000000320e+00
1.065142491037795196e+02 6.013308000000000320e+00
1.067467772790020319e+02 6.013308000000000320e+00
1.070374417471630721e+02 6.013308000000000320e+00
1.072112865984535972e+02 6.013308000000000320e+00
1.075167582566990490e+02 6.013308000000000320e+00
1.075975757881319623e+02 6.013308000000000320e+00
1.080523840989571056e+02 6.013308000000000320e+00
1.083474201056020121e+02 6.013308000000000320e+00
1.085452849034016225e+02 6.013308000000000320e+00
1.086518719988598605e+02 6.013308000000000320e+00
1.087446288623710444e+02 6.013308000000000320e+00
1.087823940420116742e+02 6.013308000000000320e+00
1.089131204255924672e+02 6.013308000000000320e+00
1.090738130153749097e+02 6.013308000000000320e+00
1.091985662547733540e+02 6.013308000000000320e+00
1.092695671119546432e+02 6.013308000000000320e+00
1.094323557505361890e+02 6.013308000000000320e+00
1.095141640640043619e+02 6.013308000000000320e+00
1.096790202892235158e+02 6.013308000000000320e+00
1.095893770498155817e+02 6.013308000000000320e+00
1.095853771809704398e+02 6.013308000000000320e+00
1.096818261281532898e+02 6.013308000000000320e+00
1.097118200545689319e+02 6.013308000000000320e+00
1.098945647708758457e+02 6.013308000000000320e+00
1.101286738362835393e+02 6.013308000000000320e+00
1.102419604754213651e+02 6.013308000000000320e+00
1.104003051483548177e+02 6.013308000000000320e+00
1.106279253556643738e+02 6.013308000000000320e+00
1.108603564048314354e+02 6.013308000000000320e+00
1.111061362954392280e+02 6.013308000000000320e+00
1.112617148134724232e+02 6.013308000000000320e+00
1.115006290964823421e+02 6.013308000000000320e+00
1.117224418585371950e+02 6.013308000000000320e+00
1.118704149593904731e+02 6.013308000000000320e+00
1.119129167562406195e+02 6.013308000000000320e+00
1.120448877218804853e+02 6.013308000000000320e+00
1.121237376288550678e+02 6.013308000000000320e+00
1.123178097750091098e+02 6.013308000000000320e+00
1.124575460861231591e+02 6.013308000000000320e+00
1.125197282605591766e+02 6.013308000000000320e+00
1.125962934254479677e+02 6.013308000000000320e+00
1.126246257835314708e+02 6.013308000000000320e+00
1.127011994331320466e+02 6.013308000000000320e+00
1.128000580378430300e+02 6.013308000000000320e+00
1.129197563089817180e+02 6.013308000000000320e+00
1.131455191831927038e+02 6.013308000000000320e+00
1.132115443807316524e+02 6.013308000000000320e+00
1.134130248030026138e+02 6.013308000000000320e+00
1.136049884458153088e+02 6.013308000000000320e+00
1.136778007073707357e+02 6.013308000000000320e+00
1.138626423468852238e+02 6.013308000000000320e+00
1.140794778660543898e+02 6.013308000000000320e+00
1.142394048394846919e+02 6.013308000000000320e+00
1.143221168931343641e+02 6.013308000000000320e+00
1.145158627628197650e+02 6.013308000000000320e+00
1.148008656245256702e+02 6.008885197446642401e+00
1.151231674770602353e+02 6.013308000000000320e+00
1.152514338131789629e+02 6.013308000000000320e+00
1.152178129483959736e+02 6.013308000000000320e+00
1.152608277354225805e+02 6.013308000000000320e+00
1.154659951198239440e+02 6.013308000000000320e+00
1.156132708221331313e+02 6.009521701578544928e+00
1.155998204751061422e+02 6.013308000000000320e+00
1.156640812919922467e+02 6.013308000000000320e+00
1.158306820750495234e+02 6.013308000000000320e+00
1.159648052590829082e+02 6.013308000000000320e+00
1.160848938327597608e+02 6.013308000000000320e+00
1.161450398370105859e+02 6.013308000000000320e+00
1.161991445677172123e+02 6.013308000000000320e+00
1.163010233199421180e+02 6.013308000000000320e+00
1.163829780423838969e+02 6.013308000000000320e+00
1.164004418109373091e+02 6.013308000000000320e+00
1.164491816971449651e+02 6.013308000000000320e+00
1.164415359263998653e+02 6.013308000000000320e+00
1.165083027956532078e+02 6.013308000000000320e+00
1.165070634751180734e+02 6.013308000000000320e+00
1.164771759477467015e+02 6.013308000000000320e+00
1.165151098010367861e+02 6.013308000000000320e+00
1.165486497596438937e+02 6.013308000000000320e+00
1.165593073411895659e+02 6.013308000000000320e+00
1.166388058204982769e+02 6.013308000000000320e+00
1.166277340417064607e+02 6.013308000000000320e+00
1.167345385245581042e+02 6.013308000000000320e+00
1.167042209541139499e+02 6.013308000000000320e+00
1.167814149978710105e+02 6.013308000000000320e+00
1.168350526301877750e+02 6.013308000000000320e+00
1.169869088125976333e+02 6.013308000000000320e+00
1.170248706773859055e+02 6.013308000000000320e+00
1.170168364262938638e+02 6.013308000000000320e+00
1.170932320002736873e+02 6.013308000000000320e+00
1.172173052941905240e+02 6.013308000000000320e+00
1.171750856590989969e+02 6.013308000000000320e+00
1.173543722724465823e+02 6.013308000000000320e+00
1.176320233789246430e+02 6.013308000000000320e+00
1.179775519301240791e+02 6.013308000000000320e+00
1.181737222107148853e+02 6.013308000000000320e+00
1.182176302836577975e+02 6.013308000000000320e+00
1.183669107235165967e+02 6.013308000000000320e+00
1.185023304882659971e+02 6.013308000000000320e+00
1.185764269659077144e+02 6.013308000000000320e+00
1.186866450859832725e+02 6.013308000000000320e+00
1.186958415198710668e+02 6.013308000000000320e+00
1.188855137627092375e+02 6.013308000000000320e+00
1.189343098406423991e+02 6.013308000000000320e+00
1.190462445188002931e+02 6.013308000000000320e+00
1.189911449010550086e+02 6.013308000000000320e+00
1.190305783053608906e+02 6.013308000000000320e+00
1.191777851110208530e+02 6.013308000000000320e+00
1.191569103145266553e+02 6.013308000000000320e+00
1.192581506689849817e+02 6.013308000000000320e+00
1.192723912713351666e+02 6.013308000000000320e+00
1.193323539378899198e+02 6.013308000000000320e+00
1.194027884306311194e+02 6.013308000000000320e+00
1.194117725791908242e+02 6.013308000000000320e+00
1.194337798918994906e+02 6.013308000000000320e+00
1.195133581977990644e+02 6.013308000000000320e+00
1.194880388303789829e+02 6.013308000000000320e+00
1.194390044913390909e+02 6.013308000000000320e+00
1.195702945556866581e+02 6.013308000000000320e+00
1.195803124967073217e+02 6.013308000000000320e+00
1.197017871630508097e+02 6.013308000000000320e+00
1.195439290649948987e+02 6.013308000000000320e+00
1.195524699407233413e+02 6.013308000000000320e+00
1.197467635637685532e+02 6.013308000000000320e+00
1.198314783254911475e+02 6.013308000000000320e+00
1.200195774982961154e+02 6.013308000000000320e+00
1.199689045307486452e+02 6.013308000000000320e+00
1.200543329877671397e+02 6.013308000000000320e+00
1.199108645396124331e+02 6.013308000000000320e+00
1.199075486369088992e+02 6.013308000000000320e+00
1.199161224724657728e+02 6.013308000000000320e+00
1.198661668304802106e+02 6.013308000000000320e+00
1.198348178865407192e+02 6.013308000000000320e+00
1.199197047968680181e+02 6.013308000000000320e+00
1.200276158202718477e+02 6.013308000000000320e+00
1.200916561483904985e+02 6.013308000000000320e+00
1.199724132146719171e+02 6.013308000000000320e+00
1.200538236137224146e+02 6.013308000000000320e+00
1.200410291312184370e+02 6.013308000000000320e+00
1.201129002008912892e+02 6.013308000000000320e+00
1.201821827637697595e+02 6.013308000000000320e+00
1.203365828534081032e+02 6.013308000000000320e+00
1.204374630804295094e+02 6.013308000000000320e+00
1.204442967943391665e+02 6.013308000000000320e+00
1.205981746701556432e+02 6.013308000000000320e+00
1.208041553701503545e+02 6.013308000000000320e+00
1.209207373175257203e+02 6.013308000000000320e+00
1.210127924983234351e+02 6.013308000000000320e+00
1.211153448769472760e+02 6.013308000000000320e+00
1.212294641839688580e+02 6.013308000000000320e+00
1.215604701449971827e+02 6.013308000000000320e+00
1.215121718336178702e+02 6.013308000000000320e+00
1.216639822847525636e+02 6.013308000000000320e+00
1.218046357426129305e+02 6.013308000000000320e+00
1.219396851563231934e+02 6.013308000000000320e+00
1.219709005573248106e+02 6.013308000000000320e+00
1.221037434431624717e+02 6.013308000000000320e+00
1.222253858588839535e+02 6.013308000000000320e+00
1.222497421463674812e+02 6.013308000000000320e+00
1.223401370656958278e+02 6.013308000000000320e+00
1.224241404653242853e+02 6.004088723690344409e+00
1.225590095710983860e+02 6.013308000000000320e+00
1.225823834808030739e+02 6.013308000000000320e+00
1.226078319673867441e+02 6.012579174720341868e+00
1.225412872925246006e+02 6.013308000000000320e+00
1.225379113024172568e+02 6.013308000000000320e+00
1.225630678766059134e+02 6.013308000000000320e+00
1.226982139359889175e+02 6.013308000000000320e+00
1.226869919843616117e+02 6.013308000000000320e+00
1.226719464919223554e+02 6.013308000000000320e+00
1.227213933603668181e+02 6.013308000000000320e+00
1.226469983304391889e+02 6.012836448496846842e+00
1.227527694955210222e+02 6.013308000000000320e+00
1.228028858761760773e+02 6.001698958042593901e+00
1.226862569498189401e+02 6.013308000000000320e+00
1.226470621821009246e+02 6.013308000000000320e+00
1.226823967614214581e+02 6.013308000000000320e+00
1.227948333907418714e+02 6.013308000000000320e+00
1.228508274831965394e+02 6.013308000000000320e+00
1.228409798326959788e+02 6.013308000000000320e+00
1.227870777514299476e+02 6.013308000000000320e+00
1.228823318873962762e+02 6.013308000000000320e+00
1.228180595580386267e+02 6.013308000000000320e+00
1.229266292104198186e+02 6.013308000000000320e+00
1.230292729354786729e+02 6.013308000000000320e+00
1.229809282914173991e+02 6.013308000000000320e+00
1.229687465999685827e+02 6.013308000000000320e+00
1.230746870059530096e+02 6.013308000000000320e+00
1.231705854870940016e+02 6.013308000000000320e+00
1.231210075396834895e+02 6.013308000000000320e+00
1.231343673518342001e+02 6.013308000000000320e+00
1.231112508177983074e+02 6.013308000000000320e+00
1.231120473664304313e+02 6.013308000000000320e+00
1.230476086895036048e+02 6.013308000000000320e+00
1.231260274680180657e+02 6.013308000000000320e+00
1.231887439880770501e+02 6.013308000000000320e+00
1.232249303962921232e+02 6.013308000000000320e+00
1.231299417022218705e+02 6.013308000000000320e+00
1.231147278545337542e+02 6.013308000000000320e+00
1.232099776140564700e+02 6.013308000000000320e+00
1.232325475369123353e+02 6.013308000000000320e+00
1.230097759441835024e+02 6.013308000000000320e+00
1.231814229137003167e+02 6.013308000000000320e+00
1.233997844079863597e+02 6.013308000000000320e+00
1.233382264062602900e+02 6.013308000000000320e+00
1.232282579961753157e+02 6.013308000000000320e+00
1.231716654868136942e+02 6.013308000000000320e+00
1.231764675677670198e+02 6.013308000000000320e+00
1.232222327760640610e+02 6.013308000000000320e+00
1.232820006592992570e+02 6.013308000000000320e+00
1.232561687731870848e+02 6.013308000000000320e+00
1.232310050708484113e+02 6.013308000000000320e+00
1.232146085514850995e+02 6.013308000000000320e+00
1.232802831614397974e+02 6.013308000000000320e+00
1.233341456152616757e+02 6.013308000000000320e+00
1.234081550950239432e+02 6.013308000000000320e+00
1.234648002642910427e+02 6.013308000000000320e+00
1.233961223693233791e+02 6.013308000000000320e+00
1.233599519289429480e+02 6.013308000000000320e+00
1.235222204280402849e+02 6.013308000000000320e+00
1.235811027725068385e+02 6.013308000000000320e+00
1.235158741247755074e+02 6.013308000000000320e+00
1.234576712082424308e+02 6.013308000000000320e+00
1.234223105537850671e+02 6.013308000000000320e+00
1.234373300868490304e+02 6.013308000000000320e+00
1.234975171969208816e+02 6.013308000000000320e+00
1.235982654962161149e+02 6.013308000000000320e+00
1.237202583693064071e+02 6.013308000000000320e+00
1.236829795744156684e+02 6.013308000000000320e+00
1.237865666556884889e+02 6.013308000000000320e+00
1.239435037808530637e+02 6.013308000000000320e+00
1.239482160971880660e+02 6.013308000000000320e+00
1.238788823301685227e+02 6.013308000000000320e+00
1.239010502541591023e+02 6.013308000000000320e+00
1.241127611436975542e+02 6.013308000000000320e+00
1.242311014457741720e+02 6.013308000000000320e+00
1.244915139964884219e+02 6.013308000000000320e+00
1.246510295209386783e+02 6.013308000000000320e+00
1.246885606934876307e+02 6.013308000000000320e+00
1.248628991697884629e+02 6.013308000000000320e+00
1.248627963796322575e+02 6.013308000000000320e+00
1.250453525723908683e+02 6.013308000000000320e+00
1.251804610461168323e+02 6.013308000000000320e+00
1.252928642009600679e+02 6.013308000000000320e+00
1.253395439258684121e+02 6.013308000000000320e+00
1.253172192431295997e+02 6.013308000000000320e+00
1.254062046588391297e+02 6.004641781378506238e+00
1.255666630785834883e+02 6.013308000000000320e+00
1.255436345891860555e+02 6.013308000000000320e+00
1.257032349465243470e+02 6.013308000000000320e+00
1.257127202016563672e+02 6.013308000000000320e+00
1.257610495407325288e+02 6.013308000000000320e+00
1.258836739189438987e+02 6.013308000000000320e+00
1.258964868471886689e+02 6.013308000000000320e+00
1.260055727155937291e+02 6.013308000000000320e+00
1.260454114520718036e+02 6.006392656324621271e+00
1.260940925362179712e+02 6.013308000000000320e+00
1.260549337823284617e+02 6.013308000000000320e+00
1.259492279517094175e+02 6.013308000000000320e+00
1.260382518108281715e+02 6.013308000000000320e+00
1.259815517124169446e+02 6.013308000000000320e+00
1.260684686458900785e+02 6.013308000000000320e+00
1.260558147223879217e+02 6.013308000000000320e+00
1.260096670657564459e+02 6.013308000000000320e+00
1.260556196754452856e+02 6.013308000000000320e+00
1.260996772645694222e+02 6.013308000000000320e+00
1.261453144954676873e+02 6.013308000000000320e+00
1.261257466133636882e+02 6.013308000000000320e+00
1.261478815783386693e+02 6.013308000000000320e+00
1.260955482343977110e+02 6.013308000000000320e+00
1.261328223352577425e+02 6.013308000000000320e+00
1.261044810375628629e+02 6.013308000000000320e+00
1.261705294407563258e+02 6.011137206164275604e+00
1.261744489821320059e+02 6.013308000000000320e+00
1.262231313890977162e+02 6.004165802288348175e+00
1.263261483973808907e+02 6.013308000000000320e+00
1.263079770062541627e+02 6.013308000000000320e+00
1.262687837497915240e+02 6.013308000000000320e+00
1.263662852258954246e+02 6.013308000000000320e+00
1.264038083691801120e+02 6.013308000000000320e+00
1.264786890229318317e+02 6.013308000000000320e+00
1.265296241324107882e+02 6.013308000000000320e+00
1.265041559077332209e+02 6.013308000000000320e+00
1.265321216030494327e+02 6.013308000000000320e+00
1.265672632328977727e+02 6.013308000000000320e+00
1.266423224748736374e+02 6.013308000000000320e+00
1.266303805012866235e+02 6.013308000000000320e+00
1.266071821924660838e+02 6.013308000000000320e+00
1.266395458363155342e+02 6.013308000000000320e+00
1.265527013340902016e+02 6.013308000000000320e+00
1.264940915563078079e+02 6.013308000000000320e+00
1.266069856416955162e+02 6.013308000000000320e+00
1.266132812200419977e+02 6.013308000000000320e+00
1.266176044555523106e+02 6.013308000000000320e+00
1.265385860070469306e+02 6.013308000000000320e+00
1.265637879776363803e+02 6.013308000000000320e+00
1.265859884907918058e+02 6.013308000000000320e+00
1.265474296454536329e+02 6.013308000000000320e+00
1.266021863019849434e+02 6.013308000000000320e+00
1.264889871926540366e+02 6.013308000000000320e+00
1.263504099364904931e+02 6.013308000000000320e+00
1.263307498482333102e+02 6.013308000000000320e+00
1.262898478342267197e+02 6.013308000000000320e+00
1.264525981605113856e+02 6.013308000000000320e+00
1.263249746433846354e+02 6.013308000000000320e+00
1.262379651011849688e+02 6.013308000000000320e+00
1.263257808898488008e+02 6.013308000000000320e+00
1.263652839203704588e+02 6.013308000000000320e+00
1.262560275425704219e+02 6.013308000000000320e+00
1.263164848263630091e+02 6.013308000000000320e+00
1.263340122282581461e+02 6.013308000000000320e+00
1.263871215314910472e+02 6.013308000000000320e+00
1.264397901665046362e+02 6.013308000000000320e+00
1.264093323798926463e+02 6.013308000000000320e+00
1.263951027912025040e+02 6.013308000000000320e+00
1.263592068362592187e+02 6.013308000000000320e+00
1.264834393292463659e+02 6.013308000000000320e+00
1.266045761099856009e+02 6.013308000000000320e+00
1.266797171282774030e+02 6.013308000000000320e+00
1.266845414756269150e+02 6.013308000000000320e+00
1.267317025113223252e+02 6.013308000000000320e+00
1.266733767594451052e+02 6.013308000000000320e+00
1.266044819598022713e+02 6.013308000000000320e+00
1.265295695188159470e+02 6.013308000000000320e+00
1.265074633448617902e+02 6.013308000000000320e+00
1.265559519148744840e+02 6.013308000000000320e+00
1.264058271598573526e+02 6.013308000000000320e+00
1.263105229042211448e+02 6.013308000000000320e+00
1.264860950687738779e+02 6.013308000000000320e+00
1.265509539195138018e+02 6.013308000000000320e+00
1.265819200451875872e+02 6.013308000000000320e+00
1.266317845341618096e+02 6.013308000000000320e+00
1.265476031087876549e+02 6.013308000000000320e+00
1.265076127288098604e+02 6.013308000000000320e+00
1.265876847163964527e+02 6.013308000000000320e+00
1.265795860242199353e+02 6.013308000000000320e+00
1.265343077215163561e+02 6.013308000000000320e+00
1.265714752084671346e+02 6.013308000000000320e+00
1.265204793832681531e+02 6.013308000000000320e+00
1.266597624746735278e+02 6.013308000000000320e+00
1.266017555314292622e+02 6.013308000000000320e+00
1.266908718875076545e+02 6.013308000000000320e+00
1.267026363961621058e+02 6.013308000000000320e+00
1.266156919944982491e+02 6.013308000000000320e+00
1.266919658810190157e+02 6.013308000000000320e+00
1.266969285748907339e+02 6.013308000000000320e+00
1.268140353986115230e+02 6.013308000000000320e+00
1.268146356854692129e+02 6.013308000000000320e+00
1.268326575763753112e+02 6.013308000000000320e+00
1.268287574041927996e+02 6.013308000000000320e+00
1.268219335853163443e+02 6.013308000000000320e+00
1.267965241106070380e+02 6.013308000000000320e+00
1.266854329927124923e+02 6.013308000000000320e+00
1.267976013844504877e+02 6.013308000000000320e+00
1.268535464783299176e+02 6.013308000000000320e+00
1.268954896155429566e+02 6.013308000000000320e+00
1.267761193099535717e+02 6.013308000000000320e+00
1.268452190815688283e+02 6.013308000000000320e+00
1.267663872955355089e+02 6.013308000000000320e+00
1.268069653852853236e+02 6.013308000000000320e+00
1.267492859157182892e+02 6.013308000000000320e+00
1.267075482472835688e+02 6.013308000000000320e+00
1.267218528662913002e+02 6.013308000000000320e+00
1.266905434887740256e+02 6.013308000000000320e+00
1.267758184148231067e+02 6.013308000000000320e+00
1.267639654493371069e+02 6.013308000000000320e+00
1.268176941316694979e+02 6.013308000000000320e+00
1.267500971992987360e+02 6.013308000000000320e+00
1.267109546334197319e+02 6.013308000000000320e+00
1.267593867762572586e+02 6.013308000000000320e+00
1.267835814616780681e+02 6.013308000000000320e+00
1.267221260468899118e+02 6.013308000000000320e+00
1.267242810588926147e+02 6.013308000000000320e+00
1.267962239909908249e+02 6.013308000000000320e+00
1.268457836600788085e+02 6.013308000000000320e+00
1.269257643291455793e+02 6.013308000000000320e+00
1.269523442615251554e+02 6.013308000000000320e+00
1.269120888822797184e+02 6.013308000000000320e+00
1.269373728605001617e+02 6.013308000000000320e+00
1.269790904337681212e+02 6.013308000000000320e+00
1.269145767371285842e+02 6.013308000000000320e+00
1.269571689686042646e+02 6.013308000000000320e+00
1.270481897283445107e+02 6.013308000000000320e+00
1.271498069818021293e+02 6.013308000000000320e+00
1.272862787498322490e+02 6.013308000000000320e+00
1.273926846385185030e+02 6.013308000000000320e+00
1.275741237595116075e+02 6.013308000000000320e+00
1.275107535272117047e+02 6.013308000000000320e+00
1.274943706920987125e+02 6.013308000000000320e+00
1.276451400895714841e+02 6.013308000000000320e+00
1.276382789018529138e+02 6.013308000000000320e+00
1.276695339759084078e+02 6.013308000000000320e+00
1.275292779207998706e+02 6.013308000000000320e+00
1.276596930101615186e+02 6.013308000000000320e+00
1.278306267418633695e+02 6.013308000000000320e+00
1.278392643906790624e+02 6.013308000000000320e+00
1.279317339961174582e+02 6.013308000000000320e+00
1.279521104185749891e+02 6.013308000000000320e+00
1.280044143983270999e+02 6.013308000000000320e+00
1.280038942314930637e+02 6.013308000000000320e+00
1.280040888448326371e+02 6.013308000000000320e+00
1.281366223347021389e+02 6.013308000000000320e+00
1.281745993867312166e+02 6.013308000000000320e+00
1.282379555707916552e+02 6.013308000000000320e+00
1.283045801858280583e+02 6.013308000000000320e+00
1.286483866985864779e+02 6.013308000000000320e+00
1.287637008920855806e+02 6.013308000000000320e+00
1.288350801296905388e+02 6.013308000000000320e+00
1.288859050915838225e+02 6.013308000000000320e+00
1.289938778704416222e+02 6.013308000000000320e+00
1.288893652909308685e+02 6.013308000000000320e+00
1.289769760905755902e+02 6.013308000000000320e+00
1.289237320674864122e+02 6.013308000000000320e+00
1.288373228484211097e+02 6.013308000000000320e+00
1.288745257294282851e+02 6.013308000000000320e+00
1.291230057010144492e+02 6.013308000000000320e+00
1.290901193470064925e+02 6.013308000000000320e+00
1.292078345577375842e+02 6.013308000000000320e+00
1.293429674774006912e+02 6.013308000000000320e+00
1.293301960412136395e+02 6.013308000000000320e+00
1.293000727761012740e+02 6.013308000000000320e+00
1.293851937991843783e+02 6.013308000000000320e+00
1.293937214527246908e+02 6.013308000000000320e+00
1.292691689020510353e+02 6.013308000000000320e+00
1.291619660487274075e+02 6.013308000000000320e+00
1.292556321159921993e+02 6.013308000000000320e+00
1.293305917775716409e+02 6.013308000000000320e+00
1.293865327911235852e+02 6.013308000000000320e+00
1.294061868678715541e+02 6.013308000000000320e+00
1.294433491736353972e+02 6.013308000000000320e+00
1.294405276326244518e+02 6.013308000000000320e+00
1.294424106960886434e+02 6.013308000000000320e+00
1.294663864037545977e+02 6.013308000000000320e+00
1.294759000402637810e+02 6.013308000000000320e+00
1.294321107136823343e+02 6.013308000000000320e+00
1.294103089038972030e+02 6.013308000000000320e+00
1.293571246404032991e+02 6.013308000000000320e+00
1.293366827373912997e+02 6.013308000000000320e+00
1.293496145876994206e+02 6.013308000000000320e+00
1.294488470543113294e+02 6.013308000000000320e+00
1.294238481395191513e+02 6.013308000000000320e+00
1.295445075530972758e+02 6.013308000000000320e+00
1.295992429580730061e+02 6.013308000000000320e+00
1.294824971897798491e+02 6.013308000000000320e+00
1.296135960972631551e+02 6.013308000000000320e+00
1.296444176444752259e+02 6.013308000000000320e+00
1.296286240866598973e+02 6.013308000000000320e+00
1.296078826463191263e+02 6.013308000000000320e+00
1.296280748583886862e+02 6.013308000000000320e+00
1.295752068234776573e+02 6.013308000000000320e+00
1.296633690987914918e+02 6.002981501949921750e+00
1.297103467160883383e+02 6.013308000000000320e+00
1.297088671035348568e+02 6.013308000000000320e+00
1.296656128265725556e+02 6.013308000000000320e+00
1.297832122724140902e+02 6.013308000000000320e+00
1.297513171649337664e+02 6.013308000000000320e+00
1.297152399103449341e+02 6.013308000000000320e+00
1.296500198844217095e+02 6.013308000000000320e+00
1.296979052501539513e+02 6.013308000000000320e+00
1.296893636857317915e+02 6.013308000000000320e+00
1.296858613342736533e+02 6.013308000000000320e+00
1.295409726134154766e+02 6.003283551992062428e+00
1.295815154384252708e+02 6.013308000000000320e+00
1.295905416266224677e+02 6.013308000000000320e+00
1.296505399749531477e+02 6.013308000000000320e+00
1.296884396089310769e+02 6.013308000000000320e+00
1.296975906684475888e+02 6.013308000000000320e+00
1.297071438856623899e+02 6.013308000000000320e+00
1.297452755764920198e+02 6.013308000000000320e+00
1.296949194587629393e+02 6.013308000000000320e+00
1.295745130869519244e+02 6.013308000000000320e+00
1.296577486520654645e+02 6.013308000000000320e+00
1.296347034285498978e+02 6.013308000000000320e+00
1.297159196670917254e+02 6.013308000000000320e+00
1.297054140948986287e+02 6.013308000000000320e+00
1.297451437373673002e+02 6.013308000000000320e+00
1.297558206901398989e+02 6.013308000000000320e+00
1.297082220006832358e+02 6.013308000000000320e+00
1.298013647003678557e+02 6.013308000000000320e+00
1.297046925036722769e+02 6.013308000000000320e+00
1.297340779147522767e+02 6.013308000000000320e+00
1.297178829029382712e+02 6.013308000000000320e+00
1.296755711956292600e+02 6.013308000000000320e+00
1.296184321586659962e+02 6.013308000000000320e+00
1.296609776560727028e+02 6.013308000000000320e+00
1.297520977230094275e+02 6.013308000000000320e+00
1.297282814447540034e+02 6.013308000000000320e+00
1.297311029474968791e+02 6.013308000000000320e+00
1.297805650607126609e+02 6.013308000000000320e+00
1.298875794922265356e+02 6.013308000000000320e+00
1.298140949881367590e+02 6.012532133798059064e+00
1.297642068996593991e+02 6.013308000000000320e+00
1.296783566637877243e+02 6.013308000000000320e+00
1.295969231928709462e+02 6.013308000000000320e+00
1.295307210023940740e+02 6.013308000000000320e+00
1.295030692952757079e+02 6.013308000000000320e+00
1.295159966775129874e+02 6.013308000000000320e+00
1.295441767481882778e+02 6.013308000000000320e+00
1.295469562642319659e+02 6.013308000000000320e+00
1.294699509958958572e+02 6.013308000000000320e+00
1.295812832965164887e+02 6.013308000000000320e+00
1.295397941588217350e+02 6.013308000000000320e+00
1.297249101290975375e+02 6.013308000000000320e+00
1.297797221079466965e+02 6.013308000000000320e+00
1.298109273689779286e+02 6.013308000000000320e+00
1.298809767772880832e+02 6.013308000000000320e+00
1.297063758391126953e+02 6.013308000000000320e+00
1.298396334678608639e+02 6.013308000000000320e+00
1.296796331122282027e+02 6.013308000000000320e+00
1.296544116679898764e+02 6.013308000000000320e+00
1.296834269558828225e+02 6.013308000000000320e+00
1.297155537316348273e+02 6.013308000000000320e+00
1.298714966547715903e+02 6.013308000000000320e+00
1.299082733431292240e+02 6.013308000000000320e+00
1.300457190229333264e+02 6.013308000000000320e+00
1.300418364357602456e+02 6.009577222172650224e+00
1.299697458896486353e+02 6.013308000000000320e+00
1.298990615493400185e+02 6.013308000000000320e+00
1.298929835984975227e+02 6.013308000000000320e+00
1.297335646187923146e+02 6.013308000000000320e+00
1.296868743768982313e+02 6.013308000000000320e+00
1.297918186346125253e+02 6.013308000000000320e+00
1.296649522404768788e+02 6.013308000000000320e+00
1.296249297183051112e+02 6.013308000000000320e+00
1.295515072702851569e+02 6.013308000000000320e+00
1.296151407130799669e+02 6.013308000000000320e+00
1.295835655786968630e+02 6.013308000000000320e+00
1.297143765973474387e+02 6.013308000000000320e+00
1.297293762988123831e+02 6.013308000000000320e+00
1.296995703009690999e+02 6.013308000000000320e+00
1.296993616900415418e+02 6.013308000000000320e+00
1.298216565561540676e+02 6.013308000000000320e+00
1.297343831572800070e+02 6.013308000000000320e+00
1.297794416918738136e+02 6.013308000000000320e+00
1.299118940830772999e+02 6.013308000000000320e+00
1.299218093753939058e+02 6.013308000000000320e+00
1.298599730614835437e+02 6.013308000000000320e+00
1.299098118081094526e+02 6.013308000000000320e+00
1.298834437781261215e+02 6.013308000000000320e+00
1.298217991363702311e+02 6.013308000000000320e+00
1.298012195262994339e+02 6.013308000000000320e+00
1.297816445378613253e+02 6.013308000000000320e+00
1.296523578922018203e+02 6.003901473216803453e+00
1.297855534025421775e+02 6.013308000000000320e+00
1.297915600859541314e+02 6.013308000000000320e+00
1.297912538992588054e+02 6.013308000000000320e+00
1.297855526786006521e+02 6.013308000000000320e+00
1.298478563197842846e+02 6.013308000000000320e+00
1.299467156193215658e+02 6.013308000000000320e+00
1.298903184490395120e+02 6.013308000000000320e+00
1.298793987571208959e+02 6.013308000000000320e+00
1.298467896908105956e+02 6.013308000000000320e+00
1.298178234345528779e+02 6.006039568111352089e+00
1.298424457734402608e+02 6.013308000000000320e+00
1.298608725862749225e+02 6.013308000000000320e+00
1.297245878527803598e+02 6.013308000000000320e+00
1.297349396165745929e+02 6.013308000000000320e+00
1.297500072786300223e+02 6.013308000000000320e+00
1.297841110335513406e+02 6.012466615960051719e+00
1.297155278561118052e+02 6.013308000000000320e+00
1.297794072620700376e+02 6.013308000000000320e+00
1.297032629088315332e+02 6.013308000000000320e+00
1.296324143297134128e+02 6.013308000000000320e+00
1.296104639351445655e+02 6.013308000000000320e+00
1.295549097001231758e+02 6.013308000000000320e+00
1.295523792326038404e+02 6.013308000000000320e+00
1.295805177125305363e+02 6.013308000000000320e+00
1.296440486994992796e+02 6.013308000000000320e+00
1.295035844182769438e+02 6.013308000000000320e+00
1.294571298552740188e+02 6.013308000000000320e+00
1.294818319443004100e+02 6.013308000000000320e+00
1.295188428192006711e+02 6.013308000000000320e+00
1.295397606946599183e+02 6.013308000000000320e+00
1.295001166083707744e+02 6.013308000000000320e+00
1.295630493470642364e+02 6.013308000000000320e+00
1.295340088482442980e+02 6.013308000000000320e+00
1.294378096329246546e+02 6.013308000000000320e+00
1.293879434284209253e+02 6.013308000000000320e+00
1.294365691997646763e+02 6.013308000000000320e+00
1.293992560294332179e+02 6.013308000000000320e+00
1.294418665226023677e+02 6.013308000000000320e+00
1.296094181756026558e+02 6.013308000000000320e+00
1.296624840991757424e+02 6.013308000000000320e+00
1.294602914667675861e+02 6.013308000000000320e+00
1.293890076065861763e+02 6.013308000000000320e+00
1.294527160342167917e+02 6.013308000000000320e+00
1.295766022858981898e+02 6.013308000000000320e+00
1.297356346087030659e+02 6.013308000000000320e+00
1.297207658322845703e+02 6.013308000000000320e+00
1.295819780964495180e+02 6.013308000000000320e+00
1.296200061249586781e+02 6.013308000000000320e+00
1.296967392887618189e+02 6.013308000000000320e+00
1.296482082463417385e+02 6.013308000000000320e+00
1.295994800323198319e+02 6.013308000000000320e+00
1.295083577714778471e+02 6.013308000000000320e+00
1.293952455025083168e+02 6.013308000000000320e+00
1.293504658728647314e+02 6.013308000000000320e+00
1.294170720504773726e+02 6.013308000000000320e+00
1.295197200599474741e+02 6.013308000000000320e+00
1.294665163962190775e+02 6.013308000000000320e+00
1.294984696061206932e+02 6.013308000000000320e+00
1.295480653200028769e+02 6.013308000000000320e+00
1.294655958487725798e+02 6.013308000000000320e+00
1.295605565707582514e+02 6.013308000000000320e+00
1.295033040378852434e+02 6.013308000000000320e+00
1.295064039713608963e+02 6.013308000000000320e+00
1.295905815554425260e+02 6.013308000000000320e+00
1.296318840436245239e+02 6.013308000000000320e+00
1.296401728167035117e+02 6.007666720808633620e+00
1.295842783385521670e+02 6.013308000000000320e+00
1.296001087849596729e+02 6.013308000000000320e+00
1.296991191953318889e+02 6.013308000000000320e+00
1.295123119984051527e+02 6.013308000000000320e+00
1.294905747519508168e+02 6.013308000000000320e+00
1.296088299119110161e+02 6.013308000000000320e+00
1.295906092424681049e+02 6.013308000000000320e+00
1.294957827866507785e+02 6.013308000000000320e+00
1.294688109512152607e+02 6.013308000000000320e+00
1.294697212087935725e+02 6.013308000000000320e+00
1.294977767642042181e+02 6.013308000000000320e+00
1.294283631135802750e+02 6.013308000000000320e+00
1.293464830265304784e+02 6.013308000000000320e+00
1.293817514425924173e+02 6.013308000000000320e+00
1.293748335197622907e+02 6.013308000000000320e+00
1.293479090602260442e+02 6.013308000000000320e+00
1.292648676462406740e+02 6.013308000000000320e+00
1.293038037278111574e+02 6.013308000000000320e+00
1.291769372877010937e+02 6.013308000000000320e+00
1.291808279630747336e+02 6.013308000000000320e+00
1.291663344795230728e+02 6.013308000000000320e+00
1.293531551198053648e+02 6.013308000000000320e+00
1.294354895566388279e+02 6.013308000000000320e+00
1.293442744409409215e+02 6.013308000000000320e+00
1.294541755384163650e+02 6.013308000000000320e+00
1.296134434692422133e+02 6.013308000000000320e+00
1.296150986504663649e+02 6.013308000000000320e+00
1.297001825373364454e+02 6.013308000000000320e+00
1.296190913734294554e+02 6.013308000000000320e+00
1.296503768000395382e+02 6.013308000000000320e+00
1.295712056330335997e+02 6.013308000000000320e+00
