8.575988873994620576e+01 7.688552588843171165e+00
8.628945898227834732e+01 7.703852397408890162e+00
8.648362053584128262e+01 7.501377338959363428e+00
8.595513657587173384e+01 7.312990315859911661e+00
8.643521637042914563e+01 7.145778966170937885e+00
8.544107683114734186e+01 7.274503257921693056e+00
8.633192017768072901e+01 7.176112703087579980e+00
8.618914834099243194e+01 7.083908925643638277e+00
8.616314264131329992e+01 6.950255007444665623e+00
8.638727761472705424e+01 6.866350072423912820e+00
8.600262911878613181e+01 6.876443079842426975e+00
8.657128023154763241e+01 6.872914515083635933e+00
8.647574748823694790e+01 6.931425769243321433e+00
8.454355928637642137e+01 6.810099742657979682e+00
8.613707376961247064e+01 6.726966915273992598e+00
8.595364096990215330e+01 6.685363630394134837e+00
8.391752656468935356e+01 6.533607813633182992e+00
8.357388821504355292e+01 6.533036799010238482e+00
8.517817866861855691e+01 6.499492246560105713e+00
8.545454664323665384e+01 6.409192242957733043e+00
8.622641959564430181e+01 6.309934598850354348e+00
8.713741318679683445e+01 6.013308000000000320e+00
8.354404298327702350e+01 6.013308000000000320e+00
8.227782280361084588e+01 6.013308000000000320e+00
8.120360318068669869e+01 6.013308000000000320e+00
8.041630211545263762e+01 6.013308000000000320e+00
7.980843357677780148e+01 6.013308000000000320e+00
7.944624314998961268e+01 6.013308000000000320e+00
7.882470916993818832e+01 6.013308000000000320e+00
7.848734734823933934e+01 6.013308000000000320e+00
7.833117599676674558e+01 6.013308000000000320e+00
7.822888685643302153e+01 6.013308000000000320e+00
7.798493969398052172e+01 6.013308000000000320e+00
7.766228122212204710e+01 6.013308000000000320e+00
7.706073174940785009e+01 6.013308000000000320e+00
7.659183755821915440e+01 6.013308000000000320e+00
7.626545546669775888e+01 6.013308000000000320e+00
7.607893798825361387e+01 6.013308000000000320e+00
7.580768874211388209e+01 6.013308000000000320e+00
7.579832978173166680e+01 6.013308000000000320e+00
7.561486480675411315e+01 6.013308000000000320e+00
7.547932563734137545e+01 6.013308000000000320e+00
7.526616900243143959e+01 6.013308000000000320e+00
7.512661621212217256e+01 6.013308000000000320e+00
7.499342179117844864e+01 6.013308000000000320e+00
7.491215486065300411e+01 6.013308000000000320e+00
7.476193689670600406e+01 6.013308000000000320e+00
7.454400259655719196e+01 6.013308000000000320e+00
7.438986500218520348e+01 6.013308000000000320e+00
7.415851261766252378e+01 6.013308000000000320e+00
7.399622120784485446e+01 6.013308000000000320e+00
7.371143549096582603e+01 6.013308000000000320e+00
7.332466710658358977e+01 6.013308000000000320e+00
7.305003870869718696e+01 6.013308000000000320e+00
7.280371841445163739e+01 6.013308000000000320e+00
7.270032172331583808e+01 6.008905991650937750e+00
7.257314417780530391e+01 6.013308000000000320e+00
7.233837948273692575e+01 6.013308000000000320e+00
7.213115357802045935e+01 6.013308000000000320e+00
7.180051442817207885e+01 6.013308000000000320e+00
7.160394168286521221e+01 6.013308000000000320e+00
7.156347720952173574e+01 6.013308000000000320e+00
7.141523613326451425e+01 6.013308000000000320e+00
7.136857871270494513e+01 6.013308000000000320e+00
7.131272760318033477e+01 6.013308000000000320e+00
7.124685767368724498e+01 6.013308000000000320e+00
7.105034090636044652e+01 6.013308000000000320e+00
7.079471922132451311e+01 6.013308000000000320e+00
7.052283262936920494e+01 6.013308000000000320e+00
7.039669498535782566e+01 6.013308000000000320e+00
7.011808087089035268e+01 6.013308000000000320e+00
6.996075476119924019e+01 6.013308000000000320e+00
6.958872628680650507e+01 6.013308000000000320e+00
6.948997358244504596e+01 6.013308000000000320e+00
6.943422079434952821e+01 6.013308000000000320e+00
6.917218317623304813e+01 6.013308000000000320e+00
6.901729573921807059e+01 6.013308000000000320e+00
6.889545636297283693e+01 6.013308000000000320e+00
6.873769378681849673e+01 6.013308000000000320e+00
6.855526066800871376e+01 6.013308000000000320e+00
6.846588754791672216e+01 6.013308000000000320e+00
6.831612584285461764e+01 6.013308000000000320e+00
6.817023491867489327e+01 6.013308000000000320e+00
6.815246313955600499e+01 6.013308000000000320e+00
6.811062999665549000e+01 6.013308000000000320e+00
6.807282117637569741e+01 6.013308000000000320e+00
6.805674206028362505e+01 6.013308000000000320e+00
6.791111282940805438e+01 6.013308000000000320e+00
6.771821878034224085e+01 6.013308000000000320e+00
6.756491246218352842e+01 6.013308000000000320e+00
6.734570844936055778e+01 6.013308000000000320e+00
6.711409619174567354e+01 6.013308000000000320e+00
6.681783848848277785e+01 6.013308000000000320e+00
6.665575482178918776e+01 6.013308000000000320e+00
6.653361267055456096e+01 6.013308000000000320e+00
6.642270629118310410e+01 6.013308000000000320e+00
6.623487754385894277e+01 6.013308000000000320e+00
6.607827751261555704e+01 6.013308000000000320e+00
6.585164673990266238e+01 6.013308000000000320e+00
6.569760129381364777e+01 6.013308000000000320e+00
6.550403431007394772e+01 6.013308000000000320e+00
6.550142806590545774e+01 6.013308000000000320e+00
6.542381920929899763e+01 6.013308000000000320e+00
6.536920736035581569e+01 6.013308000000000320e+00
6.515868202170689472e+01 6.013308000000000320e+00
6.521125286969778756e+01 6.013308000000000320e+00
6.502491031895492313e+01 6.013308000000000320e+00
6.506711023486984402e+01 6.013308000000000320e+00
6.499132546109821362e+01 6.013308000000000320e+00
6.491384514092037250e+01 6.013308000000000320e+00
6.484828043190691460e+01 6.013308000000000320e+00
6.462304314812789130e+01 6.013308000000000320e+00
6.468231620622306366e+01 6.013308000000000320e+00
6.458814532331899727e+01 6.013308000000000320e+00
6.448809624566510479e+01 6.013308000000000320e+00
6.432329968524685171e+01 6.013308000000000320e+00
6.432961052235094712e+01 6.013308000000000320e+00
6.418784368639553861e+01 6.013308000000000320e+00
6.412539678310217539e+01 6.013308000000000320e+00
6.399580236908346365e+01 6.013308000000000320e+00
6.369645807657155956e+01 6.013308000000000320e+00
6.346708439726967299e+01 6.013308000000000320e+00
6.343925356255996206e+01 6.013308000000000320e+00
6.324289669972098693e+01 6.002701943008704077e+00
6.307569071004384398e+01 6.013308000000000320e+00
6.293492074291517469e+01 6.013308000000000320e+00
6.279696697890170043e+01 6.013308000000000320e+00
6.277280036778088856e+01 6.013308000000000320e+00
6.253260312570189683e+01 6.013308000000000320e+00
6.247034662952732020e+01 6.013308000000000320e+00
6.242472609937436090e+01 6.013308000000000320e+00
6.222792407894569777e+01 6.013308000000000320e+00
6.204137476687577646e+01 6.013308000000000320e+00
6.189035762518446404e+01 6.013308000000000320e+00
6.190593978041950862e+01 6.013308000000000320e+00
6.167791019376803519e+01 6.013308000000000320e+00
6.154078472059398308e+01 6.013308000000000320e+00
6.143743070329545475e+01 6.013308000000000320e+00
6.136851566497357169e+01 6.013308000000000320e+00
6.126342878350845211e+01 6.013308000000000320e+00
6.127913834144194283e+01 6.013308000000000320e+00
6.126254635266833759e+01 6.013308000000000320e+00
6.129324309623019928e+01 6.013308000000000320e+00
6.121269031441180886e+01 6.013308000000000320e+00
6.105886425908549597e+01 6.013308000000000320e+00
6.107751455164646615e+01 6.013308000000000320e+00
6.096820601546459528e+01 6.013308000000000320e+00
6.089593719323502086e+01 6.013308000000000320e+00
6.085512562523563673e+01 6.013308000000000320e+00
6.078341150760881817e+01 6.013308000000000320e+00
6.069271043322243742e+01 6.013308000000000320e+00
6.042388307840645467e+01 6.013308000000000320e+00
6.020254201388966209e+01 6.013308000000000320e+00
6.011989683264168605e+01 6.013308000000000320e+00
6.000140781751923669e+01 6.013308000000000320e+00
6.000614944885448665e+01 6.013308000000000320e+00
5.983384918191301693e+01 6.013308000000000320e+00
5.965112663464414311e+01 6.013308000000000320e+00
5.947447000082146928e+01 6.013308000000000320e+00
5.940515115140615166e+01 6.013308000000000320e+00
5.924110601856825298e+01 6.013308000000000320e+00
5.921482426042815206e+01 6.013308000000000320e+00
5.896321402272170786e+01 6.013308000000000320e+00
5.878917337191441561e+01 6.013308000000000320e+00
5.862459870535981565e+01 6.013308000000000320e+00
5.865143918822357705e+01 6.013308000000000320e+00
5.856741907052637686e+01 6.013308000000000320e+00
5.854489222703839602e+01 6.013308000000000320e+00
5.856256932032130180e+01 6.013308000000000320e+00
5.850354259987003758e+01 6.010304722854065140e+00
5.839992629533862356e+01 6.013308000000000320e+00
5.834633154545866063e+01 6.013308000000000320e+00
5.828166890881470152e+01 6.013308000000000320e+00
5.829102846279182870e+01 6.013308000000000320e+00
5.831148071085975459e+01 6.013308000000000320e+00
5.830056207554852676e+01 6.013308000000000320e+00
5.829432828689586898e+01 6.013308000000000320e+00
5.819272878852740405e+01 6.013308000000000320e+00
5.816766917283667482e+01 6.013308000000000320e+00
5.806437936406311451e+01 6.013308000000000320e+00
5.806908112586310011e+01 6.013308000000000320e+00
5.810869105881111807e+01 6.013308000000000320e+00
5.800787509571919998e+01 6.013308000000000320e+00
5.801893755850100121e+01 6.013308000000000320e+00
5.797262857273736358e+01 6.013308000000000320e+00
5.790255224216353014e+01 6.013308000000000320e+00
5.777428680399899719e+01 6.013308000000000320e+00
5.773324087153458350e+01 6.013308000000000320e+00
5.771921969425963539e+01 6.013308000000000320e+00
5.772904665390350942e+01 6.013308000000000320e+00
5.770362953624210434e+01 6.013308000000000320e+00
5.770640645186178830e+01 6.013308000000000320e+00
5.751232015993820568e+01 6.013308000000000320e+00
5.737880285642339828e+01 6.013308000000000320e+00
5.724942495750674709e+01 6.013308000000000320e+00
5.722392733475331283e+01 6.013308000000000320e+00
5.715016715190629526e+01 6.013308000000000320e+00
5.719608711432194781e+01 6.013308000000000320e+00
5.702344468469468808e+01 6.013308000000000320e+00
5.673065867819654073e+01 6.013308000000000320e+00
5.656742376708498909e+01 6.013308000000000320e+00
5.641162539868122394e+01 6.013308000000000320e+00
5.633557943303500792e+01 6.013308000000000320e+00
5.620111199515596923e+01 6.013308000000000320e+00
5.609427467451679661e+01 6.013308000000000320e+00
5.605686031761951682e+01 6.008913057637895960e+00
5.580105598727369909e+01 6.013308000000000320e+00
5.574889019983608307e+01 6.013308000000000320e+00
5.578468794332411562e+01 6.013308000000000320e+00
5.574534791788740051e+01 6.013308000000000320e+00
5.564862303669362120e+01 6.013308000000000320e+00
5.564932126570527515e+01 6.013308000000000320e+00
5.550963095106473588e+01 6.013308000000000320e+00
5.550847076620820530e+01 6.013308000000000320e+00
5.538422249178487533e+01 6.013308000000000320e+00
5.530931361388996237e+01 6.013308000000000320e+00
5.524630318299239207e+01 6.013308000000000320e+00
5.520828585286583490e+01 6.013308000000000320e+00
5.519910952148728001e+01 6.013308000000000320e+00
5.511110563196922385e+01 6.013308000000000320e+00
5.515773686005854159e+01 6.013308000000000320e+00
5.510746925301391030e+01 6.013308000000000320e+00
5.508464115923109716e+01 6.013308000000000320e+00
5.507152140923490435e+01 6.013308000000000320e+00
5.494545327354912700e+01 6.013308000000000320e+00
5.485505639492683372e+01 6.013308000000000320e+00
5.489836285306321173e+01 6.013308000000000320e+00
5.486856425901583378e+01 6.013308000000000320e+00
5.489936260310289384e+01 6.013308000000000320e+00
5.490510029249363555e+01 6.013308000000000320e+00
5.485653015098965568e+01 6.013308000000000320e+00
5.470417016075377603e+01 6.013308000000000320e+00
5.478509967678127168e+01 6.004739653129978372e+00
5.490640818389953637e+01 6.013308000000000320e+00
5.490445498783445544e+01 6.013308000000000320e+00
5.486921303757610957e+01 6.013308000000000320e+00
5.492137963113248134e+01 6.013308000000000320e+00
5.480081770615790759e+01 6.013308000000000320e+00
5.472733785496224357e+01 6.013308000000000320e+00
5.467240807462303565e+01 6.013308000000000320e+00
5.463911216192366993e+01 6.013308000000000320e+00
5.465349780247024114e+01 6.013308000000000320e+00
5.469906324463114800e+01 6.013308000000000320e+00
5.463653038048427391e+01 6.013308000000000320e+00
5.464062464543202680e+01 6.013308000000000320e+00
5.458381411062131860e+01 6.013308000000000320e+00
5.467859065729696511e+01 6.013308000000000320e+00
5.468085198527393231e+01 6.013308000000000320e+00
5.462421829343920621e+01 6.013308000000000320e+00
5.459046371710337553e+01 6.013308000000000320e+00
5.446359594502183654e+01 6.013308000000000320e+00
5.448643904087057166e+01 6.013308000000000320e+00
5.453899555015418343e+01 6.013308000000000320e+00
5.450104674515898751e+01 6.013308000000000320e+00
5.445220268303482669e+01 6.013308000000000320e+00
5.442083197729655808e+01 6.013308000000000320e+00
5.432774909047389400e+01 6.013308000000000320e+00
5.437632925163392628e+01 6.013308000000000320e+00
5.433508738338170474e+01 6.013308000000000320e+00
5.437062538979508020e+01 6.013308000000000320e+00
5.436441110786702779e+01 6.013308000000000320e+00
5.427014797517575317e+01 6.013308000000000320e+00
5.423102415727558423e+01 6.013308000000000320e+00
5.426084156264834490e+01 6.013308000000000320e+00
5.423854423046022788e+01 6.013308000000000320e+00
5.416875227672510817e+01 6.013308000000000320e+00
5.406650003714587172e+01 6.013308000000000320e+00
5.406122834433219992e+01 6.013308000000000320e+00
5.398930708195340600e+01 6.013308000000000320e+00
5.392425589561236166e+01 6.013308000000000320e+00
5.392020210019636295e+01 6.013308000000000320e+00
5.382379023768283588e+01 6.013308000000000320e+00
5.377999836517373922e+01 6.013308000000000320e+00
5.362871208460492767e+01 6.013308000000000320e+00
5.362509373012710512e+01 6.013308000000000320e+00
5.347962268722708501e+01 6.013308000000000320e+00
5.327509636273363469e+01 6.013308000000000320e+00
5.319690914544236904e+01 6.013308000000000320e+00
5.301980905519624798e+01 6.013308000000000320e+00
5.308697177161867842e+01 6.013308000000000320e+00
5.297286597023781241e+01 6.013308000000000320e+00
5.284484140510249262e+01 6.013308000000000320e+00
5.271003455133685378e+01 6.013308000000000320e+00
5.265567295554252070e+01 6.013308000000000320e+00
5.236689976556118609e+01 6.013308000000000320e+00
5.214446728445095403e+01 6.013308000000000320e+00
5.216175504638007965e+01 6.013308000000000320e+00
5.212412354712382978e+01 6.013308000000000320e+00
5.219768082930529118e+01 6.013308000000000320e+00
5.211332269024541830e+01 6.013308000000000320e+00
5.214639356306427942e+01 6.013308000000000320e+00
5.212983057369687145e+01 6.013308000000000320e+00
5.212769767712999425e+01 6.013308000000000320e+00
5.210726165648481611e+01 6.013308000000000320e+00
5.212617304982374122e+01 6.013308000000000320e+00
5.211333042281123085e+01 6.013308000000000320e+00
5.206536377048855968e+01 6.013308000000000320e+00
5.202423833980158463e+01 6.013308000000000320e+00
5.205291969961237442e+01 6.013308000000000320e+00
5.191793448461245220e+01 6.013308000000000320e+00
5.182315062903853686e+01 6.013308000000000320e+00
5.188224270722022879e+01 6.013308000000000320e+00
5.175873032539735874e+01 6.013308000000000320e+00
5.164862763149201896e+01 6.013308000000000320e+00
5.163175835406915581e+01 6.013308000000000320e+00
5.162154836380741330e+01 6.013308000000000320e+00
5.163023140814130585e+01 6.013308000000000320e+00
5.157016482921233091e+01 6.013308000000000320e+00
5.150884298200524825e+01 6.013308000000000320e+00
5.151897052444500247e+01 6.013308000000000320e+00
5.152639988011146954e+01 6.013308000000000320e+00
5.152740001124108460e+01 6.013308000000000320e+00
5.152918975187134976e+01 6.013308000000000320e+00
5.150549434261295545e+01 6.013308000000000320e+00
5.153622834310397138e+01 6.013308000000000320e+00
5.152939977931058735e+01 6.013308000000000320e+00
5.149844250318376027e+01 6.013308000000000320e+00
5.132260076056557097e+01 6.013308000000000320e+00
5.126931780517075055e+01 6.013308000000000320e+00
5.113845194597702459e+01 6.013308000000000320e+00
5.124204605416790059e+01 6.013308000000000320e+00
5.121672199160303052e+01 6.013308000000000320e+00
5.117796440181312789e+01 6.013308000000000320e+00
5.118076460330478028e+01 6.013308000000000320e+00
5.121522918256834345e+01 6.013308000000000320e+00
5.123798808286365869e+01 6.013308000000000320e+00
5.120417502922040853e+01 6.013308000000000320e+00
5.117831370079355224e+01 6.013308000000000320e+00
5.116186532754427674e+01 6.013308000000000320e+00
5.112012598873216973e+01 6.013308000000000320e+00
5.114034938069514880e+01 6.013308000000000320e+00
5.106368671335735598e+01 6.013308000000000320e+00
5.103858552621429823e+01 6.013308000000000320e+00
5.111174855554699548e+01 6.013308000000000320e+00
5.107161164704995571e+01 6.013308000000000320e+00
5.099253378465159869e+01 6.013308000000000320e+00
5.095780631569371621e+01 6.013308000000000320e+00
5.104098750492735803e+01 6.013308000000000320e+00
5.095214060895307995e+01 6.013308000000000320e+00
5.105638245923365304e+01 6.013308000000000320e+00
5.095330271043447112e+01 6.013308000000000320e+00
5.097057672567481745e+01 6.013308000000000320e+00
5.097255446099131859e+01 6.013308000000000320e+00
5.094829241906428763e+01 6.013308000000000320e+00
5.087245121213742038e+01 6.013308000000000320e+00
5.090633727331537983e+01 6.013308000000000320e+00
5.089683262252155060e+01 6.013308000000000320e+00
5.084850658914167809e+01 6.013308000000000320e+00
5.075443144814982332e+01 6.013308000000000320e+00
5.072666159990970414e+01 6.013308000000000320e+00
5.079956673031428949e+01 6.013308000000000320e+00
5.089219915417583451e+01 6.013308000000000320e+00
5.083080286788542423e+01 6.013308000000000320e+00
5.090926182859284665e+01 6.013308000000000320e+00
5.096616407473581489e+01 6.013308000000000320e+00
5.088222444570961045e+01 6.013308000000000320e+00
5.083215033891023893e+01 6.013308000000000320e+00
5.090599961606234558e+01 6.013308000000000320e+00
5.102832408876177794e+01 6.013308000000000320e+00
5.095122050814465098e+01 6.013308000000000320e+00
5.091488314376742608e+01 6.013308000000000320e+00
5.083403561698923312e+01 6.013308000000000320e+00
5.092578086962518569e+01 6.013308000000000320e+00
5.095862373058992034e+01 6.013308000000000320e+00
5.081840838762530410e+01 6.013308000000000320e+00
5.080361749402955951e+01 6.013308000000000320e+00
5.080797886435901489e+01 6.002763616793077794e+00
5.077226202463296545e+01 6.013308000000000320e+00
5.077463474315488412e+01 6.013308000000000320e+00
5.069748825172443674e+01 6.013308000000000320e+00
5.057570457888382975e+01 6.013308000000000320e+00
5.057731292203869344e+01 6.013308000000000320e+00
5.062863386044745084e+01 6.007651938649046564e+00
5.067106947102136161e+01 6.013308000000000320e+00
5.059167576064247385e+01 6.013308000000000320e+00
5.053740429264315992e+01 6.013308000000000320e+00
5.048610157380785068e+01 6.013308000000000320e+00
5.040716158132066482e+01 6.013308000000000320e+00
5.039855239361717310e+01 6.013308000000000320e+00
5.050446212029524418e+01 6.012576087112126544e+00
5.036761592046646285e+01 6.013308000000000320e+00
5.030698482082964773e+01 6.013308000000000320e+00
5.017093347177428342e+01 6.013308000000000320e+00
5.018958164817599510e+01 6.013308000000000320e+00
5.019585557093881079e+01 6.013308000000000320e+00
4.998113155024582710e+01 6.013308000000000320e+00
4.985889756872697376e+01 6.013308000000000320e+00
4.976994430884384712e+01 6.013308000000000320e+00
4.973977638020247127e+01 6.013308000000000320e+00
4.974517370741227040e+01 6.013308000000000320e+00
4.960969116432769255e+01 6.013308000000000320e+00
4.951513857762090964e+01 6.013308000000000320e+00
4.939465116430503144e+01 6.013308000000000320e+00
4.930256132031890104e+01 6.013308000000000320e+00
4.914835419363453894e+01 6.013308000000000320e+00
4.899827427133008229e+01 6.013308000000000320e+00
4.894504569677052785e+01 6.013308000000000320e+00
4.881044603110854752e+01 6.013308000000000320e+00
4.879878122418270436e+01 6.013308000000000320e+00
4.890424024870348063e+01 6.009474306426818124e+00
4.887014473968113748e+01 6.013308000000000320e+00
4.882259572580472451e+01 6.013308000000000320e+00
4.875002109592658428e+01 6.013308000000000320e+00
4.864804444107567605e+01 6.013308000000000320e+00
4.852467857099695436e+01 6.013308000000000320e+00
4.848574802563366859e+01 6.013308000000000320e+00
4.859104349799671496e+01 6.013308000000000320e+00
4.869875101958920993e+01 6.013308000000000320e+00
4.876056688421371632e+01 6.013308000000000320e+00
4.868422789295630793e+01 6.013308000000000320e+00
4.848759101954433959e+01 6.013308000000000320e+00
4.843495079878513110e+01 6.013308000000000320e+00
4.832753658543295217e+01 6.013308000000000320e+00
4.839203219367163911e+01 6.013308000000000320e+00
4.834103696488993762e+01 6.013308000000000320e+00
4.837376367204916505e+01 6.013308000000000320e+00
4.831504413069701087e+01 6.013308000000000320e+00
4.828201476399917169e+01 6.013308000000000320e+00
4.823393792323801677e+01 6.013308000000000320e+00
4.824285356248588386e+01 6.013308000000000320e+00
4.824820289021413089e+01 6.013308000000000320e+00
4.828205464237695566e+01 6.013308000000000320e+00
4.826868433228290911e+01 6.013308000000000320e+00
4.822785562422239281e+01 6.013308000000000320e+00
4.832116620982769462e+01 6.013308000000000320e+00
4.831987976661879003e+01 6.013308000000000320e+00
4.836972913068601798e+01 6.013308000000000320e+00
4.824288286138057202e+01 6.013308000000000320e+00
4.820436300464223223e+01 6.013308000000000320e+00
4.828506200038663110e+01 6.013308000000000320e+00
4.824020462851240154e+01 6.013308000000000320e+00
4.823531797362795714e+01 6.013308000000000320e+00
4.822762158338181848e+01 6.013308000000000320e+00
4.824093637876772789e+01 6.013308000000000320e+00
4.830198608656815651e+01 6.013308000000000320e+00
4.820748126324374994e+01 6.013308000000000320e+00
4.819237920778711270e+01 6.013308000000000320e+00
4.821181999640359095e+01 6.013308000000000320e+00
4.820559666746625993e+01 6.013308000000000320e+00
4.823543929392933194e+01 6.013308000000000320e+00
4.826206704252225421e+01 6.013308000000000320e+00
4.829079827993105312e+01 6.013308000000000320e+00
4.828809559768216531e+01 6.013308000000000320e+00
4.821583948723021251e+01 6.013308000000000320e+00
4.835924391328563843e+01 6.013308000000000320e+00
4.825715494939253603e+01 6.013308000000000320e+00
4.829877918547597915e+01 6.013308000000000320e+00
4.828061120279949847e+01 6.012268078675965910e+00
4.822423249795019018e+01 6.013308000000000320e+00
4.831201403154485519e+01 6.013308000000000320e+00
4.826504770034471647e+01 6.013308000000000320e+00
4.821233219997188257e+01 6.013308000000000320e+00
4.814440890568995002e+01 6.013308000000000320e+00
4.815052690806390956e+01 6.013308000000000320e+00
4.806792238205573398e+01 6.013308000000000320e+00
4.797462209031944980e+01 6.013308000000000320e+00
4.813597457313772310e+01 6.013308000000000320e+00
4.822501917299216245e+01 6.013308000000000320e+00
4.822344045641144561e+01 6.013308000000000320e+00
4.820064356791626636e+01 6.013308000000000320e+00
4.807367724098463668e+01 6.002772348359621368e+00
4.795538703019651905e+01 6.013308000000000320e+00
4.794524978784629354e+01 6.013308000000000320e+00
4.793110000690621320e+01 6.013308000000000320e+00
4.793201167985876054e+01 6.013308000000000320e+00
4.792933947406031336e+01 6.013308000000000320e+00
4.785111595007688123e+01 6.013308000000000320e+00
4.791667922149471082e+01 6.013308000000000320e+00
4.793801581178810522e+01 6.013308000000000320e+00
4.792817715094717812e+01 6.013308000000000320e+00
4.790262709344187186e+01 6.013308000000000320e+00
4.795721301220380184e+01 6.013308000000000320e+00
4.783870771087048723e+01 6.013308000000000320e+00
4.790035599785363019e+01 6.013308000000000320e+00
4.780602414404731348e+01 6.013308000000000320e+00
4.771952482236343940e+01 6.013308000000000320e+00
4.777833160878236640e+01 6.013308000000000320e+00
4.777862745452729598e+01 6.013308000000000320e+00
4.784552969687734958e+01 6.013308000000000320e+00
4.772864351452887632e+01 6.013308000000000320e+00
4.771279283063799426e+01 6.013308000000000320e+00
4.770977355697886679e+01 6.013308000000000320e+00
4.765084163005827378e+01 6.013308000000000320e+00
4.773122655487317445e+01 6.013308000000000320e+00
4.771292710218312294e+01 6.013308000000000320e+00
4.775469945094053514e+01 6.013308000000000320e+00
4.779566719280416009e+01 6.013308000000000320e+00
4.788386586835724756e+01 6.013308000000000320e+00
4.776468209467846293e+01 6.013308000000000320e+00
4.774159670404313971e+01 6.013308000000000320e+00
4.771701806334307605e+01 6.013308000000000320e+00
4.782796120375072491e+01 6.013308000000000320e+00
4.782891147726633818e+01 6.001767582456980499e+00
4.784744484890659066e+01 6.013308000000000320e+00
4.781454312743997548e+01 6.013308000000000320e+00
4.775785829861502663e+01 6.013308000000000320e+00
4.776669019279221828e+01 6.013308000000000320e+00
4.767546086165789632e+01 6.013308000000000320e+00
4.772125383421644784e+01 6.013308000000000320e+00
4.760583788429835295e+01 6.013308000000000320e+00
4.761530743416369660e+01 6.013308000000000320e+00
4.759583738330100999e+01 6.013308000000000320e+00
4.753867411376656094e+01 6.013308000000000320e+00
4.752485989919004794e+01 6.013308000000000320e+00
4.752002024664483315e+01 6.013308000000000320e+00
4.746737677112317044e+01 6.013308000000000320e+00
4.739971221933723911e+01 6.013308000000000320e+00
4.756207222342759167e+01 6.013308000000000320e+00
4.750444987582047673e+01 6.013308000000000320e+00
4.753547789310992755e+01 6.013308000000000320e+00
4.752282603956710716e+01 6.013308000000000320e+00
4.751074230050059555e+01 6.013308000000000320e+00
4.747907671939442764e+01 6.013308000000000320e+00
4.748118867549870004e+01 6.013308000000000320e+00
4.755875654525269169e+01 6.013308000000000320e+00
4.753207645904090839e+01 6.013308000000000320e+00
4.754326627153783846e+01 6.013308000000000320e+00
4.752254184219972899e+01 6.013308000000000320e+00
4.762929945710693858e+01 6.013308000000000320e+00
4.766033553221551244e+01 6.013308000000000320e+00
4.752699399930196478e+01 6.013308000000000320e+00
4.749501684185720762e+01 6.013308000000000320e+00
4.756399823612529332e+01 6.013308000000000320e+00
4.754438190421492294e+01 6.013308000000000320e+00
4.752234104606491627e+01 6.013308000000000320e+00
4.743252887734033152e+01 6.013308000000000320e+00
4.750615302246005456e+01 6.013308000000000320e+00
4.743323193956232586e+01 6.013308000000000320e+00
4.746757620749976780e+01 6.013308000000000320e+00
4.758986355667459378e+01 6.013308000000000320e+00
4.740882968634242900e+01 6.013308000000000320e+00
4.738970536482219131e+01 6.013308000000000320e+00
4.734132443796288214e+01 6.013308000000000320e+00
4.724460193961076726e+01 6.013308000000000320e+00
4.722315008798523195e+01 6.013308000000000320e+00
4.723697994145729240e+01 6.013308000000000320e+00
4.714805144130302494e+01 6.013308000000000320e+00
4.716382451121999964e+01 6.013308000000000320e+00
4.721256514479451738e+01 6.013308000000000320e+00
4.722493281110580199e+01 6.013308000000000320e+00
4.727527013329209638e+01 6.013308000000000320e+00
4.726747693843931586e+01 6.013308000000000320e+00
4.735208399026674897e+01 6.013308000000000320e+00
4.736030239750647297e+01 6.013308000000000320e+00
4.731185989636036027e+01 6.013308000000000320e+00
4.738496715589860742e+01 6.013308000000000320e+00
4.732842440152261076e+01 6.013308000000000320e+00
4.730305682136762613e+01 6.013308000000000320e+00
4.730225878272095485e+01 6.013308000000000320e+00
4.734429769446747116e+01 6.013308000000000320e+00
4.736190862612769337e+01 6.013308000000000320e+00
4.731869625626898568e+01 6.013308000000000320e+00
4.725385453103701394e+01 6.013308000000000320e+00
4.718173618168307826e+01 6.013308000000000320e+00
4.722657737328191274e+01 6.013308000000000320e+00
4.715137432941278917e+01 6.013308000000000320e+00
4.713994618963590000e+01 6.013308000000000320e+00
4.709519231537717587e+01 6.013308000000000320e+00
4.714073656212082142e+01 6.013308000000000320e+00
4.702881011267766098e+01 6.005868028850764873e+00
4.698897799354062954e+01 6.013308000000000320e+00
4.697532693703494999e+01 6.013308000000000320e+00
4.693409709107212535e+01 6.013308000000000320e+00
4.690247953944668780e+01 6.013308000000000320e+00
4.687972941258235693e+01 6.013308000000000320e+00
4.690876143477389348e+01 6.013308000000000320e+00
4.683945769016933269e+01 6.013308000000000320e+00
4.674544160570775375e+01 6.013308000000000320e+00
4.688321449409200170e+01 6.010914526896352861e+00
4.694677473212133378e+01 6.013308000000000320e+00
4.688447500764146980e+01 6.013308000000000320e+00
4.673338464924200508e+01 6.013308000000000320e+00
4.671101400405580506e+01 6.013308000000000320e+00
4.663889751902250680e+01 6.013308000000000320e+00
4.659648003698652730e+01 6.013308000000000320e+00
4.648329031425016922e+01 6.013308000000000320e+00
4.642826179581559387e+01 6.013308000000000320e+00
4.631089203124930975e+01 6.013308000000000320e+00
4.636937316282826771e+01 6.013308000000000320e+00
4.624883403374714419e+01 6.013308000000000320e+00
4.615472316842890166e+01 6.013308000000000320e+00
4.606346226458794035e+01 6.013308000000000320e+00
4.598295912721802381e+01 6.013308000000000320e+00
4.595426265546971933e+01 6.009332428448586505e+00
4.585500635326293661e+01 6.013308000000000320e+00
4.571884271192205063e+01 6.013308000000000320e+00
4.566802938109371013e+01 6.013308000000000320e+00
4.553009248710588963e+01 6.013308000000000320e+00
4.558569946038231535e+01 6.013308000000000320e+00
4.552789220692228866e+01 6.013308000000000320e+00
4.548847916072406150e+01 6.013308000000000320e+00
4.540052995751763376e+01 6.013308000000000320e+00
4.536802742925938503e+01 6.013308000000000320e+00
4.514559620796722328e+01 6.013308000000000320e+00
4.517939591266586064e+01 6.013308000000000320e+00
4.517645621609848661e+01 6.013308000000000320e+00
4.525490325246168055e+01 6.004780775377096980e+00
4.520758693221908686e+01 6.013308000000000320e+00
4.517070220816579251e+01 6.013308000000000320e+00
4.510319627350794036e+01 6.013308000000000320e+00
4.499049129792947355e+01 6.013308000000000320e+00
4.501289281412061172e+01 6.013308000000000320e+00
4.497263027928516976e+01 6.013308000000000320e+00
4.490384018530895816e+01 6.013308000000000320e+00
4.495301685042407058e+01 6.013308000000000320e+00
4.494612505593860163e+01 6.013308000000000320e+00
4.489719950100334955e+01 6.013308000000000320e+00
4.484801654224277456e+01 6.013308000000000320e+00
4.485922900277870440e+01 6.013308000000000320e+00
4.489963423725891545e+01 6.013308000000000320e+00
4.483686088726091157e+01 6.013308000000000320e+00
4.484184458098885528e+01 6.013308000000000320e+00
4.476510069016456583e+01 6.013308000000000320e+00
4.475858539641619416e+01 6.013308000000000320e+00
4.485846624111105996e+01 6.013308000000000320e+00
4.497992810003188424e+01 6.013308000000000320e+00
4.491448988297874934e+01 6.013308000000000320e+00
4.492610837594929052e+01 6.013308000000000320e+00
4.478312794993551194e+01 6.013308000000000320e+00
4.480239696049164877e+01 6.013308000000000320e+00
4.483459311253827906e+01 6.013308000000000320e+00
4.486054815014055919e+01 6.013308000000000320e+00
4.486625135733803660e+01 6.013308000000000320e+00
4.479907824769463076e+01 6.013308000000000320e+00
4.470438334497987398e+01 6.013308000000000320e+00
4.475737381465558684e+01 6.013308000000000320e+00
4.471414601339142081e+01 6.013308000000000320e+00
4.462470158034560086e+01 6.013308000000000320e+00
4.456910444327831300e+01 6.013308000000000320e+00
4.466793796038032127e+01 6.013308000000000320e+00
4.469420611638304308e+01 6.013308000000000320e+00
4.467598113163546714e+01 6.013308000000000320e+00
4.460386959974402998e+01 6.013308000000000320e+00
4.462708288901134068e+01 6.013308000000000320e+00
4.458391848857242223e+01 6.013308000000000320e+00
4.456778457596578846e+01 6.013308000000000320e+00
4.460947730981517623e+01 6.013308000000000320e+00
4.465319311574288719e+01 6.013308000000000320e+00
4.468630129645431737e+01 6.013308000000000320e+00
4.469971665219774337e+01 6.013308000000000320e+00
4.472021018139044912e+01 6.013308000000000320e+00
4.466541985822639305e+01 6.013308000000000320e+00
4.466336821942316249e+01 6.013308000000000320e+00
4.451489706536073498e+01 6.013308000000000320e+00
4.450170067833567344e+01 6.013308000000000320e+00
4.452667209502837409e+01 6.013308000000000320e+00
4.452688131524747917e+01 6.013308000000000320e+00
4.458730189732526128e+01 6.013308000000000320e+00
4.460461817615824742e+01 6.013308000000000320e+00
4.471407029143257716e+01 6.013308000000000320e+00
4.464099515564141996e+01 6.002199064470812750e+00
4.448634302022854570e+01 6.013308000000000320e+00
4.448210830683397887e+01 6.013308000000000320e+00
4.454826280486222601e+01 6.013308000000000320e+00
4.455767802062047167e+01 6.013308000000000320e+00
4.455404149724724050e+01 6.013308000000000320e+00
4.463182063584485348e+01 6.013308000000000320e+00
4.470029953515030030e+01 6.013308000000000320e+00
4.474213181676995532e+01 6.013308000000000320e+00
4.467997273176382578e+01 6.013308000000000320e+00
4.464311806708016661e+01 6.013308000000000320e+00
4.472346372640405576e+01 6.013308000000000320e+00
4.470961782691357200e+01 6.013308000000000320e+00
4.465738952689562780e+01 6.013308000000000320e+00
4.458417174541639838e+01 6.013308000000000320e+00
4.457329428550749384e+01 6.013308000000000320e+00
4.455746411843792032e+01 6.013308000000000320e+00
4.458529749665706987e+01 6.007338261639675103e+00
4.459814148874824014e+01 6.013308000000000320e+00
4.451789040332401015e+01 6.013308000000000320e+00
4.455201915448109418e+01 6.013308000000000320e+00
4.450169394101070708e+01 6.013308000000000320e+00
4.441695337986050873e+01 6.013308000000000320e+00
4.440403695000206596e+01 6.013308000000000320e+00
4.438230690670088308e+01 6.013295769891954912e+00
4.444706570260319722e+01 6.013308000000000320e+00
4.438017439061528080e+01 6.013308000000000320e+00
4.446380766595111567e+01 6.013308000000000320e+00
4.441589218013612594e+01 6.006282168949019784e+00
4.446358033255172160e+01 6.013308000000000320e+00
4.444874866166654925e+01 6.002494732778115960e+00
4.435694631115045183e+01 6.013308000000000320e+00
4.422625682933158942e+01 6.013308000000000320e+00
4.427841697357188622e+01 6.013308000000000320e+00
4.432969634860749153e+01 6.013308000000000320e+00
4.438710301398115377e+01 6.013308000000000320e+00
4.438508790802046633e+01 6.013308000000000320e+00
4.432405178066233731e+01 6.013308000000000320e+00
4.426727172274247835e+01 6.013308000000000320e+00
4.441716454971673045e+01 6.013308000000000320e+00
4.447896068272445547e+01 6.013308000000000320e+00
4.441125500598798226e+01 6.013308000000000320e+00
4.431096379911572569e+01 6.013308000000000320e+00
4.427769308555985361e+01 6.013308000000000320e+00
4.434992628424974725e+01 6.013308000000000320e+00
4.431015387321276933e+01 6.013308000000000320e+00
4.428450225777244498e+01 6.013308000000000320e+00
4.428534811986366293e+01 6.013308000000000320e+00
4.432617194694707052e+01 6.013308000000000320e+00
4.429745194428504362e+01 6.013308000000000320e+00
4.429374933964010097e+01 6.013308000000000320e+00
4.424594403647459018e+01 6.013308000000000320e+00
4.434105245545922713e+01 6.013308000000000320e+00
4.439875587855784289e+01 6.013308000000000320e+00
4.426768587104459129e+01 6.003269216648041251e+00
4.426426725492384406e+01 6.013308000000000320e+00
4.426139110314779401e+01 6.013308000000000320e+00
4.424110031283393596e+01 6.013308000000000320e+00
4.428352114196634659e+01 6.013308000000000320e+00
4.423663207790268359e+01 6.013308000000000320e+00
4.427231563822888205e+01 6.009866204011289348e+00
4.420488049882145276e+01 6.013308000000000320e+00
