nan
nan
nan
nan
nan
nan
nan
nan
nan
nan
nan
nan
nan
nan
nan
nan
nan
nan
nan
nan
nan
nan
nan
nan
nan
nan
nan
nan
nan
nan
nan
nan
nan
nan
nan
nan
3.316822193034456578e+00
5.700263377995529623e+00
7.139505956948227094e+00
8.771443668224312873e+00
9.714995825023406084e+00
1.055307528383506721e+01
1.180714292204434912e+01
1.286923431671654150e+01
1.365312789601972021e+01
1.439081594042528600e+01
1.527766441646967976e+01
1.614210987764357697e+01
1.688891147703904849e+01
1.782420633033168045e+01
1.842824309125206028e+01
1.917467144060695361e+01
1.992087939443259970e+01
2.056599011468119187e+01
2.111878341082760357e+01
2.198574934008591697e+01
2.245901700577935500e+01
2.308488450158851180e+01
2.363053679650496619e+01
2.410559311040666230e+01
2.483615286478921291e+01
2.534115856895713392e+01
2.599164331092933011e+01
2.651859877350808148e+01
2.710957701574574230e+01
2.746702512232340609e+01
2.795938884669721247e+01
2.846927231635820732e+01
2.899983063361013436e+01
2.950091045999738171e+01
2.999676592654586571e+01
3.046334022122984919e+01
3.086394334290752894e+01
3.119991441809159127e+01
3.171370787854360174e+01
3.206557849996848830e+01
3.258531216544442088e+01
3.316178880950474195e+01
3.344566471395026497e+01
3.382556094342936603e+01
3.430133834479804023e+01
3.460032066006996843e+01
3.515426734269939146e+01
3.565863403904811690e+01
3.602865651620652443e+01
3.648463280386005891e+01
3.680933970717534720e+01
3.712380761826741349e+01
3.754632342511746401e+01
3.795315935843359512e+01
3.820324361009806324e+01
3.855580101562270556e+01
3.885859861893939637e+01
3.920631240501153769e+01
3.962999118694106215e+01
3.997144669362310054e+01
4.025812836133696493e+01
4.059464495991002764e+01
4.087129149894548874e+01
4.124202192084226226e+01
4.152501886784631324e+01
4.188201410895186427e+01
4.224906556608070929e+01
4.249191207067261900e+01
4.284758670085179233e+01
4.321394610747785237e+01
4.362668181679831036e+01
4.394531017965235264e+01
4.418925029963946116e+01
4.453951663363081792e+01
4.484188967048037000e+01
4.518545950428634228e+01
4.545860021846118570e+01
4.577765238259328839e+01
4.607448051903718067e+01
4.632884345108661250e+01
4.652644391659185885e+01
4.686356573736681241e+01
4.704665660330568500e+01
4.725539386208576786e+01
4.750191326382751100e+01
4.771269669295912053e+01
4.801731281327060685e+01
4.821203487606528171e+01
4.846406971009257347e+01
4.880359770988140866e+01
4.901066298943411681e+01
4.927186491796435064e+01
4.954737296156540793e+01
4.973566257351904341e+01
4.999454432030147899e+01
5.021200770234175081e+01
5.057260140226363632e+01
5.081188696617616785e+01
5.094048842253498321e+01
5.110464844357556302e+01
5.135681616996065202e+01
5.155131026727654131e+01
5.186689098516647078e+01
5.220192361788092228e+01
5.233452785662080942e+01
5.244526957276755752e+01
5.264604619749622572e+01
5.281676951591527569e+01
5.303569028239904526e+01
5.331787822467889981e+01
5.351599992236339176e+01
5.359325572823513539e+01
5.380956769402679640e+01
5.398170460172488561e+01
5.420219250722023219e+01
5.438721524061333668e+01
5.453021109835983538e+01
5.464020891486284626e+01
5.474832330606672315e+01
5.491237242800783491e+01
5.506726067438223282e+01
5.526828393212437618e+01
5.543216416725666562e+01
5.556344828101964595e+01
5.562900841930488838e+01
5.574301362120202441e+01
5.592371285571496031e+01
5.604183164789053251e+01
5.610822360355525262e+01
5.623677852064365368e+01
5.635489237866233481e+01
5.651880117975335338e+01
5.667024943027861639e+01
5.684203731288683059e+01
5.700238345768219972e+01
5.711263381883928503e+01
5.724724318643899323e+01
5.744770348934176241e+01
5.753637449330842912e+01
5.775713718603527980e+01
5.794375667699839738e+01
5.804253335101154221e+01
5.817290410465759010e+01
5.837844333002910702e+01
5.846427498928719757e+01
5.870751888290240572e+01
5.886338703051480792e+01
5.891027738428879701e+01
5.906564399350075689e+01
5.926359243518915321e+01
5.942575487944357349e+01
5.954258205004641979e+01
5.973192658331591787e+01
5.981285768731923724e+01
6.004882343281109058e+01
6.016409659432476786e+01
6.027876078323384945e+01
6.036002541250472575e+01
6.044646553476386686e+01
6.060375474471992163e+01
6.067879690571145801e+01
6.082084760518108624e+01
6.085222638439859821e+01
6.091961776561007724e+01
6.109628281621355228e+01
6.120281016990726641e+01
6.131104633393702130e+01
6.143736183230323888e+01
6.158662707278622861e+01
6.173002167998168943e+01
6.185233451822977457e+01
6.203852690653923219e+01
6.209471203117901439e+01
6.226720255434533158e+01
6.239327677870889488e+01
6.251015434487717215e+01
6.265965938525791046e+01
6.280361201923185632e+01
6.291091143676631248e+01
6.298710884907765006e+01
6.315325794524781600e+01
6.324480184378615633e+01
6.327214834079063621e+01
6.346268497180357571e+01
6.348789789935331385e+01
6.352496223545436038e+01
6.368083100464965440e+01
6.372355141131776435e+01
6.391180764981721296e+01
6.401630104311874447e+01
6.407640153517360204e+01
6.418628212822626722e+01
6.426959729850744907e+01
6.435382365610625754e+01
6.447689794007692399e+01
6.454217030906181662e+01
6.466383492562307822e+01
6.477685178750598993e+01
6.490030256705667000e+01
6.496046347909370411e+01
6.497781915596338820e+01
6.515979570785017927e+01
6.523852962595209704e+01
6.540733235323956762e+01
6.545219468230307314e+01
6.553879385915270461e+01
6.569767059606030557e+01
6.575227872127277351e+01
6.585465595959784935e+01
6.596263889559956795e+01
6.602358140940415865e+01
6.610795854214366329e+01
6.617326533862197380e+01
6.630150766945583030e+01
6.644841599007376942e+01
6.652597671061761275e+01
6.664025421090478574e+01
6.671830297337821492e+01
6.680875048931822846e+01
6.688571645833916079e+01
6.696630167234285125e+01
6.701642692908953336e+01
6.710142805821959655e+01
6.722786035153522732e+01
6.727777614430777930e+01
6.725986023122770519e+01
6.743107772256840349e+01
6.744165828573760280e+01
6.751582055763428514e+01
6.761269569164076643e+01
6.759043891300805740e+01
6.775440768257676893e+01
6.775611459173400419e+01
6.780827183912531098e+01
6.790948428432534456e+01
6.797103800415639796e+01
6.802989723703007030e+01
6.814294206897291417e+01
6.822103068660133829e+01
6.825740165919617652e+01
6.829858488524951099e+01
6.844172000203855077e+01
6.846003962832493528e+01
6.844839382265017491e+01
6.858041289788809536e+01
6.864202281571276387e+01
6.874193691379963411e+01
6.882001416173412167e+01
6.901258051357160639e+01
6.911295938181385168e+01
6.920041183099715454e+01
6.928857729768613183e+01
6.943169598242803886e+01
6.952838836700065883e+01
6.960240053423187589e+01
6.972973843966494201e+01
6.975055084173045827e+01
6.985547729370075842e+01
6.995100080408322185e+01
7.000008101285743578e+01
7.006677436863438402e+01
7.018613861766183959e+01
7.017256683109209803e+01
7.027815053377645427e+01
7.042118933740567854e+01
7.038409777680973889e+01
7.045177435502003505e+01
7.056157929872399848e+01
7.058954685253522143e+01
7.059630931171143686e+01
7.063463802353186338e+01
7.068450403597324794e+01
7.075866386322026358e+01
7.081457516924079698e+01
7.085999050451606251e+01
7.094703461038545811e+01
7.098672345302462361e+01
7.107733079860302894e+01
7.119912892116465741e+01
7.124968220584254652e+01
7.129911838970258486e+01
7.136961561991233793e+01
7.146120490555351523e+01
7.154721691990248189e+01
7.160067355287894486e+01
7.167013897272700262e+01
7.177726433437337050e+01
7.181937702497467058e+01
7.198750565935368684e+01
7.206195818744080839e+01
7.209797624970795482e+01
7.216497745802664099e+01
7.227314236202748532e+01
7.236222219626840513e+01
7.230257597330313502e+01
7.237591179636571326e+01
7.242457159887325702e+01
7.247934300496092419e+01
7.258795225349001612e+01
7.260145074420979938e+01
7.268564530052870509e+01
7.271268485929255121e+01
7.276396611888152677e+01
7.280305114503535435e+01
7.291402347260901706e+01
7.297044438679304790e+01
7.298718571411062328e+01
7.305988335904564224e+01
7.313290484164713234e+01
7.315342486101778263e+01
7.328894221118800090e+01
7.332542842133142358e+01
7.337712402128651945e+01
7.351001825770268283e+01
7.357133564656128044e+01
7.369917550308468890e+01
7.379324474920237265e+01
7.389676397297202470e+01
7.395793103081308573e+01
7.407418248817326401e+01
7.416539770209242022e+01
7.429479296086556417e+01
7.441230462494156939e+01
7.446345170612272568e+01
7.454838142952050362e+01
7.458503751477998378e+01
7.465828168357451489e+01
7.473291030451113670e+01
7.477060431182516709e+01
7.484895321015893899e+01
7.487744389224171471e+01
7.487225530803205231e+01
7.494024719506282395e+01
7.496360331440342861e+01
7.507463310876688922e+01
7.511287759799749608e+01
7.523937409990519143e+01
7.526143779811864931e+01
7.533024034418608039e+01
7.541405123523720988e+01
7.544206939168577719e+01
7.549400393613210269e+01
7.554518570738298422e+01
7.564011405612406236e+01
7.560207749561148205e+01
7.557655201240740439e+01
7.564322838249330516e+01
7.565561924718073783e+01
7.572532888550684049e+01
7.577373404640347587e+01
7.579924070723950535e+01
7.581416008159085607e+01
7.585338612523995039e+01
7.589403788820834507e+01
7.596801184403666696e+01
7.608395465709635630e+01
7.613852085466410813e+01
7.615383840372665247e+01
7.625984120605389194e+01
7.636882671840591286e+01
7.647799527244401929e+01
7.658350435441893467e+01
7.668376274631681611e+01
7.671734997265207312e+01
7.679820352968127395e+01
7.686164903085087019e+01
7.696061264391613577e+01
7.701590996587285076e+01
7.705445621892189934e+01
7.714468947875218419e+01
7.715274678996281921e+01
7.719209961251138452e+01
7.729171672355688827e+01
7.731584935764483646e+01
7.732257641629922773e+01
7.742586579710001615e+01
7.743282319018220505e+01
7.747148520966250373e+01
7.758279518904613781e+01
7.759143703728665287e+01
7.759968142932451940e+01
7.761637741932202061e+01
7.764991703847282167e+01
7.764242330855550733e+01
7.760828851448101773e+01
7.767390731508328372e+01
7.768300268572002665e+01
7.768272000918391029e+01
7.768280143949054661e+01
7.770892785416813808e+01
7.772545038954498864e+01
7.770554477832604334e+01
7.773439616954291864e+01
7.769537133626984371e+01
7.772723386557386505e+01
7.771791043263129950e+01
7.771640155025599483e+01
7.775095603966144608e+01
7.781318133930402325e+01
7.782998045221330585e+01
7.783113288907468075e+01
7.784754215225946439e+01
7.790402910388246482e+01
7.793180577618490190e+01
7.790394481580725028e+01
7.801507274784104595e+01
7.805774871205669285e+01
7.804889904620580410e+01
7.809052572613374821e+01
7.812580553577029718e+01
7.811569501606867050e+01
7.816024367517269411e+01
7.813697410252136422e+01
7.817119422558006647e+01
7.818185177450737910e+01
7.818929745381898044e+01
7.820133179356309938e+01
7.825475215342854085e+01
7.828293985710374159e+01
7.831372438099842270e+01
7.830323170212449213e+01
7.839295552773680242e+01
7.843990595348972761e+01
7.843511342408548614e+01
7.846891982270831534e+01
7.853203055764210205e+01
7.852690759210359772e+01
7.860182345608512833e+01
7.860208566318982548e+01
7.861602133758225364e+01
7.873678846788317287e+01
7.878776223883585317e+01
7.883200050967045058e+01
7.887134195477736398e+01
7.894646985644587289e+01
7.896799130768894770e+01
7.901984705274560383e+01
7.906049190555253858e+01
7.915323651884028777e+01
7.918128360003298383e+01
7.923134719011393656e+01
7.930815796558870545e+01
7.937627457662398456e+01
7.948963141407116950e+01
7.951845173003478351e+01
7.957469503151155266e+01
7.960694511854904931e+01
7.960022515862698356e+01
7.963570828607215901e+01
7.969624897666736274e+01
7.966562027949512981e+01
7.971745874962930145e+01
7.986663835051410842e+01
7.986991412596579210e+01
7.994006470124233488e+01
7.999770676101427114e+01
8.001387547656936761e+01
8.001667425589367610e+01
8.000745616386592474e+01
8.006315931789232820e+01
8.003016383332207795e+01
8.003753683119761320e+01
8.008173298300818033e+01
8.011099641796170090e+01
8.012682558125227672e+01
8.015717640661688392e+01
8.020330009555770800e+01
8.033013872107278530e+01
8.034854298642083847e+01
8.039129106411216696e+01
8.047857761717162361e+01
8.056012220224384635e+01
8.061558918865173951e+01
8.058702115516268805e+01
8.062279474058516371e+01
8.063418930459546630e+01
8.064711995341248496e+01
8.067438654276527643e+01
8.070959884643023940e+01
8.068095886065860611e+01
8.067278291529018475e+01
8.071382178484442704e+01
8.070207113661575704e+01
8.073853044489608521e+01
8.073199709899648724e+01
8.081930169997326630e+01
8.081958357321104813e+01
8.089149234189528670e+01
8.090878618661265875e+01
8.093933402958312229e+01
8.101816759274171886e+01
8.105598916118086095e+01
8.108114439398090667e+01
8.114718565266196038e+01
8.118193094093595619e+01
8.115634474133798903e+01
8.126855180217707186e+01
8.127703064523070964e+01
8.129571695706938783e+01
8.128362979608540684e+01
8.131558805271968993e+01
8.127903292687084047e+01
8.129093658410243961e+01
8.133145261095360468e+01
8.134240277898094007e+01
8.133069429670325690e+01
8.128821207755957801e+01
8.130168637409704502e+01
8.129220999108909496e+01
8.130521964318592154e+01
8.132686360624568067e+01
8.130845918504104475e+01
8.132313041938159870e+01
8.132225197616763523e+01
8.132841237579549443e+01
8.133784381387599183e+01
8.129600366214700102e+01
8.128702921755252930e+01
8.128004660245504454e+01
8.125093611548724937e+01
8.123204920516984373e+01
8.124550127044513204e+01
8.131264625811783731e+01
8.132158185178082022e+01
8.131437879409820368e+01
8.137781857654755413e+01
8.141372461605003252e+01
8.141993351175955240e+01
8.147026127356870973e+01
8.148835099850772679e+01
8.158949404781840542e+01
8.159265277709062048e+01
8.162774086728403233e+01
8.165878605846795324e+01
8.172100380634411465e+01
8.176322378463567020e+01
8.177954563566970592e+01
8.188025166329798310e+01
8.192409273641547429e+01
8.195378203318183807e+01
8.209575192050478165e+01
8.215036243295678275e+01
8.214696107585258744e+01
8.222748595290569540e+01
8.228684138907165391e+01
8.233168607986364407e+01
8.239343596999096064e+01
8.243710106904731560e+01
8.256483964016175037e+01
8.254709440760149164e+01
8.254900606890890913e+01
8.261592645902275933e+01
8.263507019422544886e+01
8.265837647811743238e+01
8.272331959815190316e+01
8.278929903923638278e+01
8.285083356969578006e+01
8.296356702385880055e+01
8.306318862528692648e+01
8.304332866357307807e+01
8.313136499632338428e+01
8.321948673139948482e+01
8.324103615739441864e+01
8.328727765771989766e+01
8.333856507535959679e+01
8.340143901784725244e+01
8.339069213583766782e+01
8.343094387502979714e+01
8.350234233750497026e+01
8.352603957061636208e+01
8.358575786457338097e+01
8.361299703997802624e+01
8.358205745279911980e+01
8.365478271944320454e+01
8.367081741930488192e+01
8.368584600877176172e+01
8.376408965843083365e+01
8.379119278373333657e+01
8.380690883387198653e+01
8.380231055983334443e+01
8.378731023648914800e+01
8.375030079880190215e+01
8.380211596240742722e+01
8.385848241431405370e+01
8.383350514800578424e+01
8.388167576264950753e+01
8.382732074828325608e+01
8.381902699903922382e+01
8.383362779129014086e+01
8.380771415332353058e+01
8.376135582443289707e+01
8.372879057748252762e+01
8.369394334781303257e+01
8.363512530325343164e+01
8.361548347450042229e+01
8.358005121434709395e+01
8.356517316704639597e+01
8.359560540380286398e+01
8.349959188292655199e+01
8.344409568897377483e+01
8.342131667485742241e+01
8.339435984005001501e+01
8.343688527060078286e+01
8.347721942666454709e+01
8.341714628554318267e+01
8.343717416984787860e+01
8.347176032195271489e+01
8.350541512407518496e+01
8.348069582682272483e+01
8.346801835158640870e+01
8.347842457783517034e+01
8.345281403677141441e+01
8.341516638631948410e+01
8.337266878152911431e+01
8.342046666594046656e+01
8.343535691383388553e+01
8.346088170466464362e+01
8.348573563366703354e+01
8.348999799803200972e+01
8.354342025878698053e+01
8.350335783130374523e+01
8.354925019565271782e+01
8.351407755166538038e+01
8.356110452723632420e+01
8.354089915959090717e+01
8.356104847855436901e+01
8.359496663205146660e+01
8.363663938144766519e+01
8.366782820281930810e+01
8.372674676324776044e+01
8.371053902836047200e+01
8.379945236796116603e+01
8.382676910024919437e+01
8.386910656773792994e+01
8.392949517651742042e+01
8.403525173648705504e+01
8.404578147605845118e+01
8.407071227988731721e+01
8.414164486241072893e+01
8.416827532378930243e+01
8.421507744402192941e+01
8.420930980718625847e+01
8.424831540842700406e+01
8.431117327839066888e+01
8.433297952038316225e+01
8.430026804895750558e+01
8.434342056085438344e+01
8.439739627739058392e+01
8.434242334714622302e+01
8.429884131806956304e+01
8.430713950930962142e+01
8.430701407974439121e+01
8.432248918349398537e+01
8.433043485717045940e+01
8.429725097572270442e+01
8.429719372248902687e+01
8.435758027987991170e+01
8.428808325315497996e+01
8.434268563186209633e+01
8.433741178102359015e+01
8.439096970791366914e+01
8.437446401508032068e+01
8.435701913792080120e+01
8.439293079255000407e+01
8.440191316004131750e+01
8.436439736993888516e+01
8.439933927454214313e+01
8.435436659083541144e+01
8.432241819995174126e+01
8.433646311977665277e+01
8.433491806496824950e+01
8.434166837400020711e+01
8.439039891341418809e+01
8.438384556310006701e+01
8.442097397865698838e+01
8.442625357524389074e+01
