1.692845989642397342e+02
1.689095491444418258e+02
1.720634520596506718e+02
1.696006431488346209e+02
1.721017834153849719e+02
1.732540474763663383e+02
1.695122654677055039e+02
1.726635632919312684e+02
1.742998717359896830e+02
1.740982797301256255e+02
1.576126947760142514e+02
1.448540189833694853e+02
1.567575755647455082e+02
1.572015706601528109e+02
1.528592534860423200e+02
1.395740178754490444e+02
1.454489132200970687e+02
1.511753640508769081e+02
1.482607335701878242e+02
1.494255127368915623e+02
1.450461890482565650e+02
1.492639370098373206e+02
1.502488923763439175e+02
1.516404421678079188e+02
1.422435304477261298e+02
1.400553527196840946e+02
1.340780533599124453e+02
1.366382963553106435e+02
1.340314119606814813e+02
1.379447293564701624e+02
1.325666154175663678e+02
1.300654017285403654e+02
1.354602151622159454e+02
1.385584635959370416e+02
1.376701782626981583e+02
1.330891075348390871e+02
1.247606054029265579e+02
1.189261239206348790e+02
1.147272515487946691e+02
1.146429787407676173e+02
1.139911398022479148e+02
1.100867067368504308e+02
1.180234907477983768e+02
1.178465981231659896e+02
1.200194553413319056e+02
1.176798182125017433e+02
1.194303951634743868e+02
1.199694577005283520e+02
1.206899951837939255e+02
1.202157529853614335e+02
1.236389325344363783e+02
1.147151303778519775e+02
1.182545895716019402e+02
1.211094327863013973e+02
1.224972364025290119e+02
1.235018518308074107e+02
1.215265918780787615e+02
1.172459159392737433e+02
1.219097678926688957e+02
1.249954902226268132e+02
1.266494826409621481e+02
1.322994382034426906e+02
1.284278038432794347e+02
1.249034910496235540e+02
1.287178592554952843e+02
1.258491828338806755e+02
1.160381645345252650e+02
1.091364405705369336e+02
1.038048663510807614e+02
1.030483154162882471e+02
1.038105763789734084e+02
1.017987003426456880e+02
1.054860247980944621e+02
1.132763342649095222e+02
1.086330534421782517e+02
1.007662782075805552e+02
1.038680696439422348e+02
1.107371382492467120e+02
1.103934931790793286e+02
1.095410645317187601e+02
1.080417091119289523e+02
1.107783348900171490e+02
1.112515198369876401e+02
1.092629631701432515e+02
1.121686779285304993e+02
1.126043596644827574e+02
1.149269998805422830e+02
1.122840051557424914e+02
1.134619424151179743e+02
1.179144453472653140e+02
1.148063176532635339e+02
1.188623217092437159e+02
1.141331195127545470e+02
1.147841328881309551e+02
1.147161526276273378e+02
1.182220230550202018e+02
1.209733859049376150e+02
1.218833901572885452e+02
1.181062403760241040e+02
1.196104223355387717e+02
1.215475475395253682e+02
1.202037744013355649e+02
1.124769911691983282e+02
1.084081205399256191e+02
1.061199339479696988e+02
1.098365310043300980e+02
1.065701459133409514e+02
1.055850712190151341e+02
1.060781048288371267e+02
1.042079113468367808e+02
1.025604435057424269e+02
9.698625280857831399e+01
9.994999169658481719e+01
1.015352766291512268e+02
9.311436168468517849e+01
9.799084904517940231e+01
9.653334417790084387e+01
9.557758355778641146e+01
9.858030776882928592e+01
8.989755396319417002e+01
8.708741288615939879e+01
9.125008564523028554e+01
9.279847838754501765e+01
8.997012472732315302e+01
9.529851758897049763e+01
9.948269074513021337e+01
9.606229928593693046e+01
1.012775994910671642e+02
1.015259325949757709e+02
1.031958110265065045e+02
1.012756906771231940e+02
1.008867413255913164e+02
1.017751573740307265e+02
1.057405637018083269e+02
1.072766899411647614e+02
1.002176871433054544e+02
1.022601227671132875e+02
9.989536204960022303e+01
1.021178763738895725e+02
1.014580876387878448e+02
1.061049025026233892e+02
1.045114602397601686e+02
1.066837603540375454e+02
1.041279849095526941e+02
9.712941388179108060e+01
9.622683596483540214e+01
9.963196079726354526e+01
9.476388830897464288e+01
9.938558573138800512e+01
9.845372286417216401e+01
9.751666072430549548e+01
9.905804034543054115e+01
9.973074862833715315e+01
1.052593344941521565e+02
1.113855307559449415e+02
1.134619766047782718e+02
1.118304781294401948e+02
1.135071466451888540e+02
1.177137940292003577e+02
1.124827369142107614e+02
1.093726848995077319e+02
1.096931711285345017e+02
1.054275315660587466e+02
1.013356117877488742e+02
1.021127859312023389e+02
9.918392187186073272e+01
1.009324684449534431e+02
1.065920723717542131e+02
1.063463707180425075e+02
1.111398223214833081e+02
1.142609824732313797e+02
1.104583270437837683e+02
1.108613182195698528e+02
1.079110425646417895e+02
1.066003863508443459e+02
1.095708511305555106e+02
1.163315709123775719e+02
1.113610885393735543e+02
1.162582750554722963e+02
1.103577402149307574e+02
1.065963492022307406e+02
1.055025564380993615e+02
1.006298702742454907e+02
9.990374939183534764e+01
9.319999351408442578e+01
9.504224276400822191e+01
8.856641348196873764e+01
8.875775334232233149e+01
8.794079580736446644e+01
8.694885067110662646e+01
8.453017196937032907e+01
8.575791010259941061e+01
8.544516399281970109e+01
8.391001310273964009e+01
8.245119818451084370e+01
7.906464315689640898e+01
8.587123044848868858e+01
8.586870962863028467e+01
8.680200510130964631e+01
8.564631316684311457e+01
8.438242082129374921e+01
8.558869294876157596e+01
8.611418306061952421e+01
8.699161928159449531e+01
8.580333365359010145e+01
8.384887080632856282e+01
8.748602276892395935e+01
8.833599497854395111e+01
8.942018302661510631e+01
9.033684607687550283e+01
8.966597430512682365e+01
8.499579333029299733e+01
8.903696551656815927e+01
8.230368042677496021e+01
8.434458155845452154e+01
8.331494959887878338e+01
8.997579665588162356e+01
9.296598483139806035e+01
9.298247199974024113e+01
9.333815472743567909e+01
9.463493429958205638e+01
1.007965268899217506e+02
9.626557731403980256e+01
9.672349290210297568e+01
9.657634726730812247e+01
9.335902794289594908e+01
9.758165115317569871e+01
9.456224349855794742e+01
9.910449601901403582e+01
1.010472793173457688e+02
9.971046077030112542e+01
1.001781431257302160e+02
9.691653033364211467e+01
9.555007859703567874e+01
9.239208719415212556e+01
9.064308647786131701e+01
8.627939000223457811e+01
9.082897451543801992e+01
9.306145570044556337e+01
9.629351909977918922e+01
9.385046206709230887e+01
9.250438921526561842e+01
9.024479093748809078e+01
8.744380187198277099e+01
8.467687534250022452e+01
8.741961805470423030e+01
9.073508079728374298e+01
9.130106613867664578e+01
9.424557965860877573e+01
9.252102579549543293e+01
9.278770136849162498e+01
8.983531760097795882e+01
8.555150059155062081e+01
8.621481384055142883e+01
8.766407675617774942e+01
8.847062012803527864e+01
8.841164061682259501e+01
8.593049305554899320e+01
8.807309419459012645e+01
8.693939195546140297e+01
8.744179581298108417e+01
9.118802947691342808e+01
8.352516267362132396e+01
8.269918912576592618e+01
8.765963518588945647e+01
9.175098667551426956e+01
9.389700541202851980e+01
9.323093618975259744e+01
9.046174977116126570e+01
8.243764115146171889e+01
8.242950223270078425e+01
7.883045725085548838e+01
7.676956974787293575e+01
8.257448907353652601e+01
8.363615827748969878e+01
8.775399969710029779e+01
8.537818393007364648e+01
8.430520110869406381e+01
8.277981803930697424e+01
8.510736552251145781e+01
8.406153665968170685e+01
7.966517490571899884e+01
8.006478433775815517e+01
8.036017028772529613e+01
8.055695540129288190e+01
8.076755853797932616e+01
8.147935867117639930e+01
7.909092321290673056e+01
7.930735218695942024e+01
7.926852613413900883e+01
8.025762699499986752e+01
7.861448985253713317e+01
7.994114646850431427e+01
7.327173191942804920e+01
6.772437902902126439e+01
6.545826787973722105e+01
6.393830743422684293e+01
5.911579783736767979e+01
5.701249060735951701e+01
5.540776776879193477e+01
5.768228869612718057e+01
5.534551206949428348e+01
5.512136912494239027e+01
5.752454906909139964e+01
5.756689233407005446e+01
5.666519305746644619e+01
5.749799143162903903e+01
5.695002619654417231e+01
5.921348976045013046e+01
5.617980749217311143e+01
5.770801879280190150e+01
5.939252088914669514e+01
6.040838650578236724e+01
5.933982028430047251e+01
6.579214070199041942e+01
6.424164192135107498e+01
6.281682892797182660e+01
5.965668420944825101e+01
6.175053640117209852e+01
5.553142098811378702e+01
6.808834579808991805e+01
6.362390347877477126e+01
5.674434650516693779e+01
5.933868616397842288e+01
6.063600103424298027e+01
6.597466504878246951e+01
6.547380445028483109e+01
6.710847500478654126e+01
6.705040284826910124e+01
6.546129192415828868e+01
6.517230147081065184e+01
6.509805836473346119e+01
6.624236581326171347e+01
6.254297813204339462e+01
6.637920942010140379e+01
7.044128523973009237e+01
6.835037451070448355e+01
7.045793079318357854e+01
6.906106099733231929e+01
6.532151005610819539e+01
6.543927737564101221e+01
7.320375083405178884e+01
7.796363121074527669e+01
7.570910893270483655e+01
7.387117654378590714e+01
7.656512219286689458e+01
7.339895616619513419e+01
6.957118811122960267e+01
7.220770458141950598e+01
7.588423222035784477e+01
7.702006883838504336e+01
7.942166826809354063e+01
7.915120933226872069e+01
8.021704536815248332e+01
8.266716244355886545e+01
8.420926427257097657e+01
8.559659840217399562e+01
8.712549825852707386e+01
8.655068515284366981e+01
8.623424364386873719e+01
8.497468479034785105e+01
8.125755915867189572e+01
7.928862535352912744e+01
7.997684185403737445e+01
7.680605286374525065e+01
7.135506596100179877e+01
6.414519592085471800e+01
6.686302163634431395e+01
7.019006108090982821e+01
6.667888995437425592e+01
6.417490621876306989e+01
6.345948423336507460e+01
6.845641731688233733e+01
6.274160299960824005e+01
6.955964579279964255e+01
7.230618852524705176e+01
7.180134899483739730e+01
6.976894617492726525e+01
6.817672151083280596e+01
7.154113961908844033e+01
7.138018735816430649e+01
6.894667522898515699e+01
6.479075658318178910e+01
7.260954529810642555e+01
7.343028013379712604e+01
7.327672187734549425e+01
7.293229586675452936e+01
7.700432485485205802e+01
7.530717328623566686e+01
7.135881108261247618e+01
7.730763736115970630e+01
8.008067885742607928e+01
8.078054427784559266e+01
7.900949247546306253e+01
8.320071544128296637e+01
8.175259416707517346e+01
7.973439485104233881e+01
7.727563155149502450e+01
7.377021113674268804e+01
7.184002074660807580e+01
7.534585891290682014e+01
7.461125781671441359e+01
7.535238277012808794e+01
7.583492649788635731e+01
7.810255690410669160e+01
7.774258482356206912e+01
8.024227141146286613e+01
7.978650185385468774e+01
7.880493909718786938e+01
7.761405367592092830e+01
7.776491569788142044e+01
7.758768437261771567e+01
7.661280222963458186e+01
7.347112189737207189e+01
7.178351574090929432e+01
7.602758749779005143e+01
8.121368317201401510e+01
7.665624510168866834e+01
8.074240196040061335e+01
8.217172420883545669e+01
8.400765679539593123e+01
8.244041381543652847e+01
8.583469219720679177e+01
8.540990017028713055e+01
8.196810132868418464e+01
8.015223185727872135e+01
7.916680289111036473e+01
7.894222057400132542e+01
8.492057508148263878e+01
8.440850824099477734e+01
8.407775396273738977e+01
8.138266848723247904e+01
8.202650804403647555e+01
8.179411666580409701e+01
8.172518776545433639e+01
7.862232313623077573e+01
8.010408783968766500e+01
7.904436587379544221e+01
8.685915503521624714e+01
8.724930645738066914e+01
8.437769797486237167e+01
8.528175741077367888e+01
8.519542149297110711e+01
8.031907548445686018e+01
8.171178025397981060e+01
8.197643120173522391e+01
8.184672716327665398e+01
8.425484280587828323e+01
8.250985486348305642e+01
8.143006318745980820e+01
8.078493612396549395e+01
7.922971985459747657e+01
7.737474468283927820e+01
7.977001354434567304e+01
7.930967741957138628e+01
7.644927925133636393e+01
8.014482156366874221e+01
8.055127404825881854e+01
7.569182945733403756e+01
7.707394214332980198e+01
7.527889924513681308e+01
7.341092047273649257e+01
7.565929359012993416e+01
7.061274387081550685e+01
7.110943703830669449e+01
6.844901384898618346e+01
7.683199262115719819e+01
7.763158839717482351e+01
7.877939183969468218e+01
8.410048083741588698e+01
8.137324535390645508e+01
8.171085338659140973e+01
7.721577924194902209e+01
7.321815895010064423e+01
7.248804458055111866e+01
7.026709210089170199e+01
6.898477983113400569e+01
7.246314408788357753e+01
7.238826942593318847e+01
6.699022705055824645e+01
7.007126674354586271e+01
6.788953595010237052e+01
6.979124120996269198e+01
6.785277199138184301e+01
6.781592198251881598e+01
6.982670455136000953e+01
6.922090542480916042e+01
6.876037614701857592e+01
6.643460773742604886e+01
6.760455903995172378e+01
6.601895101549115452e+01
6.899368822336067808e+01
7.068904034706503126e+01
7.101522388334274183e+01
6.254570928042218725e+01
6.005213558748140201e+01
6.730214420941197773e+01
6.605049880470409107e+01
6.091391338337567873e+01
5.646128207570200175e+01
5.379523116412030248e+01
5.379712020434270414e+01
5.499024618465411152e+01
5.781428481070955883e+01
6.030164926203425324e+01
6.048380520972769858e+01
5.584849333116129344e+01
5.840781457464936466e+01
5.615040506814749932e+01
6.033909675860951438e+01
6.388018148149834730e+01
5.963396306832491689e+01
5.541805510397183809e+01
5.576334508608874074e+01
5.401057180351887155e+01
5.580058856276507129e+01
5.482013020916700441e+01
5.512464273585190710e+01
5.738964085605631027e+01
5.710873450369296478e+01
5.838897322343815688e+01
5.788972282416521153e+01
5.390390342793740786e+01
5.188251246181942378e+01
5.766389253124122405e+01
5.868994601699083091e+01
5.337243248880034230e+01
5.285766068203920298e+01
5.440068587798567279e+01
5.589540509088216425e+01
5.824349787808252188e+01
6.038951433290057480e+01
5.780952842904649458e+01
6.119514360138062159e+01
6.245030655964509236e+01
6.162316066843889217e+01
6.080773398025003473e+01
5.880253186833120083e+01
6.199609251717577507e+01
6.652377050251892854e+01
6.267791171094491176e+01
5.785392998229919215e+01
6.154674394205819254e+01
6.133095660378024405e+01
6.248604110425479519e+01
6.439801315301849627e+01
6.455233956069480428e+01
6.506532830155019553e+01
5.879406101051453959e+01
6.023126725352445021e+01
6.266044400455981389e+01
6.587937056038357753e+01
6.508771147777997612e+01
6.932702996156545794e+01
6.887339191790898951e+01
6.980836349844562960e+01
6.451747935216278051e+01
6.489504586096960281e+01
7.211651280188164037e+01
7.024269217469085902e+01
7.102050570100711013e+01
6.931042616574674753e+01
6.661555239834950726e+01
6.820076518276793820e+01
6.722314524293783222e+01
6.665393764247400554e+01
7.075336348172044154e+01
7.348015312090544171e+01
7.830568086119757254e+01
7.654988004941267832e+01
7.661037113531133969e+01
8.519447885204058935e+01
7.665469919293320800e+01
7.487319587779508367e+01
7.461813108046470688e+01
7.423526020558179539e+01
7.256800110398799575e+01
7.495555203627219498e+01
7.165804888286052687e+01
7.320922456676859724e+01
7.706909565338426660e+01
7.569362767282648008e+01
7.428012209688446887e+01
7.798359064573834587e+01
8.010171482577291613e+01
7.838214759714767865e+01
7.683038835469581329e+01
7.679431747345537929e+01
7.530387368815461002e+01
7.420159535920791427e+01
7.226209872013025404e+01
6.690925336947074697e+01
6.577987563750333777e+01
6.766836578940507252e+01
6.982562675679601227e+01
6.893033149016683581e+01
6.683213593783432316e+01
6.349730326125291668e+01
6.357095403693855218e+01
6.307698137166846664e+01
6.556196215914469860e+01
6.107530721830559628e+01
6.099482715420892731e+01
6.122873887753559075e+01
6.437924300273496669e+01
6.904578669079286612e+01
6.607238581295362678e+01
6.385808488852573817e+01
6.631895371547651052e+01
6.368383795430404604e+01
6.417015646530832385e+01
6.354729354645589723e+01
6.205957722452477299e+01
5.970181764131484670e+01
6.227457598702711294e+01
6.357993637486435290e+01
6.415851012647158313e+01
6.571428986638422032e+01
6.407573356577579204e+01
6.117308191642216997e+01
6.455203445408996288e+01
6.967563887046551940e+01
7.032415821303733594e+01
7.447954977391800924e+01
7.208375144576194771e+01
7.202326809914028161e+01
7.126923104753024063e+01
7.622803382676777062e+01
7.969649084698117747e+01
8.146043590843339643e+01
8.084173579627618267e+01
7.711292967913183816e+01
7.829964929614794755e+01
8.259362341919128880e+01
8.490724610119880822e+01
8.273744739354762601e+01
7.353032956725171232e+01
7.467504915795716158e+01
7.882680429213334605e+01
8.469012595591892989e+01
8.222774245222352363e+01
8.113506294569694433e+01
8.007885593036255045e+01
8.041146990617130541e+01
7.954809156411118920e+01
7.163286409461262849e+01
7.639102314644303249e+01
7.468278974619175870e+01
8.075282403936681419e+01
7.404694648884500907e+01
7.079480667900712376e+01
6.878495813950593174e+01
7.624000403448602015e+01
7.396374205345753694e+01
7.478680875015072615e+01
7.735608706088770248e+01
7.317130453265001222e+01
6.905590301035626055e+01
7.184066216783297421e+01
6.969142170364590072e+01
6.904889398014151425e+01
7.475123208240546546e+01
6.838383601970188863e+01
6.861071224671992752e+01
7.336277715961668378e+01
7.009759785831798240e+01
7.277661842771617273e+01
