nan
nan
nan
nan
nan
nan
nan
nan
nan
nan
1.776180273831150203e+02
1.762749727518447287e+02
1.749920819972773813e+02
1.730201981327633973e+02
1.715311535483911030e+02
1.709660773575170651e+02
1.700006684646192809e+02
1.683799853598926290e+02
1.673569204766128564e+02
1.666222623494685138e+02
1.657070336830474560e+02
1.648018272518019671e+02
1.635998112540470402e+02
1.625771491003151255e+02
1.621581824059536245e+02
1.614032038750832783e+02
1.603990948973895740e+02
1.594941842270065138e+02
1.587640061867105317e+02
1.578817723337009795e+02
1.573005208402118171e+02
1.566025508005515974e+02
1.557734231820240609e+02
1.550196464383400610e+02
1.543523056368478308e+02
1.537603731700477852e+02
1.531145430885808878e+02
1.525574360000819354e+02
1.520216131633213195e+02
1.513004026387453962e+02
1.505976951298731876e+02
1.499157815748497740e+02
1.492907357709664780e+02
1.487060173719980867e+02
1.480975552122953900e+02
1.475391461515546041e+02
1.466314893181354932e+02
1.462590017472005286e+02
1.456472676447498600e+02
1.450572352987930174e+02
1.444644563829433253e+02
1.440034571906619192e+02
1.434703141206667283e+02
1.428527519415415554e+02
1.422649843325094139e+02
1.418170163170051126e+02
1.412984008802744995e+02
1.408993439040579005e+02
1.403184880009933124e+02
1.397351314503872288e+02
1.393775734268871815e+02
1.388214955167991320e+02
1.382713591816260248e+02
1.376565311691896625e+02
1.371530977394053821e+02
1.365787346497743329e+02
1.360365743546562101e+02
1.355559337383265301e+02
1.351325456482323659e+02
1.344705966293409745e+02
1.339532786102571436e+02
1.332749765668825432e+02
1.328253799135723057e+02
1.323763439849304859e+02
1.317730032716903565e+02
1.313039792042497993e+02
1.308009349958226721e+02
1.303397928383004398e+02
1.299143958252230391e+02
1.295543422020147375e+02
1.290222828237004364e+02
1.286837380049608441e+02
1.283392469251668615e+02
1.279427560179789793e+02
1.274973403553594267e+02
1.272378469706774524e+02
1.269062232200574272e+02
1.266027256182011627e+02
1.263143131492083597e+02
1.259524562214194248e+02
1.257193136681805470e+02
1.254688941483425850e+02
1.251759832882404595e+02
1.248743620909257572e+02
1.245296361694892369e+02
1.241139045497552473e+02
1.239188555084578951e+02
1.235997920144587852e+02
1.233357308193603217e+02
1.229769467563484682e+02
1.226007294414570339e+02
1.222540650815952148e+02
1.220364093339001954e+02
1.218323100840565871e+02
1.214685482946888015e+02
1.212053652307918981e+02
1.209074864122121227e+02
1.207554673922689403e+02
1.205181506161700753e+02
1.202299592570685007e+02
1.198590912665005845e+02
1.197171667039855265e+02
1.195028484802021893e+02
1.191122953309403414e+02
1.190201572226753228e+02
1.186741394222752746e+02
1.185191578860753197e+02
1.182983059334363958e+02
1.180536173452934179e+02
1.177846084910123778e+02
1.175012781837176448e+02
1.174293004431178105e+02
1.171270651808548706e+02
1.169225622397980260e+02
1.166757157749294720e+02
1.164667761924712295e+02
1.162513821500218398e+02
1.160701489252293896e+02
1.157391493843276606e+02
1.155828075138405779e+02
1.152835549507077531e+02
1.150582023581959845e+02
1.149215854939964885e+02
1.146755397177866485e+02
1.144803456393034793e+02
1.142605559541756435e+02
1.141026848638345115e+02
1.138691653460344924e+02
1.136232395949559901e+02
1.134318839488457797e+02
1.132425294997606500e+02
1.129664075932249290e+02
1.128534237391289849e+02
1.127042076196017746e+02
1.124462981052026720e+02
1.123215727903272949e+02
1.120710720990655176e+02
1.118449809541563553e+02
1.117074653583170942e+02
1.116129548280517128e+02
1.113732985429865323e+02
1.110754074355598817e+02
1.109118681135515203e+02
1.106447161990033266e+02
1.104171985735271591e+02
1.102220987725129930e+02
1.100499562344161575e+02
1.097277906302959281e+02
1.094248813738700363e+02
1.092210824127705422e+02
1.089813399059253669e+02
1.087170879382024538e+02
1.085209675011184629e+02
1.082403810470207759e+02
1.080515141761961928e+02
1.077197478848853791e+02
1.075373083597590806e+02
1.072672303184869094e+02
1.069785480543946363e+02
1.067623977458736135e+02
1.065353152165456692e+02
1.062541333002866537e+02
1.060052344106362909e+02
1.058025736304316098e+02
1.054598640018737399e+02
1.054093521897283949e+02
1.052192537308520457e+02
1.049783746447291719e+02
1.048384312836116976e+02
1.047237981460481251e+02
1.045640288802898539e+02
1.043968620907349276e+02
1.042610713936711448e+02
1.040205069827928384e+02
1.038892453359291181e+02
1.037157355721787297e+02
1.035735440987675560e+02
1.033312028964039655e+02
1.031962965578168081e+02
1.030415943112264472e+02
1.028524596549636243e+02
1.026565114275547188e+02
1.024651551381633823e+02
1.022807192128394149e+02
1.021259949903301987e+02
1.019100798906817431e+02
1.017504559203312340e+02
1.015339847766269230e+02
1.012614114431942340e+02
1.010782595847741874e+02
1.009000773644802962e+02
1.008141377239818297e+02
1.006313547497746441e+02
1.004434975215447707e+02
1.002664300548751726e+02
1.000797836118261728e+02
9.986063522316612762e+01
9.971115380184585320e+01
9.958521046594212578e+01
9.941682131481503859e+01
9.936103111236288044e+01
9.914498649689249987e+01
9.903985528549152662e+01
9.891990317213431183e+01
9.886183587221296420e+01
9.867538768360813606e+01
9.855047035903112373e+01
9.846519201041289193e+01
9.831280742113091264e+01
9.828553161786869907e+01
9.811081294155756893e+01
9.802469405641636513e+01
9.802496710720234319e+01
9.796129515057640447e+01
9.781615303948102280e+01
9.779634241738020251e+01
9.768104105410900218e+01
9.775174755888518519e+01
9.750727024461500037e+01
9.741750689520588935e+01
9.742896916425101494e+01
9.736242728931379986e+01
9.726252125827484463e+01
9.711633665690095540e+01
9.707938170112655030e+01
9.697306735685234003e+01
9.690242955171379435e+01
9.685936438386039526e+01
9.679052900152802863e+01
9.672785704852441313e+01
9.662421239533307471e+01
9.658780269339831648e+01
9.653774363643788092e+01
9.650786093811296951e+01
9.646491484431938090e+01
9.641840866228629636e+01
9.625994625558151085e+01
9.624171508304159772e+01
9.614022150151815538e+01
9.607446105681498238e+01
9.600541899266201540e+01
9.604490744703753080e+01
9.593336525929392167e+01
9.594200664692148450e+01
9.586169348145745062e+01
9.572200582943624170e+01
9.573194440169106656e+01
9.563552248121992250e+01
9.557030158222497107e+01
9.553076123186349378e+01
9.539184449056774895e+01
9.538575179290501183e+01
9.526092557700596331e+01
9.516410613758516490e+01
9.502275608166821996e+01
9.496877971766272708e+01
9.482589179527001022e+01
9.481110920923548235e+01
9.473675363405916983e+01
9.468106205497628025e+01
9.460944078110443911e+01
9.449467036517798135e+01
9.438808658599883472e+01
9.423032756159685164e+01
9.409516582250523697e+01
9.396796480662496265e+01
9.398014810958889598e+01
9.382741384456809897e+01
9.369082250399299028e+01
9.357903270073862245e+01
9.353066421281403109e+01
9.344860073968460767e+01
9.330813924101289558e+01
9.336513452185751305e+01
9.317174043828541130e+01
9.315161738117626555e+01
9.308326080370139266e+01
9.290476235770489666e+01
9.292599693327628074e+01
9.281121312119549316e+01
9.284235249703213810e+01
9.281655254120963150e+01
9.280268975935553044e+01
9.277801315364750678e+01
9.278291258729642266e+01
9.270961630238961959e+01
9.273149593790964218e+01
9.271272491492968015e+01
9.260761433055726854e+01
9.251632650061898744e+01
9.250106929512853071e+01
9.252301322798710714e+01
9.234940407215717073e+01
9.230439572850401930e+01
9.222651737972232411e+01
9.205957937906566713e+01
9.193658727706876732e+01
9.173550183729396679e+01
9.165118720570197297e+01
9.153284425672403302e+01
9.133815935499981720e+01
9.123443259958060025e+01
9.110109489820489159e+01
9.088315957157465164e+01
9.076916245125730143e+01
9.058054603134219462e+01
9.041912238902318677e+01
9.024729422148071478e+01
9.008334879403747664e+01
8.991798592411815605e+01
8.982575848321829426e+01
8.976187687530463677e+01
8.960379331210644693e+01
8.952040354457838589e+01
8.939619164650464711e+01
8.923055979451061148e+01
8.910851362830044309e+01
8.902520881394778485e+01
8.891618694895682040e+01
8.877929607883159235e+01
8.860980452783007877e+01
8.855543397314198728e+01
8.838462443404850433e+01
8.830403204376446524e+01
8.821491988861832567e+01
8.803800993517377549e+01
8.799382527659651032e+01
8.790353830271958202e+01
8.780817781375426989e+01
8.769794425475275546e+01
8.761788219497024954e+01
8.751838464212160318e+01
8.744704337749617196e+01
8.738373672135089976e+01
8.724424035981542147e+01
8.720772400248110046e+01
8.710156848785911166e+01
8.708771156310299943e+01
8.701471077627611805e+01
8.698755711158023018e+01
8.691440633516459968e+01
8.687068080886061239e+01
8.676135510455225130e+01
8.677850648590055016e+01
8.682096855678621239e+01
8.679708440386623636e+01
8.675867432593175010e+01
8.678135626690318816e+01
8.671544205985898657e+01
8.665474811847559522e+01
8.667324664951502200e+01
8.659843400715435280e+01
8.662493190923554209e+01
8.665810490098890284e+01
8.665422495451839779e+01
8.658936861743741531e+01
8.655227088140735248e+01
8.658452107662007791e+01
8.649116968625024526e+01
8.644963373394750761e+01
8.637901593367458020e+01
8.626216463355700625e+01
8.629385285812965378e+01
8.618574656125161937e+01
8.612379917212304292e+01
8.614470957847822774e+01
8.603938200466994601e+01
8.594981670842643950e+01
8.588961690888757516e+01
8.580824364088235257e+01
8.571810784258792637e+01
8.570822173938610433e+01
8.565253545513898814e+01
8.562263076888905289e+01
8.560627541911588878e+01
8.556674439029272605e+01
8.553657404508804518e+01
8.548579852160585801e+01
8.541361799281838785e+01
8.534387306292894948e+01
8.531567408912758310e+01
8.528168586984985211e+01
8.519441285425293131e+01
8.513631173981389111e+01
8.508700976973868535e+01
8.500563400970322903e+01
8.493520494467554727e+01
8.485970523235744167e+01
8.487220349714235113e+01
8.473690798023221760e+01
8.465162671092512880e+01
8.458803733932154501e+01
8.447603824107071091e+01
8.446808975856674806e+01
8.436450875954618311e+01
8.424688785399536073e+01
8.417024608457209922e+01
8.403415756524789515e+01
8.399993529533927017e+01
8.399898387227172236e+01
8.391820061733167790e+01
8.378918232219395179e+01
8.373574310267640897e+01
8.362435696326814139e+01
8.348939025842076944e+01
8.331724684898013322e+01
8.317126507008183012e+01
8.315265279904561169e+01
8.305351967535690960e+01
8.299751848122262743e+01
8.293072560141405347e+01
8.286090243566728475e+01
8.280212761376567698e+01
8.273983899953456955e+01
8.269562613114617022e+01
8.254973635431876744e+01
8.250525812418059957e+01
8.241602218934170310e+01
8.234964130075570665e+01
8.235169867288415446e+01
8.228629917372279579e+01
8.223427072352252765e+01
8.223820920371591114e+01
8.215349130448204562e+01
8.208471668374370722e+01
8.209146949726503806e+01
8.189719881640041876e+01
8.181749606072669678e+01
8.170642130417077453e+01
8.155671621779114844e+01
8.144788295273525591e+01
8.124531408231766250e+01
8.113706801068683205e+01
8.104916492327318167e+01
8.096378548074656578e+01
8.087752416746349127e+01
8.087893065821815242e+01
8.077871776508841606e+01
8.073752707157305508e+01
8.071301793629687893e+01
8.069363601958981747e+01
8.071261083210532661e+01
8.062700434956057904e+01
8.059543741358797320e+01
8.056984226713163366e+01
8.050885090810105282e+01
8.043071228958822871e+01
8.043094945542968333e+01
8.039189155237373541e+01
8.035699944485682522e+01
8.028382122681279043e+01
8.031032369834161955e+01
8.026747184657725143e+01
8.022550498592907786e+01
8.027590607947675494e+01
8.021047646687189570e+01
8.019183440693377918e+01
8.015900589334979998e+01
8.005628586557361359e+01
7.997734423089497113e+01
7.993937495287109130e+01
7.983738628073122356e+01
7.972549837237615122e+01
7.966554725331599229e+01
7.960055810306369040e+01
7.948096744821420145e+01
7.935095026760306780e+01
7.928069572403167342e+01
7.915935341311262619e+01
7.897713263813925266e+01
7.887708741829722214e+01
7.879328137740276361e+01
7.872042313167308691e+01
7.866076187803506059e+01
7.859907938645028480e+01
7.852869896821160012e+01
7.843828275180483445e+01
7.835078437121774186e+01
7.826973608807274729e+01
7.819984388380294149e+01
7.818798044513584955e+01
7.804148865950031677e+01
7.797246702231555560e+01
7.785731872651230390e+01
7.775683708240823933e+01
7.766079310723110041e+01
7.760770577477040888e+01
7.752418117260971542e+01
7.751159788754841884e+01
7.741447497619824958e+01
7.735891378556435427e+01
7.730337093262680526e+01
7.717897214090027092e+01
7.714536385341867231e+01
7.712891258614304490e+01
7.703427052075896597e+01
7.689304963993308206e+01
7.684936900124961312e+01
7.674984963559853668e+01
7.667266706642749341e+01
7.665869875508597886e+01
7.654126096277022384e+01
7.650600929556107133e+01
7.645240626035895559e+01
7.645968726206717747e+01
7.644926722952564546e+01
7.637672648949960319e+01
7.637665629756298813e+01
7.634723139394225200e+01
7.636830031553716935e+01
7.633159114338660345e+01
7.633872714581318064e+01
7.627015108776981833e+01
7.630043862242089858e+01
7.625938371368282276e+01
7.630114904792708330e+01
7.629666003437502297e+01
7.623408156561852422e+01
7.619088983016327177e+01
7.611831550306301608e+01
7.616717597297162001e+01
7.602172775133873017e+01
7.598928002337595444e+01
7.591021741874801876e+01
7.580737994790764844e+01
7.578031305913359006e+01
7.584677904767272594e+01
7.584415346963739069e+01
7.580258261970621447e+01
7.582818277792536321e+01
7.573394056294112886e+01
7.571692003916896851e+01
7.568185158165886151e+01
7.561438533438160903e+01
7.562790190301082305e+01
7.558073399284805305e+01
7.566635558487197954e+01
7.558496327163251749e+01
7.554409785113433884e+01
7.550391350990850015e+01
7.551773849121208571e+01
7.546210504749430470e+01
7.536557520084328132e+01
7.533326268634570511e+01
7.522718589134240119e+01
7.511913323677414667e+01
7.514614034307898294e+01
7.516014161948488947e+01
7.507720299951921561e+01
7.510084869273423180e+01
7.506379915845057837e+01
7.496806429042034381e+01
7.492389841252871463e+01
7.487964914627782775e+01
7.484132314189535862e+01
7.484479850640313714e+01
7.481997126886086846e+01
7.480929373439975905e+01
7.484748196189799785e+01
7.482344934933689728e+01
7.479786719255160676e+01
7.482883067385935760e+01
7.482621200315561794e+01
7.488193223991441982e+01
7.486838517392065739e+01
7.487587234792820823e+01
7.488747759649862701e+01
7.480633470146375430e+01
7.480410207676578693e+01
7.470011296581870397e+01
7.464856115094805489e+01
7.463315335490203495e+01
7.456791771940564217e+01
7.453201867981911732e+01
7.455921011847398461e+01
7.453651246345914672e+01
7.447114168338177365e+01
7.448036176373700812e+01
7.445572176062889014e+01
7.443223985013702304e+01
7.439049118650532932e+01
7.435751714357709830e+01
7.427820502654495272e+01
7.433979674493116363e+01
7.424766800412433554e+01
7.419841554936509453e+01
7.425058055794686140e+01
7.415083152154979018e+01
7.412157808778380286e+01
7.404004058189474335e+01
7.402215129509423264e+01
7.402198152496140438e+01
7.403983800499969448e+01
7.408073813243626660e+01
7.406506075852119864e+01
7.410340519997245678e+01
7.406512666113806631e+01
7.402560525216627241e+01
7.397088780604626379e+01
7.393636471243192432e+01
7.381517577753577086e+01
7.379123834318136232e+01
7.375533451634009907e+01
7.367381137745366004e+01
7.367076129818804020e+01
7.361665057762957076e+01
7.352429990195838627e+01
7.347464369291807884e+01
7.346805054482683772e+01
7.338788077000633336e+01
7.339542640391286454e+01
7.337875510849266902e+01
7.332821997579411288e+01
7.329236916941594870e+01
7.331439963946314720e+01
7.328063318524735337e+01
7.319965051182171578e+01
7.323140354641380156e+01
7.318100444021261808e+01
7.313174243387258855e+01
7.316588488677230373e+01
7.316297864556182162e+01
7.313141961831270521e+01
7.315355664514069645e+01
7.308670404347719796e+01
7.311559149569795579e+01
7.315735835437195078e+01
7.306746445024188574e+01
7.307102507229033961e+01
7.305222497526914083e+01
7.304866404561751381e+01
7.304946034048732884e+01
7.302587903440640105e+01
7.303286618082931625e+01
7.296858971614121003e+01
7.298179407648855488e+01
7.293959202210251647e+01
7.289635412267132608e+01
7.284919829255076706e+01
7.279692959529897678e+01
7.273796057588380393e+01
7.267077101640988701e+01
7.269334096032638115e+01
7.269355561002990385e+01
7.265507227152569669e+01
7.257305738538279627e+01
7.250652663456601488e+01
7.250451029308912609e+01
7.239767723739765870e+01
7.238392764650485844e+01
7.238657217007975930e+01
7.239497047988965051e+01
7.232901897335320029e+01
7.241093357927333329e+01
7.242220518947036112e+01
7.248595010531188620e+01
7.251230397260565042e+01
