1.637278918930365705e+02
1.631207194387930599e+02
1.754000409700543912e+02
1.772613877998053056e+02
2.488025247251604810e+01
1.770515630375200260e+02
1.729212877982857322e+02
1.668769018249363967e+02
1.771266829804105498e+02
1.771780193019601768e+02
1.733259170400477842e+02
1.651788397695179640e+02
1.594186706411333319e+02
1.590722610872921905e+02
1.581113968421847744e+02
1.550375449410308306e+02
1.507484558885116144e+02
1.499884981321941666e+02
1.399329376955168414e+02
1.349436693630204331e+02
1.370144319010059064e+02
1.408823111512109563e+02
1.434579532580067394e+02
1.462023086353709118e+02
1.427754007494519612e+02
1.468730091505427140e+02
1.458191786951030053e+02
1.431362308701005759e+02
1.403574401799175178e+02
1.428482745696980203e+02
1.413787796267615988e+02
1.345366252457462508e+02
1.294563741182790864e+02
1.238248552633730242e+02
1.260428323454079873e+02
1.262510961009472084e+02
1.293972874364692416e+02
1.298390012708673567e+02
1.326361468145577760e+02
1.309221064469561497e+02
1.284866463019838534e+02
1.292189159922719739e+02
1.305646865064622943e+02
1.311208493743750410e+02
1.311957858115007127e+02
1.327476985685207751e+02
1.323624412895663909e+02
1.342277624478429914e+02
1.341698741386268807e+02
1.363857654915302646e+02
1.369524331532988981e+02
1.357069547556343423e+02
1.306159682799925008e+02
1.324634878542509000e+02
1.298183993255704820e+02
1.250661799726477170e+02
1.214855900691585759e+02
1.223869018910939417e+02
1.218997918850979829e+02
1.140216043286892784e+02
1.060424181614862817e+02
9.933660641501546706e+01
1.011149785504083525e+02
1.054958137240600706e+02
1.034159639181124106e+02
1.062187778983491597e+02
1.076741414031586288e+02
1.095752961016485330e+02
1.113636948499513721e+02
1.182905584522254401e+02
1.179998867356177357e+02
1.250879966011176805e+02
1.260821949315214283e+02
1.242887467809336215e+02
1.221899136813658089e+02
1.248262199893427749e+02
1.177522457099569948e+02
1.165499682356989268e+02
1.219833789618263040e+02
1.230960814957086313e+02
1.274195635768237622e+02
1.259609903688524639e+02
1.248728906148324143e+02
1.247953017728761438e+02
1.207097870186489104e+02
1.210783837725306995e+02
1.161604988116496884e+02
1.116993979452983297e+02
1.100988680017605645e+02
1.124901722486577569e+02
1.068683916014213509e+02
9.679944956100739262e+01
9.805566445721136404e+01
9.330206021537490813e+01
9.803362504636710639e+01
1.039163727507463904e+02
1.026061431786192912e+02
1.023149974382930623e+02
9.430335909029454911e+01
9.417072314789413667e+01
9.922807632113376997e+01
1.000994934907708540e+02
1.069484380663334946e+02
1.095936159323506871e+02
1.078375059711882216e+02
1.013285046909181943e+02
1.069535706883550290e+02
1.071291087472187797e+02
1.038207652535144092e+02
1.049287390412567476e+02
1.047423763632911999e+02
1.104808937405531850e+02
1.112879230216377948e+02
1.166394873965656842e+02
1.129972340482576527e+02
1.123536035744990187e+02
1.120921272022438586e+02
1.099353867773326101e+02
1.115438877367888608e+02
1.134291997617037140e+02
1.113563405979768248e+02
1.125800976041457488e+02
1.172549646792036242e+02
1.173569030307881746e+02
1.190274552334450675e+02
1.144506646392249678e+02
1.146976562467823584e+02
1.119325820604728676e+02
1.137237381491693498e+02
1.105767913336024577e+02
1.036218060619726202e+02
1.048650217100149575e+02
1.084811228711354403e+02
1.058434516473081146e+02
9.984845268066334256e+01
9.730583461277829826e+01
9.962431106387549562e+01
9.826699232241794846e+01
9.755043479564983500e+01
9.809373447439402582e+01
9.571512794774307054e+01
9.338943278051644370e+01
8.351101727043268852e+01
8.478421726240404155e+01
8.572512965599247536e+01
7.848598286482076958e+01
7.541155133462200411e+01
7.843450458567818373e+01
8.175627405221328559e+01
8.588785941090462472e+01
8.008017585377095315e+01
7.583950883496957829e+01
8.505708885704304123e+01
8.382908083048101844e+01
8.524729826933409527e+01
8.285082797245111408e+01
8.483644258329975685e+01
9.035893098729874851e+01
8.383750022788122180e+01
8.590160309776983638e+01
8.146325422371350555e+01
8.027648672700105692e+01
7.457474815335964990e+01
7.390010043984750610e+01
7.445751842834226863e+01
7.750526941176892137e+01
8.000840783982988569e+01
7.977477699448230908e+01
8.563425054102341960e+01
8.718474288817235163e+01
9.703613951227397649e+01
9.641654041089211091e+01
9.031081102400413840e+01
9.882479879829737968e+01
9.385662773067761577e+01
9.441303904265015490e+01
9.722587996810547395e+01
9.695818291048509252e+01
9.361266240895309920e+01
8.932259061967499747e+01
9.291801463814985595e+01
9.580143311082085233e+01
9.228205108526920242e+01
9.380229430059262086e+01
8.982418071876760735e+01
9.080570360318378675e+01
9.045075966143065216e+01
8.828271000570366311e+01
9.398988493018231338e+01
9.815342169301474939e+01
9.461035179773975301e+01
9.858689390387415585e+01
9.411870186829224849e+01
9.466172545734175969e+01
9.501814448292388704e+01
9.886102511897742318e+01
9.624606284094248565e+01
1.043980391562853356e+02
1.048519180312718504e+02
1.026722631984850551e+02
1.015141790118819500e+02
1.033233506318332076e+02
1.039602200979285982e+02
9.952364483266758555e+01
1.045240663855058330e+02
1.024276104813014570e+02
1.004953548221067336e+02
9.979854974688993252e+01
9.763421810223067610e+01
9.898787160633483495e+01
1.016447996874912292e+02
9.906597082832169576e+01
1.021365391534573916e+02
1.001434843012373079e+02
1.001498066503066866e+02
9.827670222625336294e+01
9.964936400634942970e+01
9.888291382593378387e+01
9.869047341645290317e+01
9.696329298491124860e+01
9.324799003374349127e+01
9.328802985586581542e+01
9.175512226777310332e+01
9.706805974695436134e+01
9.137504222435842394e+01
8.874320135417589483e+01
8.707929161241668226e+01
8.393741449619638217e+01
8.440076180899632163e+01
8.460324562179388863e+01
8.318044342007596015e+01
9.144108447420366304e+01
9.398212234877541960e+01
9.346898239644751527e+01
9.586432941409735520e+01
9.452166020907662869e+01
9.835975111712814112e+01
9.520828806330729321e+01
9.311103510633250835e+01
9.463803261713461268e+01
9.777752776980376836e+01
1.021571554745722494e+02
9.980429590881720969e+01
9.821202941742259895e+01
9.327450703593544290e+01
8.539988646896253499e+01
8.521098586923247353e+01
8.222350020325073672e+01
7.632278228573184720e+01
8.091946923889237553e+01
8.471009557871454376e+01
7.955128755117107175e+01
7.641975891914012209e+01
7.645191711714757332e+01
7.525551505311466371e+01
7.559960594178220106e+01
7.524000740762255646e+01
7.301369524283556700e+01
7.070142466509793167e+01
7.114984843034599749e+01
7.082671765679954490e+01
7.262743294455970045e+01
7.627975295377028431e+01
7.530405645422837324e+01
7.328518339436904228e+01
6.844870461319665367e+01
6.745848060183205064e+01
6.843169292547850091e+01
7.055337616862738059e+01
6.685543700554970314e+01
6.787499132680245850e+01
7.141488740166906268e+01
7.148431035591492844e+01
7.627129185216364249e+01
7.729538992233221961e+01
7.700174084256885010e+01
8.102073849736507327e+01
8.489581119844162060e+01
8.556476346378951803e+01
9.113964395849053801e+01
9.527481501810031261e+01
9.266665024344007406e+01
9.595926542031108397e+01
9.411823136906373577e+01
9.207456547132642299e+01
9.425964706635875245e+01
9.659175896827301244e+01
9.887582826575818729e+01
9.633132870295487749e+01
9.600163629095145268e+01
9.773181504212443826e+01
9.849120595045647519e+01
9.404404188992609193e+01
9.369063048423527107e+01
9.291736704660264934e+01
9.494502454177606410e+01
9.157844506012591523e+01
9.367185156099483834e+01
9.507655086273312861e+01
9.015872382218978487e+01
8.832464210291223594e+01
8.266777673095946000e+01
8.667926249303539521e+01
8.568120570328206043e+01
8.085875122894933043e+01
8.178947402735688854e+01
8.629410430602231941e+01
9.074675107179163547e+01
8.925049887893943890e+01
8.911699861547462831e+01
9.985110524224815265e+01
9.705247518667161444e+01
9.495576697706404445e+01
9.417336394711330172e+01
9.549570257902642823e+01
9.691421652176376256e+01
9.497188901501266400e+01
9.726005177948441371e+01
9.620719519672040576e+01
9.002665286244430831e+01
9.146859204121710718e+01
8.842892453130166075e+01
9.420737383516616603e+01
9.675913283483356508e+01
9.514007390900312089e+01
9.834904680425624690e+01
1.002122616035974403e+02
9.762998999874183426e+01
9.252133875162478205e+01
9.175912829177745778e+01
8.610877400526271686e+01
9.100485934767516483e+01
9.363008142694268088e+01
9.316802342452355390e+01
9.955974454492321968e+01
1.013092058308607903e+02
9.191100293017247225e+01
9.331254452078870543e+01
9.203291201362614515e+01
9.159858171137453553e+01
8.993273186660586305e+01
8.985432046169781017e+01
8.185475034208553780e+01
8.114584910857530531e+01
7.979573788198486284e+01
8.347120297253314902e+01
8.242459479454660709e+01
7.359069839251222334e+01
7.389732771284825219e+01
6.961462938037416848e+01
7.018302570252367900e+01
7.074402251709931022e+01
7.169345794348228651e+01
7.247532727055995849e+01
7.602987067329766546e+01
8.065749962963805331e+01
8.021326913886517218e+01
8.083366886596228085e+01
8.032579573425525155e+01
8.329972017436595877e+01
8.480042794815098262e+01
8.111722506478076866e+01
8.110383001784411761e+01
8.172978426096123883e+01
7.948128174382706845e+01
8.112196040282681508e+01
8.089958312165468612e+01
8.274539954592974311e+01
8.285746437283323473e+01
8.180946067510294029e+01
8.027974517995261294e+01
8.114553889781065266e+01
8.512089232614769685e+01
8.715358569350945572e+01
8.561268334174212669e+01
8.327223766943413352e+01
8.180740769379562494e+01
7.693812501795073899e+01
7.598160707667236125e+01
7.762679211141899316e+01
7.705651289131908754e+01
7.649844688711007734e+01
7.968468466568417341e+01
8.444706806811576882e+01
8.309972466284663994e+01
8.486173578725009747e+01
7.992147522253922887e+01
8.064899281722466640e+01
7.694153772852544648e+01
6.947532669083931012e+01
7.037397901332774097e+01
7.085965500385808014e+01
6.934739315501386159e+01
7.210096668617512705e+01
7.307361417471052789e+01
7.070128641257822721e+01
6.449776795404295626e+01
6.220535808836839919e+01
6.247168925534036532e+01
6.128998141192391813e+01
6.505781487565801058e+01
6.612904081545029555e+01
6.531625449345530399e+01
6.343993329714552942e+01
5.875672683207329783e+01
5.626421482057392609e+01
5.684138857277764600e+01
5.243460396481479791e+01
5.423164306128005308e+01
5.691743798092994666e+01
5.916979523380182115e+01
6.042243835115300499e+01
5.873139362280089415e+01
5.911501509224817141e+01
6.534739628550271107e+01
6.151521668664437925e+01
5.975969357107425139e+01
5.543437145988634995e+01
5.510117033443374623e+01
5.823829849222465782e+01
6.159609012599504752e+01
5.944032137585666931e+01
6.199952835342978119e+01
6.189086742932909146e+01
6.130016437511848437e+01
5.831961292549719644e+01
5.562035432785384614e+01
6.024853459971633640e+01
6.242914044640411930e+01
5.953395123400845534e+01
6.630752842214873510e+01
6.890387570564084285e+01
6.558004030861152955e+01
6.686916225378107015e+01
6.738256922757928180e+01
6.428700360824355187e+01
6.190740314236529684e+01
6.522264124479882241e+01
6.002650345190720316e+01
5.960693286487460796e+01
6.103174800834014491e+01
5.839617717418565235e+01
5.796627550076821933e+01
5.800802111267796590e+01
5.775251251712806777e+01
5.761084655473572980e+01
5.459671260421480099e+01
5.494089139306898062e+01
5.794420347392856740e+01
5.774481996259621042e+01
6.062910372231901590e+01
6.891765593016602054e+01
6.945274643451770658e+01
6.841217783759732640e+01
6.751418189080169441e+01
6.514323935328596349e+01
6.427604079234826884e+01
6.667049688271201546e+01
6.624781281277641654e+01
6.692255801926842196e+01
7.014107244771743410e+01
6.672035791171566643e+01
7.059127099079132961e+01
6.929690002821473627e+01
6.539878974713850823e+01
6.079461490306817950e+01
5.887275448830720848e+01
6.129459652606125530e+01
6.174034515228372300e+01
6.361476981735781067e+01
6.348162798458280065e+01
6.157515205571192496e+01
6.175477534384671685e+01
6.397136078090140643e+01
6.996374289912482425e+01
6.771131298647163987e+01
6.349095227985293377e+01
6.336525112099695889e+01
6.740115137766223086e+01
7.427726512170693240e+01
7.420683089963472412e+01
7.364812785107240245e+01
7.543916741613064403e+01
7.456293041150021850e+01
7.333446708953282211e+01
7.233912177964769796e+01
7.042354584637917014e+01
6.716026868753688461e+01
6.882746252129638265e+01
6.918193592090406696e+01
7.464135665126261188e+01
8.083219288634448674e+01
8.063475559026660733e+01
7.664847361899688849e+01
7.578411457596277501e+01
7.677281950171192193e+01
7.565497284594700034e+01
7.323042988374915296e+01
6.935453095532621148e+01
7.020596504919116398e+01
7.139308124318668547e+01
6.642334380106166236e+01
6.886073615001267001e+01
7.105989476986943032e+01
7.153489087848717531e+01
6.891889778990595516e+01
7.277295596131631328e+01
7.269166212427145979e+01
7.167631103698197137e+01
6.932751083809397130e+01
7.314770273690157865e+01
7.612449026437825239e+01
7.765805847722918998e+01
7.835239753100965743e+01
7.843573802302024944e+01
7.831909040494721808e+01
8.244313598556861677e+01
8.120943810666572915e+01
8.129796039846984002e+01
8.841609240034215134e+01
8.394303119467116403e+01
8.603166611443745637e+01
8.136857487515479193e+01
7.697490117002372756e+01
7.775347301046794257e+01
8.562375476625379633e+01
8.659557234870953835e+01
8.811074306601736339e+01
8.674439296908047936e+01
8.754912930869015497e+01
8.155531485109010248e+01
8.155461579776529391e+01
8.014506457503053127e+01
7.727745319244749567e+01
7.901284302761251865e+01
8.010304991198859170e+01
7.665596626812765635e+01
8.209728600722536385e+01
8.458308597611565460e+01
7.901043218012927127e+01
7.968870060753992846e+01
7.823887571876397828e+01
7.973914812074929159e+01
8.172282726535026143e+01
7.598252312274284748e+01
7.397221928292219673e+01
7.267907314489649195e+01
7.195596784962916104e+01
7.718306523637301098e+01
7.374548423288230481e+01
7.484045888363549182e+01
7.287229547096863769e+01
7.318716676849011549e+01
8.214675323695477971e+01
7.845675645789442854e+01
7.744175856583872530e+01
7.851605062786592271e+01
7.824067334961907250e+01
8.126263757452282732e+01
8.219345603124064326e+01
7.876626328386032583e+01
7.713001379842640404e+01
8.377355441295108562e+01
8.596390725270194366e+01
8.431363066279163831e+01
8.368639140495130846e+01
8.129101308570284345e+01
8.602740065309603779e+01
8.445536030273815697e+01
8.245023242963721088e+01
8.455377450668842698e+01
8.565308737738639877e+01
8.277661650235923219e+01
8.196547096149525657e+01
8.144833556772979932e+01
8.004992327305657795e+01
7.968873142111971219e+01
8.319831487625540944e+01
8.737815682819511665e+01
7.929784401223986379e+01
7.713870613126333353e+01
8.065597140073273863e+01
7.656198290516562110e+01
7.652446135391627990e+01
7.479617813319853781e+01
6.930828236529708875e+01
6.743245839791747187e+01
6.835923194942311909e+01
6.824117936866306877e+01
7.646800176573300689e+01
7.716114102887736692e+01
8.265460645409422114e+01
8.247548063341699276e+01
7.885221856356066894e+01
7.320058064974415402e+01
6.668946951210379837e+01
6.504421277300986048e+01
6.567136058736954851e+01
7.367138720653365169e+01
7.105512026827047123e+01
6.956914178201937204e+01
7.256759836383858442e+01
7.130287816289872183e+01
6.899019439172387536e+01
6.823486947912000744e+01
7.253314639830558974e+01
7.345373705564115596e+01
7.157279230017751104e+01
7.348553411197566732e+01
7.049646090741489957e+01
7.173344941285283483e+01
7.278371198750897975e+01
6.941513651776077154e+01
7.106069528341866715e+01
7.221806343975516995e+01
7.364905434296694864e+01
7.371587473155206283e+01
7.215472837031006748e+01
7.520123622774902117e+01
7.084603705418781772e+01
7.092664440551402549e+01
6.644271805355415950e+01
7.044955049620854481e+01
6.837774441599702868e+01
7.134808790108762366e+01
7.616603070606294068e+01
7.764769081314736354e+01
7.893214165455822240e+01
7.736566364775332261e+01
7.245848011306568992e+01
7.123193508488806458e+01
6.923320259258142073e+01
7.103945833889837047e+01
6.990022290726729182e+01
7.466610722547299872e+01
6.973782214216375053e+01
6.344157188666007130e+01
7.152895354645097825e+01
7.327238655234089038e+01
7.337313683931738240e+01
7.491899170078100667e+01
7.062229497375366805e+01
6.726920275660037873e+01
6.730294343028775472e+01
7.155312510470957932e+01
7.253835309383657659e+01
7.708887711842152157e+01
7.599602432883384040e+01
7.685673804326853542e+01
7.875721751333108500e+01
7.798248871759960821e+01
7.976008353852816413e+01
8.002238621648299954e+01
7.662702035451135885e+01
7.088231836775234740e+01
7.582991703642561276e+01
8.105695106929628935e+01
7.832820460825507780e+01
7.696546361426111105e+01
7.739187348239853748e+01
8.053768592176439256e+01
7.880747542518508908e+01
8.142939101264809665e+01
7.695017317867754514e+01
7.792888355078028439e+01
7.428710829496067447e+01
7.594549028894221010e+01
