8.702696784158050036e+01
8.716438024565749743e+01
8.702584346835291740e+01
8.636782707714463925e+01
8.758451236166172293e+01
8.716718354392480705e+01
8.713394365264821317e+01
8.708188551462583860e+01
8.716459079152767231e+01
8.636001357690889790e+01
8.400994903327463703e+01
8.324290668808632176e+01
8.309451864847008551e+01
8.268066488087734456e+01
8.174521687999973096e+01
8.089212270270314775e+01
8.044774221757506893e+01
7.987980240656855813e+01
7.952240185184997756e+01
7.913232379945985429e+01
7.844144938162011726e+01
7.813639870109734886e+01
7.774690369962937098e+01
7.741138676578690081e+01
7.666507010618099116e+01
7.628233651768528034e+01
7.574561136037046083e+01
7.533184670711636954e+01
7.508596471968830599e+01
7.489269522188898520e+01
7.450155755507229571e+01
7.426866955880602461e+01
7.410228313066014039e+01
7.386533927582070191e+01
7.340534546572260410e+01
7.311802496281232777e+01
7.276959654102920183e+01
7.248219493849677519e+01
7.218160099248743222e+01
7.186512763923009572e+01
7.152569733699728260e+01
7.106836266758024578e+01
7.094505980570419013e+01
7.077534247271131562e+01
7.072474590757543922e+01
7.054596638271209486e+01
7.054327431317047115e+01
7.047818869851640500e+01
7.030516563447307021e+01
7.021166791464494850e+01
7.018357610344305897e+01
6.997646620427707376e+01
6.987509730839219912e+01
6.981994958527963036e+01
6.967382714607605010e+01
6.953349791261253188e+01
6.930243788434009389e+01
6.901184696138925290e+01
6.896160962976010467e+01
6.891075229784469514e+01
6.876239971013720265e+01
6.870582976495478533e+01
6.852412582567811228e+01
6.827893595696690454e+01
6.827988349871770879e+01
6.804194149274796644e+01
6.768290018639430627e+01
6.739611793151105701e+01
6.704876003210230806e+01
6.684321209305448974e+01
6.666983181953366966e+01
6.643009612035700684e+01
6.625252743123530763e+01
6.631678046212046240e+01
6.620361832511072464e+01
6.600690035104656772e+01
6.581444102959787301e+01
6.582582113563672976e+01
6.571445972670518643e+01
6.569744654999584554e+01
6.561000749222300499e+01
6.555035766548553511e+01
6.545697531270194247e+01
6.538178602135211293e+01
6.525001670962207356e+01
6.517763782959448804e+01
6.518437716903527246e+01
6.506652263229607058e+01
6.495933625640284959e+01
6.491966578953433498e+01
6.489554040996391393e+01
6.494134297311282467e+01
6.478200216228648856e+01
6.469598701885378489e+01
6.462926834267540244e+01
6.467144093718961528e+01
6.476610626900423995e+01
6.461325773245876292e+01
6.444306702104819351e+01
6.444639336449000666e+01
6.440668451582456555e+01
6.437149788775701609e+01
6.428232344645552132e+01
6.424789554249473156e+01
6.426602815282785741e+01
6.416982847822299618e+01
6.405792730576509086e+01
6.396226325861159978e+01
6.388352535984900982e+01
6.359287419423832688e+01
6.341725151235303315e+01
6.327236157322995069e+01
6.322592279681728655e+01
6.315276455325924587e+01
6.283889545984533243e+01
6.272811343819406460e+01
6.254464081394606012e+01
6.232299111341538378e+01
6.220295175340147154e+01
6.195908591659196674e+01
6.171033766556826095e+01
6.165676945904412065e+01
6.154963994191154342e+01
6.144123602852632615e+01
6.150548185647701871e+01
6.142185614458329468e+01
6.121021218577862300e+01
6.113207813786195999e+01
6.100542913795297295e+01
6.097209201047351712e+01
6.082022400350685842e+01
6.073780084726467265e+01
6.062135530260965766e+01
6.056927419164075843e+01
6.063136826309298755e+01
6.050944128533996036e+01
6.051322613840719100e+01
6.045689268648245474e+01
6.045918272759646328e+01
6.038405944955811577e+01
6.029740139730728288e+01
6.033889403347592406e+01
6.035378166287063095e+01
6.026625611395929383e+01
6.012391881541464045e+01
6.009317304823620276e+01
6.014937550270538935e+01
5.996629167843009611e+01
6.007154714949238183e+01
6.008296564339305945e+01
6.004225928368781950e+01
6.000987195825721443e+01
5.989157939451182955e+01
5.997258433333362149e+01
6.002808066620928429e+01
6.001478719575520415e+01
5.988247855386664753e+01
5.985584540495172234e+01
5.988203083446434505e+01
5.977178423703358590e+01
5.962682572753423216e+01
5.964768686421390953e+01
5.958093836544410493e+01
5.945776275048824289e+01
5.933253929384223113e+01
5.920468387605371419e+01
5.917369342255505416e+01
5.926580937088669288e+01
5.929480247426855755e+01
5.938062432704023763e+01
5.938215542155547411e+01
5.941215650172041762e+01
5.929820702415356948e+01
5.920002255391096213e+01
5.916384774847671224e+01
5.914648010598799033e+01
5.922806942895684301e+01
5.904368004306631690e+01
5.905433281219205099e+01
5.882773144222651496e+01
5.871273324952397843e+01
5.868132367242728265e+01
5.857716691492483108e+01
5.839692117987191722e+01
5.814801500133778944e+01
5.813259819748017065e+01
5.788452142158715219e+01
5.774765589938403565e+01
5.770593425070588012e+01
5.758968049521605792e+01
5.738629669656590693e+01
5.723883268426744308e+01
5.708544672238521400e+01
5.681493929251590913e+01
5.666174846912569762e+01
5.649542687301311616e+01
5.644269397139748179e+01
5.638792238418204761e+01
5.625628145120624879e+01
5.619600295584069727e+01
5.607225846864032093e+01
5.604947446219150464e+01
5.605418098339267630e+01
5.604122033839847461e+01
5.598799380009482007e+01
5.585783913460721806e+01
5.579503853372215616e+01
5.568253681965443036e+01
5.562425748230251799e+01
5.564782961620625912e+01
5.559255054058181855e+01
5.549533340047427288e+01
5.558667427160121832e+01
5.548217762410288145e+01
5.545415005831347344e+01
5.541679036749329157e+01
5.549539861326174162e+01
5.547047540669851173e+01
5.533819260850439292e+01
5.534314563592342751e+01
5.525694865831994917e+01
5.538141711284809077e+01
5.527390283252252345e+01
5.522271058224485074e+01
5.520545542769821168e+01
5.511868139046461579e+01
5.510448511340419486e+01
5.511822578816472173e+01
5.513410302635428195e+01
5.514211447899124607e+01
5.510956040516775545e+01
5.516447190247693300e+01
5.517058931206139505e+01
5.511656252315724203e+01
5.513003961163764188e+01
5.505670028322757048e+01
5.496343015476160332e+01
5.497755604249874750e+01
5.501787864457952537e+01
5.513528783090865915e+01
5.505775941059768996e+01
5.513102939735863828e+01
5.508801344464950489e+01
5.501673366902092965e+01
5.502187743058868108e+01
5.492928548903882557e+01
5.489890247597948303e+01
5.485751290093244847e+01
5.492382237791643007e+01
5.490458558369959263e+01
5.494405503335368479e+01
5.486868459707235957e+01
5.468939903133199465e+01
5.463456210969689408e+01
5.460714082084115972e+01
5.463300827457619135e+01
5.465367055021667397e+01
5.466669864508929066e+01
5.464827809098809297e+01
5.458825885133772715e+01
5.452658290770594363e+01
5.454455514539507988e+01
5.441591278228020911e+01
5.441090105142268385e+01
5.452575137793738236e+01
5.451585337740732484e+01
5.447540368570745528e+01
5.439335817173388676e+01
5.430548795880460489e+01
5.417687786987727350e+01
5.422021658324313620e+01
5.420343196097662997e+01
5.420641960204304866e+01
5.419886063481398253e+01
5.419626836963819017e+01
5.426795002072658747e+01
5.426696235803552071e+01
5.426032376582678296e+01
5.422573555465457673e+01
5.426828405514547882e+01
5.418730393056665662e+01
5.407837789956859353e+01
5.415309222726745020e+01
5.429941237137756360e+01
5.419186290510381809e+01
5.404070036766891150e+01
5.400299205697294269e+01
5.379712351432858242e+01
5.380559025656907579e+01
5.367511875156490930e+01
5.363028354520623964e+01
5.353148359406548451e+01
5.350573502543995374e+01
5.333599164633461953e+01
5.316323166742287754e+01
5.308188221758069858e+01
5.298457906780323157e+01
5.272093178869013741e+01
5.260098956377301249e+01
5.247932970434305133e+01
5.244339955982948709e+01
5.236842590373706940e+01
5.225516575329305624e+01
5.221383428641425439e+01
5.217591247800697829e+01
5.209231906798499523e+01
5.199088400964684098e+01
5.188386625949885200e+01
5.188402191132257002e+01
5.188112575739202015e+01
5.188451200546012387e+01
5.191749122391920679e+01
5.193307488906165759e+01
5.189442525740099654e+01
5.196070827193603492e+01
5.197794844180670992e+01
5.194533978918487804e+01
5.174819886721922302e+01
5.173154632272262177e+01
5.154594709937058639e+01
5.176662327374983619e+01
5.163525249985495691e+01
5.146626554821031618e+01
5.150573989839187306e+01
5.149727796752911502e+01
5.151673791003076985e+01
5.155375155088474770e+01
5.157314423347181531e+01
5.153393933938107807e+01
5.152486110978775002e+01
5.146574951575966139e+01
5.145816971760108771e+01
5.147698175813265919e+01
5.132747516396403853e+01
5.136671262086632339e+01
5.131151100118503905e+01
5.131945468070981065e+01
5.126024940170769639e+01
5.122778858376115352e+01
5.108610022782305293e+01
5.088057038252650699e+01
5.103370272616734837e+01
5.105070570885025205e+01
5.103870815980883435e+01
5.097704840483159217e+01
5.099633840114282890e+01
5.091643757136888127e+01
5.087032876295042882e+01
5.094261275029128200e+01
5.094845379688071318e+01
5.089640149242232070e+01
5.102163161870353036e+01
5.101265353680313552e+01
5.109133245528507672e+01
5.105468543835994666e+01
5.103978488531074476e+01
5.098618101625883980e+01
5.104488918480002013e+01
5.106870382465771740e+01
5.108381229709090832e+01
5.103360241425481547e+01
5.104961676863428721e+01
5.100252148459269819e+01
5.102051135135644699e+01
5.097109075736954509e+01
5.089290949751355697e+01
5.066910809401584004e+01
5.079060819282774020e+01
5.084109776469618680e+01
5.083597497495041750e+01
5.079613709029067792e+01
5.076864013789800367e+01
5.092260336695824208e+01
5.079890173543500964e+01
5.093843583186292534e+01
5.095393190783617854e+01
5.080941305671818498e+01
5.068657418408681536e+01
5.058362775368578923e+01
5.059357518933711617e+01
5.060774439622976217e+01
5.054431708146677948e+01
5.038237058644692468e+01
5.043724810844350515e+01
5.047736945271982734e+01
5.055228384330547442e+01
5.056488927472231154e+01
5.062762669772420310e+01
5.066058063255513844e+01
5.057742730081389482e+01
5.068026362030568777e+01
5.076766358222612752e+01
5.073217022476227811e+01
5.061120399509034229e+01
5.067582174443437992e+01
5.055435740771301312e+01
5.048273054423306405e+01
5.041290862655085192e+01
5.039880570374808855e+01
5.031277542259216773e+01
5.036986351328258138e+01
5.037374773738626033e+01
5.032422043728468708e+01
5.028811669840285248e+01
5.032739273946944536e+01
5.030118105035564469e+01
5.039557033902436700e+01
5.034310505796278790e+01
5.034817561444013023e+01
5.035432173818887236e+01
5.030939537552102081e+01
5.031372727171382309e+01
5.023480395973411561e+01
5.018999033908156093e+01
5.019733804211703188e+01
5.021604362220531215e+01
5.033433788847563761e+01
5.028230970082027795e+01
5.028102685009680783e+01
5.023359119300334186e+01
5.020865928348563756e+01
5.015455169351251641e+01
5.025166691290014143e+01
5.024061648995218121e+01
5.015784273405816407e+01
5.014893086100912001e+01
5.018303941020111125e+01
5.018795479598813358e+01
5.024896397785170876e+01
5.025941691399039257e+01
5.032226620530978778e+01
5.020704805045058805e+01
5.030251903190140439e+01
5.029814842381977513e+01
5.031634173114445474e+01
5.024011354585383060e+01
5.016371311610736683e+01
5.002193367023300397e+01
5.016290940988595537e+01
5.019902523713258802e+01
5.011968967952323339e+01
5.009402669073097059e+01
5.009047892037015259e+01
5.000181489033845850e+01
4.996316874916885098e+01
4.987473460091413813e+01
4.985077940611665070e+01
4.978688361709668442e+01
4.977414488390501646e+01
4.977229658545623181e+01
4.975231501118528143e+01
4.973496591315281279e+01
4.977473034392151163e+01
4.979210404181408478e+01
4.975164373198180812e+01
4.978120810647413208e+01
4.984719450560482557e+01
4.979200526394625825e+01
4.973306487541542964e+01
4.974988008002262774e+01
4.967221006112676207e+01
4.969915131606538949e+01
4.975453479281605240e+01
4.958489935579795826e+01
4.960025132735935216e+01
4.950129177866776331e+01
4.960957450663413226e+01
4.959592965168989309e+01
4.949624765251660818e+01
4.947487392385497884e+01
4.946709228777769596e+01
4.937159051731926240e+01
4.920072817664190978e+01
4.910852492789010171e+01
4.912957825094264308e+01
4.895697217958596070e+01
4.894231794808627001e+01
4.897201941099103806e+01
4.886942116576041428e+01
4.883298263799073879e+01
4.886911854326650939e+01
4.880050304186516996e+01
4.882715636938560522e+01
4.877406014551859670e+01
4.865013895516891296e+01
4.864237417052945034e+01
4.860901667247132707e+01
4.857344218104176292e+01
4.848249066224857984e+01
4.844204434744617060e+01
4.829838911553603253e+01
4.828122772537752638e+01
4.826345398915970009e+01
4.824482818705793363e+01
4.793586022409448333e+01
4.792202853506967131e+01
4.805104984678078495e+01
4.802940013855201329e+01
4.793247884650758550e+01
4.774088078685299763e+01
4.764178976004131272e+01
4.753485171268672360e+01
4.748015620933799852e+01
4.745585577198242788e+01
4.746535935876729440e+01
4.738285215764871339e+01
4.712462196066753251e+01
4.711618480380438001e+01
4.693341449815465438e+01
4.691130668672952453e+01
4.692090084722764942e+01
4.672597678134079757e+01
4.656147830636354712e+01
4.651220955245339894e+01
4.646892849025028482e+01
4.643634074699554759e+01
4.643081097901541909e+01
4.629880884642125949e+01
4.635558412095663527e+01
4.639326714169984456e+01
4.640242774635713374e+01
4.638055245427761974e+01
4.628944661387988191e+01
4.623672245091471922e+01
4.629685285619228807e+01
4.628152982857727693e+01
4.616735764858196234e+01
4.618431815124311157e+01
4.618242020768661149e+01
4.626219904212796052e+01
4.635919035732795379e+01
4.642315544539824401e+01
4.637525541488918890e+01
4.642929840187965596e+01
4.641561746130868471e+01
4.634084116015582566e+01
4.629795635434532386e+01
4.622059555132697284e+01
4.615618940036895168e+01
4.624564038825887735e+01
4.610797853069078656e+01
4.607589983607014261e+01
4.612590989436260713e+01
4.609487927352972036e+01
4.608025233556221423e+01
4.613075614409895309e+01
4.613615687133458465e+01
4.604675208266288422e+01
4.593429866555433705e+01
4.599995977512986656e+01
4.611370442553152316e+01
4.615479075678496912e+01
4.608824162526155988e+01
4.611610331645886873e+01
4.611805838117737011e+01
4.601528780294558629e+01
4.598616717558893896e+01
4.600969223374312378e+01
4.606012943666443960e+01
4.602253002293562645e+01
4.608699142001891147e+01
4.606518553880637512e+01
4.604178588358676194e+01
4.598766765031821535e+01
4.592155507422157257e+01
4.596102603622684768e+01
4.595107677977390637e+01
4.600243043102527452e+01
4.599054416501655140e+01
4.605643193155487580e+01
4.602947414841256091e+01
4.618978685580479038e+01
4.609250471505711033e+01
4.600939196291751188e+01
4.596850154823088275e+01
4.592017553742888225e+01
4.590882804156044728e+01
4.589099786994256647e+01
4.581395890802649262e+01
4.589288763738141341e+01
4.587610355838882015e+01
4.584411985631582098e+01
4.585511360945444181e+01
4.598917292752844332e+01
4.602433799110229984e+01
4.596490089178087146e+01
4.590605656875583662e+01
4.592770358103031469e+01
4.593647934315044523e+01
4.591220714604447295e+01
4.592457755459003721e+01
4.594300843249693855e+01
4.592920298353664066e+01
4.592110651734220284e+01
4.591295175404772522e+01
4.600789915464091706e+01
4.596233945212311767e+01
4.581911142700899120e+01
4.575170179922588432e+01
4.569990476314892902e+01
4.570312703355318718e+01
4.553347099660746977e+01
4.545166392760732066e+01
4.547797098565536089e+01
4.548152263923971361e+01
4.559954572240800985e+01
4.557307759871819286e+01
4.554456272096953029e+01
4.556697352055061856e+01
4.546635367446418030e+01
4.550854381414590222e+01
4.549355574060627561e+01
4.553095056874263946e+01
4.546331590844031467e+01
4.548698286022464998e+01
4.545405011383776639e+01
4.539676386585390588e+01
4.542522621249681691e+01
4.527625770353204615e+01
4.525148195318875111e+01
4.538556991324668388e+01
4.548129635395269332e+01
4.549451719605383460e+01
4.564904186836802324e+01
4.561685584395510773e+01
4.555760018092618679e+01
4.553007583180991702e+01
4.557186461835314617e+01
4.554157929230549939e+01
4.554679354565841720e+01
4.550058662332961745e+01
4.550261163519169116e+01
4.553790078738193614e+01
4.555375599759054950e+01
4.549240521733695175e+01
4.541674755684495324e+01
4.530285911128358833e+01
4.533935845976705536e+01
4.537205828288794862e+01
4.553120736519238676e+01
4.550120158757659539e+01
4.542210181702199634e+01
4.534276837732679155e+01
4.540952483146666196e+01
4.536185436483737732e+01
4.529589540302272610e+01
4.539834198444577140e+01
4.535521988107194602e+01
4.533771427457603664e+01
4.522507496718789355e+01
4.513180806486862195e+01
4.512649518237583379e+01
4.522667576985475790e+01
4.512881946496058561e+01
4.518082361325011931e+01
4.514177405675251720e+01
4.517405786259362088e+01
4.516427300181456417e+01
4.511076997919355591e+01
4.504471322035566772e+01
4.501702158864738124e+01
4.512294457377628731e+01
4.511032872976625896e+01
4.511672182464063496e+01
4.516751297037283308e+01
4.520965575062260200e+01
4.518081141538530687e+01
