8.915858368085191898e+01
8.914299056280803768e+01
8.889414798157891084e+01
8.856012338406063122e+01
8.912321940387720076e+01
8.902483426330786642e+01
8.820671127205774553e+01
8.832496854613802384e+01
8.825010958688164919e+01
8.847482295377032813e+01
8.996609004938935072e+01
9.246131078221057464e+01
9.359097742636507178e+01
9.416420454954577224e+01
9.479052527074087209e+01
9.523581730246719701e+01
9.560079016265093799e+01
9.609720360372489267e+01
9.687434180736916289e+01
9.745522066114911297e+01
9.776971437790587061e+01
9.795158103956674722e+01
9.832988723895385874e+01
9.858005894536118774e+01
9.887441265767721177e+01
9.898769411334409085e+01
9.927349782661319466e+01
9.972621992324479834e+01
1.000157707699161023e+02
9.995244308771631836e+01
1.001403544789881721e+02
1.004319905387965122e+02
1.007534390025004285e+02
1.012167501850200466e+02
1.014528494837355339e+02
1.017029363265542798e+02
1.019309031973762387e+02
1.021335750509343541e+02
1.022706113160318750e+02
1.024728643644994861e+02
1.028205334071316770e+02
1.030444386729600836e+02
1.032409082715777942e+02
1.032721385366872084e+02
1.034325604612810707e+02
1.034480295240593364e+02
1.036298174579814599e+02
1.036480042159558081e+02
1.037675967558255081e+02
1.038583485129816495e+02
1.039195319601557941e+02
1.041026672617877722e+02
1.043292980814320288e+02
1.044198551680077145e+02
1.045165920314186252e+02
1.048632949997451220e+02
1.050843396746632550e+02
1.051851396997869585e+02
1.054289801171630785e+02
1.059650905100914144e+02
1.062292169559028991e+02
1.065214352659822623e+02
1.066211268232960521e+02
1.067962637466553844e+02
1.070166125157706176e+02
1.071214747580903293e+02
1.072915296152465032e+02
1.073931506760671795e+02
1.075580222513187039e+02
1.076684721537907308e+02
1.078656059809768237e+02
1.078784409948523546e+02
1.080245086289058065e+02
1.081920299923794602e+02
1.083931829318330387e+02
1.084655959439299266e+02
1.087870739210776492e+02
1.089054517313423958e+02
1.087744581903261576e+02
1.087437246482232496e+02
1.088043326816707008e+02
1.089096645819204383e+02
1.090039456159380080e+02
1.090311465291824362e+02
1.092902610956333262e+02
1.094481088648328893e+02
1.096796714653822278e+02
1.099046099861985795e+02
1.101216902744377819e+02
1.103313181861987431e+02
1.107076802837082141e+02
1.111197645456518188e+02
1.112642361058662459e+02
1.115691308439046452e+02
1.115958380587300525e+02
1.116547667335777447e+02
1.118357109812894805e+02
1.119176083199573668e+02
1.122139067922070268e+02
1.123715043370062006e+02
1.124798717727464918e+02
1.125096945870264165e+02
1.124644270969325959e+02
1.125619035917403750e+02
1.126917536299344675e+02
1.128485516270268363e+02
1.128894135470051197e+02
1.129560570782088149e+02
1.131626587971080653e+02
1.131851200921457519e+02
1.133580855493504771e+02
1.133700740594102570e+02
1.134195576284710398e+02
1.133327523999765418e+02
1.135480371531966881e+02
1.135480345232113990e+02
1.136130904699563757e+02
1.137477839748754036e+02
1.137585296359825975e+02
1.137419526158171408e+02
1.137726657668536063e+02
1.137878514761156907e+02
1.136935358738132038e+02
1.137183301260962480e+02
1.137474648437131037e+02
1.138351795660022958e+02
1.138363610587653625e+02
1.139213679121584732e+02
1.139194080897234755e+02
1.140020099385795476e+02
1.140572319555808178e+02
1.140968971564943786e+02
1.140591907487594483e+02
1.141547410099108077e+02
1.141851975061111801e+02
1.142366575280820911e+02
1.143042798209699953e+02
1.144124104281039820e+02
1.144844144927465237e+02
1.145777966173179436e+02
1.147201183407500480e+02
1.149550720588645305e+02
1.152499354596095031e+02
1.153572334970139366e+02
1.153773761242966884e+02
1.156774316442609631e+02
1.157922233674282637e+02
1.158399662686201594e+02
1.159002519798667663e+02
1.159662997886164391e+02
1.161845718504611398e+02
1.163049590502931920e+02
1.163519669558136371e+02
1.164536026301807112e+02
1.165863418620653675e+02
1.166405129138315289e+02
1.166480663945557268e+02
1.166285611069050674e+02
1.167773078612029707e+02
1.167845318220433626e+02
1.168269844135117665e+02
1.169063703379934793e+02
1.170767680077489814e+02
1.172140717988385461e+02
1.172406500200148542e+02
1.173529123714370712e+02
1.173557782803118670e+02
1.174698802617474485e+02
1.175012231159915785e+02
1.176272379882177859e+02
1.174659989202596080e+02
1.175757517323653332e+02
1.177522131541328321e+02
1.176816807699263450e+02
1.177554025821879691e+02
1.177409344723758693e+02
1.176721463084679158e+02
1.176605513072596096e+02
1.177161477026405407e+02
1.178812064388101533e+02
1.178660034226067808e+02
1.178185216724886430e+02
1.178849747955108427e+02
1.178840499081580617e+02
1.180445392665751285e+02
1.180932689677041765e+02
1.181187487245737913e+02
1.181846775009480837e+02
1.181623000975475577e+02
1.181515215514342003e+02
1.181867951570680049e+02
1.181063775407405672e+02
1.181740299170436828e+02
1.182310467374535250e+02
1.183239279122258125e+02
1.183466918518895028e+02
1.184007672403147353e+02
1.183925466903774435e+02
1.184044247626906383e+02
1.184531044158884328e+02
1.184345825019724856e+02
1.183917422519412099e+02
1.183381217116724855e+02
1.184320969166848414e+02
1.183245108357143351e+02
1.183558584065063712e+02
1.183953346742119948e+02
1.184334578134144920e+02
1.183568213149484336e+02
1.183727021452788364e+02
1.182880454494137581e+02
1.183390913767193098e+02
1.183905965253029962e+02
1.184892296427660625e+02
1.184802791345932746e+02
1.185064163559739399e+02
1.184036105249394240e+02
1.185046119450483104e+02
1.186100308352860111e+02
1.186127019951416770e+02
1.186805361361702467e+02
1.187348981823150069e+02
1.187480998369790228e+02
1.186319053871177971e+02
1.187041723598878491e+02
1.187173426037952026e+02
1.188119010794388544e+02
1.188601849187338644e+02
1.188600752725968022e+02
1.189559602802145406e+02
1.189911638166080792e+02
1.189411298433662978e+02
1.189896093639014367e+02
1.190137266841450128e+02
1.190511514933049995e+02
1.191251833549959969e+02
1.191798266625651621e+02
1.191982278973608942e+02
1.192618394997632549e+02
1.192690871727368744e+02
1.193819236155638635e+02
1.194907813880205794e+02
1.196047711350473151e+02
1.196703712733338989e+02
1.199823985925604291e+02
1.201738369408204363e+02
1.202839980317492063e+02
1.203306161852548257e+02
1.204775007360947114e+02
1.203847693835350867e+02
1.204036644316865647e+02
1.206108347484797463e+02
1.208250680745423722e+02
1.208964397075776844e+02
1.210713480207186024e+02
1.211822875582233507e+02
1.212331762892474529e+02
1.214193139074012890e+02
1.215126220568696027e+02
1.215724605766670692e+02
1.216661423368028778e+02
1.216711119482862387e+02
1.217066068021427014e+02
1.217623045098080752e+02
1.218445814089392059e+02
1.219439700318981465e+02
1.220274778042734170e+02
1.220073767723241218e+02
1.220191558728066354e+02
1.221739356823249238e+02
1.221444741884994301e+02
1.221684507513996181e+02
1.221403792138384290e+02
1.221939066165772232e+02
1.222481227990144106e+02
1.223382008315541896e+02
1.224090568359411861e+02
1.223684069465564761e+02
1.223428506925917674e+02
1.222147579108338107e+02
1.221887892423356021e+02
1.223532490315310213e+02
1.224431156997434158e+02
1.224361495253095455e+02
1.224894803406648407e+02
1.225025437584034904e+02
1.224739049905224846e+02
1.224751641715972852e+02
1.225081776535604803e+02
1.225973535864316233e+02
1.225776284363977595e+02
1.225124681009812946e+02
1.225612677783552158e+02
1.225501181979262242e+02
1.225874183609463586e+02
1.225142021153563263e+02
1.225544413652370963e+02
1.224899712044325213e+02
1.224918410496177330e+02
1.225745819724738794e+02
1.226223595715576806e+02
1.226704549431718050e+02
1.226817525633564827e+02
1.227633093844439856e+02
1.228176248415227718e+02
1.227796611907169790e+02
1.227809312647392659e+02
1.228075049990167287e+02
1.228331957469147682e+02
1.228519931275393731e+02
1.227043879419156411e+02
1.228086047940441858e+02
1.229100371215451730e+02
1.229578602578183535e+02
1.228665719798708693e+02
1.228524160180853215e+02
1.230011519399558466e+02
1.230528104100447848e+02
1.230435034519418451e+02
1.232161387497871061e+02
1.231852551454397684e+02
1.232177426914579002e+02
1.231517337981304792e+02
1.231989369859309988e+02
1.232877264210710280e+02
1.232502165963275473e+02
1.232832968449749131e+02
1.233281307686936259e+02
1.234658633713207934e+02
1.235047013975291037e+02
1.235647203561341172e+02
1.233937500818923354e+02
1.233324774567082613e+02
1.233893961472095384e+02
1.233144975160113148e+02
1.232146522223370795e+02
1.232510223342858211e+02
1.232023845780942395e+02
1.232421383195198388e+02
1.233192253810489944e+02
1.233525010922768530e+02
1.233467546384407854e+02
1.235275448859978979e+02
1.234895663070212919e+02
1.234513594247563333e+02
1.234106791512152910e+02
1.233332223145875020e+02
1.234128810727011398e+02
1.234565377670332822e+02
1.235570479534853661e+02
1.235705345481059396e+02
1.235803071344795541e+02
1.235863358085308334e+02
1.236178244766269643e+02
1.236046283169404916e+02
1.234784992485948862e+02
1.235647643823623696e+02
1.235712611604264168e+02
1.235980988795658106e+02
1.235838507538622935e+02
1.236049578655481156e+02
1.236471074088613875e+02
1.235590688442912324e+02
1.235494629261306585e+02
1.235989753218254918e+02
1.236129043636953497e+02
1.236895983564390633e+02
1.236787714747248543e+02
1.236776873905213137e+02
1.237740113908563018e+02
1.237921429763731709e+02
1.238008688678795437e+02
1.237862219840233138e+02
1.237709163913104504e+02
1.238495229698449691e+02
1.239385462764887365e+02
1.239935676863678395e+02
1.240839043249569329e+02
1.241889104961382913e+02
1.241830816863427316e+02
1.242394505046322593e+02
1.242250994946210483e+02
1.241120954099220910e+02
1.240925097842238785e+02
1.242125606319110034e+02
1.243184697842056181e+02
1.244944640387532360e+02
1.245106111536492648e+02
1.246552229364282454e+02
1.248388347770922024e+02
1.248550883777639058e+02
1.248941428405700975e+02
1.250869212586629686e+02
1.251549205675059540e+02
1.251597013595385022e+02
1.251490643017449287e+02
1.252825831376836021e+02
1.254027325207960359e+02
1.254170821643639755e+02
1.255284834396939146e+02
1.255679773745001455e+02
1.255089184608144279e+02
1.255076459389589161e+02
1.256414377275916934e+02
1.258057938411112957e+02
1.259456215982194038e+02
1.259596221763582662e+02
1.261791172866857380e+02
1.263252315906803886e+02
1.262266932262676562e+02
1.262472858632913244e+02
1.263460706601719608e+02
1.264508067148965580e+02
1.264802859881217785e+02
1.264148481319688955e+02
1.265105252811827370e+02
1.265487940171345258e+02
1.266579220294476329e+02
1.267437875422232310e+02
1.267304922099729936e+02
1.267466645631118070e+02
1.268094542795156769e+02
1.267424051357578065e+02
1.267228091253888635e+02
1.267083603706567345e+02
1.267503798031228683e+02
1.267951631067958402e+02
1.267559057884779747e+02
1.267947553127950187e+02
1.269482715171145202e+02
1.269244404795964982e+02
1.269239113377771559e+02
1.269821560571435981e+02
1.269469219070551134e+02
1.268614796062029910e+02
1.269054752668807140e+02
1.269328641702986431e+02
1.269345474714788367e+02
1.270680207105258148e+02
1.270711142451726516e+02
1.270693630531419558e+02
1.271598775894861433e+02
1.271839018920386337e+02
1.271692541227453717e+02
1.272355575592652883e+02
1.272476793976382936e+02
1.272119944571507091e+02
1.272127802044640674e+02
1.272080558828352679e+02
1.272160890403888942e+02
1.272788948889072600e+02
1.271671303622762537e+02
1.271694937379053698e+02
1.271580796329914875e+02
1.271307408776161481e+02
1.272087652188660769e+02
1.272167020912276882e+02
1.272397274113865393e+02
1.272525408188685958e+02
1.272147015123116347e+02
1.271992188283439305e+02
1.272475757866656494e+02
1.271406034591022234e+02
1.271746826640336110e+02
1.273177184877771282e+02
1.273592749776653505e+02
1.272845947777074826e+02
1.272777469135581185e+02
1.273180930888559317e+02
1.273249144680585374e+02
1.273748760367836041e+02
1.274675591816433666e+02
1.275372973773101535e+02
1.275101443390321947e+02
1.274752266731876347e+02
1.274561004273710267e+02
1.274854919616096538e+02
1.275215211759913387e+02
1.274625668106151579e+02
1.274208494275492427e+02
1.274243855178939526e+02
1.274250609894248072e+02
1.275211459640853491e+02
1.275344799539046932e+02
1.275792680499982481e+02
1.275789549405278080e+02
1.275687104392885374e+02
1.275982814359429938e+02
1.275610806407608777e+02
1.275709393260558500e+02
1.275493210033328211e+02
1.274544686259322219e+02
1.274369987806589961e+02
1.274567357356712591e+02
1.274338558924583538e+02
1.274176352829808820e+02
1.273798478216742041e+02
1.274074559576838510e+02
1.275258564492942810e+02
1.275268908237565313e+02
1.275720668089723944e+02
1.275953687379196424e+02
1.275332377790860079e+02
1.275118283785491968e+02
1.275315694482873994e+02
1.276227857104106675e+02
1.275394493218926044e+02
1.275804500853987378e+02
1.276005522817899305e+02
1.276503058358464955e+02
1.276454942520621358e+02
1.276551409106547084e+02
1.276246425137016445e+02
1.276975110887857738e+02
1.277105214412357839e+02
1.276322472421081642e+02
1.275686155369781005e+02
1.276066126165980421e+02
1.276589737341280966e+02
1.275482900686464660e+02
1.275687332454639460e+02
1.275572849348188242e+02
1.275984426567911214e+02
1.276134432468168427e+02
1.276757538631728295e+02
1.275571167151105669e+02
1.275563298003031463e+02
1.276242305065093632e+02
1.275822503692209580e+02
1.276252310674759798e+02
1.276671833335330888e+02
1.276762190917052067e+02
1.277331229854056431e+02
1.277713486518421604e+02
1.277439416636624543e+02
1.277317798402819307e+02
1.277715657974524959e+02
1.276756518736026322e+02
1.276400665756717814e+02
1.277403376811156335e+02
1.277793893831292564e+02
1.277941506516116590e+02
1.277278688459878282e+02
1.276453464535034641e+02
1.276952747860916020e+02
1.276614469458227035e+02
1.276551975551426779e+02
1.276328078988273234e+02
1.275777427599759335e+02
1.276516987909010226e+02
1.275868790902642615e+02
1.276726640682074674e+02
1.277960104315500445e+02
1.277564851370059955e+02
1.278623983481842856e+02
1.279124774804112832e+02
1.278572953080558250e+02
1.277600852902318280e+02
1.277549179148891341e+02
1.277964225257009332e+02
1.279064304537020291e+02
1.279534801257247949e+02
1.278459798900423010e+02
1.278245779558369719e+02
1.278731781954770810e+02
1.279076637890785690e+02
1.279481494378758839e+02
1.279778216418990127e+02
1.280432194722188228e+02
1.280842500696481352e+02
1.280115155988209210e+02
1.279175850031191572e+02
1.278744393185004782e+02
1.278872004999657150e+02
1.279063152132480354e+02
1.278969407680493902e+02
1.278396134475996178e+02
1.278126099478655959e+02
1.277139700597709435e+02
1.279056601791260874e+02
1.279614017854422485e+02
1.279725035417985595e+02
1.280536287900220316e+02
1.281170640869189867e+02
1.281162979000418716e+02
1.281802954390767297e+02
1.282405762477623341e+02
1.282349489606233988e+02
1.282359862693357968e+02
1.281145386665940009e+02
1.281559552026625113e+02
1.281310023677342826e+02
1.281740763932256186e+02
1.282348958335629732e+02
1.282639008266725682e+02
1.283782514757846513e+02
1.283273001792086916e+02
1.282629462116932189e+02
1.280832024140786700e+02
1.281069466664475272e+02
1.280091822565117354e+02
1.279440487730924758e+02
1.279283261113959895e+02
1.280324624257926303e+02
1.280769721557553567e+02
1.280171605779377728e+02
1.279554459076984188e+02
1.280429943308403722e+02
1.279392069992424155e+02
1.279670011956789040e+02
1.279243716592669244e+02
1.279793569770345414e+02
1.281258575977230407e+02
1.281688175884874568e+02
1.282007381638814252e+02
1.281768399434595267e+02
1.281125491453449854e+02
1.280665053847528725e+02
1.280246019468368672e+02
1.280854494403926651e+02
1.280611926179886098e+02
1.281294013037840784e+02
1.280466798976342773e+02
1.280864810394774054e+02
1.279962282623408640e+02
1.279730920795501561e+02
1.279800586625978838e+02
1.279558004829602709e+02
1.279134980212115948e+02
1.279694132140883056e+02
1.278706882782924907e+02
1.279055671521127806e+02
1.278387909093058425e+02
1.278258712082951121e+02
1.276994067746397974e+02
1.277902354967988714e+02
1.278820561278221959e+02
1.277522947482992492e+02
1.278123542303960107e+02
1.278696633751835492e+02
1.278337347372916923e+02
1.279284551031028059e+02
1.280213153637554058e+02
1.280578470151946249e+02
1.279953937104194495e+02
1.280356867530227589e+02
1.280597116292547923e+02
1.281122767605514525e+02
1.281135145216772173e+02
1.280505121908191768e+02
1.280933182275737749e+02
1.280147753797637620e+02
1.280009264537829949e+02
1.280672431961155837e+02
1.281861130148290044e+02
1.282197423475573146e+02
1.282077215601698015e+02
1.282705039358682768e+02
1.283209416171500550e+02
1.284586628260241810e+02
1.283684233679416877e+02
1.283761386403488984e+02
1.283306690483583736e+02
1.284120111967928324e+02
1.284010548322472687e+02
1.284229141720768439e+02
1.284475851403458080e+02
