nan
nan
nan
nan
nan
nan
nan
nan
nan
nan
2.068319191838528859e+00
3.228299845242273314e+00
4.334938825498967141e+00
6.036808057033566932e+00
7.317096476559880713e+00
7.791717078149892117e+00
8.610897740715913073e+00
9.993501812647558324e+00
1.086592210854637131e+01
1.147917741257480628e+01
1.224540719121905674e+01
1.300306398769660099e+01
1.401917799049183699e+01
1.487655447017156440e+01
1.521383035235095527e+01
1.583055599289512472e+01
1.665961106463851138e+01
1.742129532200628006e+01
1.801506463329965868e+01
1.873972098367470096e+01
1.920456104782020290e+01
1.975938306953366208e+01
2.044574612290676185e+01
2.105175508465094580e+01
2.159915467492586316e+01
2.206141349469193003e+01
2.257703705668963323e+01
2.301892557808917061e+01
2.343535385316354791e+01
2.401899815186489917e+01
2.458219182986970708e+01
2.512032615695696691e+01
2.560742904993144364e+01
2.607084754488127132e+01
2.654323438613125319e+01
2.698007277091689815e+01
2.771986362929978398e+01
2.800003254912804351e+01
2.847697670528858538e+01
2.892710129126196250e+01
2.939044709726627147e+01
2.974254030413734640e+01
3.016236395563789685e+01
3.063996877218572124e+01
3.109093321060557003e+01
3.142979520171336461e+01
3.181224793675820806e+01
3.210955423817591026e+01
3.256735180417679487e+01
3.301631592823053296e+01
3.326198430742763890e+01
3.367121561176350042e+01
3.409569657511592311e+01
3.457192379619642253e+01
3.494509661874621287e+01
3.536967375174143058e+01
3.577584215506382037e+01
3.612782148101813107e+01
3.642563728121130140e+01
3.693310438266425422e+01
3.731828379747012292e+01
3.785159349487798153e+01
3.816962507418303829e+01
3.849364253207639308e+01
3.893680527496549360e+01
3.928068079101931431e+01
3.966594302959450857e+01
3.999259162077067487e+01
4.030322124719136667e+01
4.056495762542837014e+01
4.097043365242871715e+01
4.121335698285021465e+01
4.146188996014728190e+01
4.175824036831478026e+01
4.209124590840016111e+01
4.227071814541481132e+01
4.250465184337607383e+01
4.272889341743231029e+01
4.294604436275507453e+01
4.320670699477752663e+01
4.337073413271182432e+01
4.355368937694068876e+01
4.374201258419625304e+01
4.397114904686678472e+01
4.423460761501567617e+01
4.454597745863072333e+01
4.465500869367416925e+01
4.487516232020850993e+01
4.505898017241473497e+01
4.534236691104808159e+01
4.563256204138525618e+01
4.587967552766963308e+01
4.602168086296093463e+01
4.615410178780415862e+01
4.642551736118529249e+01
4.663521006566446658e+01
4.686145926747660440e+01
4.694632034551870703e+01
4.710245813568351281e+01
4.731311200412373097e+01
4.758973248907395970e+01
4.768211622346050405e+01
4.783711410102006312e+01
4.811934019182580613e+01
4.816240766476986579e+01
4.841479871215715747e+01
4.851496427250303611e+01
4.866434230342017031e+01
4.885200047437672310e+01
4.906459757737676597e+01
4.928049322474777227e+01
4.929513816347514421e+01
4.952117274024983828e+01
4.966660455169154176e+01
4.986984056574352309e+01
5.003160129811557510e+01
5.014713950108209417e+01
5.026531728530394361e+01
5.051029659838282271e+01
5.062199298260864566e+01
5.086233570441335416e+01
5.103334317769571271e+01
5.111759000735258240e+01
5.128590995253551199e+01
5.140253954615469212e+01
5.156105334819488206e+01
5.168146688781886411e+01
5.184158588359967013e+01
5.203070932151435102e+01
5.216278475009212912e+01
5.229797391879004920e+01
5.250001403981876535e+01
5.256355394316187102e+01
5.265558244029840296e+01
5.283196030501386531e+01
5.293125606458407617e+01
5.312137916306323149e+01
5.328595485230076179e+01
5.335669608824641585e+01
5.340852691993631396e+01
5.359465102053221131e+01
5.382089102874076048e+01
5.395561266605440665e+01
5.416028059896429170e+01
5.429907354827061994e+01
5.442212539837294827e+01
5.452308666391186875e+01
5.480109771429709298e+01
5.504105738945683868e+01
5.516466840260000737e+01
5.534628033717580564e+01
5.552410117521240807e+01
5.565916831814440968e+01
5.586976851730144489e+01
5.599673341284968586e+01
5.624218270688496801e+01
5.637446366650044638e+01
5.657093553729379920e+01
5.678654257419590579e+01
5.695711265533604006e+01
5.708698208694006127e+01
5.728662180604518284e+01
5.747794070766767760e+01
5.763634333142169197e+01
5.788935111987879623e+01
5.790368921472268937e+01
5.801700457099985897e+01
5.820388979929770557e+01
5.833097597648556842e+01
5.840520065406919770e+01
5.853207161786676949e+01
5.865083589143247877e+01
5.873278523774212090e+01
5.889070711346268894e+01
5.899913901221407997e+01
5.912098069438296477e+01
5.922061375167027109e+01
5.939479780763550565e+01
5.950504496415749145e+01
5.959940732030275257e+01
5.975592604908882777e+01
5.989480916686151346e+01
6.002826271755507292e+01
6.016049242920720275e+01
6.027242381813610450e+01
6.042414906030923305e+01
6.052498535595461249e+01
6.069084293765682503e+01
6.089136745895818592e+01
6.103114084795907957e+01
6.116468490228744770e+01
6.121885806192544521e+01
6.134427911357404639e+01
6.146432730588662707e+01
6.162841825316508704e+01
6.177410966991229202e+01
6.190557807760863795e+01
6.204798186489351508e+01
6.211119194552924938e+01
6.222834584969110949e+01
6.229382866849616818e+01
6.246340803507967365e+01
6.253903173173971908e+01
6.261602145849359857e+01
6.264922691772113694e+01
6.278902803694212764e+01
6.289245768408633808e+01
6.297112958215051037e+01
6.307804207046541478e+01
6.309202700012131260e+01
6.322156631152041939e+01
6.330068516794458588e+01
6.329699415613254843e+01
6.333567859195228777e+01
6.344170858250255662e+01
6.344441426012510732e+01
6.351939896530944907e+01
6.343274600618657644e+01
6.367009805516878629e+01
6.374337616837609488e+01
6.371050012111926009e+01
6.375569397515108250e+01
6.380442422963636773e+01
6.392425217984175845e+01
6.395446488894742032e+01
6.403099707124206930e+01
6.409510140499106967e+01
6.412335965229937074e+01
6.414623526870651915e+01
6.419497825832576154e+01
6.425985416564763852e+01
6.429858937652011264e+01
6.433918363831918441e+01
6.434726105885587799e+01
6.436844891223799436e+01
6.440025557777977383e+01
6.450233404372033874e+01
6.452602337025618340e+01
6.462838752946086629e+01
6.467235174883144566e+01
6.471968064939738952e+01
6.466554376375719926e+01
6.475490211244535033e+01
6.474331651421729816e+01
6.479276754910216596e+01
6.490760804482803792e+01
6.488090699188229848e+01
6.497061047223769492e+01
6.500320405600565721e+01
6.504078894868152361e+01
6.512323733784218405e+01
6.514556429506669133e+01
6.523506141263534630e+01
6.529820743960320328e+01
6.539347485877964061e+01
6.542808951570972908e+01
6.552840936086420243e+01
6.552717654336862552e+01
6.561369490588394626e+01
6.566052382811584209e+01
6.571572428354461692e+01
6.578560279786219667e+01
6.583655619969714223e+01
6.593618800192042784e+01
6.605332048000167333e+01
6.617281927860851454e+01
6.618181228967782204e+01
6.629190542929306673e+01
6.636393630813628874e+01
6.643003002324051920e+01
6.646305907694046766e+01
6.654088432496931205e+01
6.665016623536691043e+01
6.661078039602290346e+01
6.674873348752370816e+01
6.677448307953282836e+01
6.682935378094154544e+01
6.698970834286913600e+01
6.694867719460719968e+01
6.703876018458251451e+01
6.701591708534475345e+01
6.699407295997046674e+01
6.701012371109061405e+01
6.703813502479778208e+01
6.706385134875684173e+01
6.710973923154128329e+01
6.710006155556403939e+01
6.712032322978434706e+01
6.719994696153469249e+01
6.723825121228283308e+01
6.725854824795317199e+01
6.723609847650725158e+01
6.737051833737768902e+01
6.741949226156030761e+01
6.749159212632885385e+01
6.759118760917930047e+01
6.769221156497786751e+01
6.785998122257194609e+01
6.792465401999133690e+01
6.799341710394458005e+01
6.815519807673307184e+01
6.822501762424650451e+01
6.831667727988023842e+01
6.845979080234378955e+01
6.856089303917534039e+01
6.870959575885926540e+01
6.883161596345148325e+01
6.897596695473751538e+01
6.909315611295328097e+01
6.921436526536675160e+01
6.926797858045705425e+01
6.933808016573783561e+01
6.945062747158029026e+01
6.952689431380092344e+01
6.964891733694899756e+01
6.976136677391042440e+01
6.982053152638914639e+01
6.987305371150820577e+01
6.998676726433906481e+01
7.009205642084945964e+01
7.025538793014710848e+01
7.026700046533717625e+01
7.039743617359695804e+01
7.044799387508615496e+01
7.051562164718104952e+01
7.065014748175707382e+01
7.070930713708585813e+01
7.080176055306375815e+01
7.084645393159105708e+01
7.092953043318631501e+01
7.098251921288607491e+01
7.104878699322975422e+01
7.111963255864675659e+01
7.118027474843768232e+01
7.128174730688017746e+01
7.129155898722794404e+01
7.139822515568971539e+01
7.136852631763237298e+01
7.147349221690609511e+01
7.151051198999030589e+01
7.155372782649040175e+01
7.157915769630322700e+01
7.165830024703983270e+01
7.165373863271496191e+01
7.163621938795148480e+01
7.166913197574388050e+01
7.171480376053717976e+01
7.164213087737323349e+01
7.168523885942509821e+01
7.172785301159917992e+01
7.173841362919546327e+01
7.180182033508103245e+01
7.177952846020835409e+01
7.173202615955284500e+01
7.174815439088291669e+01
7.179011257432971149e+01
7.182609899642265816e+01
7.180654246147959441e+01
7.189289338420655895e+01
7.189306711910477077e+01
7.195395892360554058e+01
7.203000462836736517e+01
7.200851604673361805e+01
7.208963713232536463e+01
7.215043056022966539e+01
7.212052803652646560e+01
7.220964962375074947e+01
7.228261431064207443e+01
7.232418802036329453e+01
7.237411120463168857e+01
7.244520242371926599e+01
7.243653386014440798e+01
7.248685788210389092e+01
7.251437691642649952e+01
7.253239177221337286e+01
7.255471394202285751e+01
7.256037901815790292e+01
7.260396133430448629e+01
7.267884991660132243e+01
7.274452637050575277e+01
7.273848074547949238e+01
7.276397231046270520e+01
7.284161103297614659e+01
7.288004781107436258e+01
7.290382326022628945e+01
7.296615392690721080e+01
7.303675950733450861e+01
7.311373824638383212e+01
7.312781623820258403e+01
7.322397063296207875e+01
7.326632451360633524e+01
7.328073657339761837e+01
7.338343371815001603e+01
7.342271195166772202e+01
7.351657712664986377e+01
7.360521980111616358e+01
7.364668634044024031e+01
7.377720989013715780e+01
7.379108117281511170e+01
7.377128590089785121e+01
7.385759879679118001e+01
7.400938450159483750e+01
7.403173393780275546e+01
7.408269602744493909e+01
7.417364787101874413e+01
7.430156336173372722e+01
7.445267099982645220e+01
7.448517834040001162e+01
7.458425510243735346e+01
7.463777223343912226e+01
7.464711420592776392e+01
7.467811161673542131e+01
7.473860272611935329e+01
7.483418418329151223e+01
7.487743970777225400e+01
7.502340699252474110e+01
7.502074545923889559e+01
7.505131443646921241e+01
7.509499010063386493e+01
7.510584531944195419e+01
7.517877173478564146e+01
7.523608690957405543e+01
7.523688627449276112e+01
7.531692395148624541e+01
7.532835723416924623e+01
7.532501149543428198e+01
7.551170398951549600e+01
7.559058427819508097e+01
7.566901166957110547e+01
7.579162159729445136e+01
7.584359283201615654e+01
7.600550679441856516e+01
7.609927329059973999e+01
7.617250607033732024e+01
7.626088631851949629e+01
7.634482265170039739e+01
7.628185733968076931e+01
7.638661277633919156e+01
7.640616830133463111e+01
7.640129144408369655e+01
7.643212032012149848e+01
7.646936218661123519e+01
7.652155963026268637e+01
7.652693039298866040e+01
7.651698815895451844e+01
7.657831693836514830e+01
7.664381851942786739e+01
7.669404608941788126e+01
7.673365166601386989e+01
7.672346792600252741e+01
7.676742759744563216e+01
7.673278519395013575e+01
7.674754329232807493e+01
7.682191589116884245e+01
7.681237721134985463e+01
7.686024686101990255e+01
7.686114093778598999e+01
7.685515748445979511e+01
7.693707042701099397e+01
7.700231277169449129e+01
7.706021390181322772e+01
7.713963369374978640e+01
7.721463069705431792e+01
7.724061923316756406e+01
7.729599152253689454e+01
7.740634441005947508e+01
7.749084570088427881e+01
7.756136003597538320e+01
7.766769037434301026e+01
7.783040613681644970e+01
7.788859876134314675e+01
7.796290063848262264e+01
7.802367939407369590e+01
7.807378583740383249e+01
7.814519595053781131e+01
7.820449506512323978e+01
7.827056816858794264e+01
7.832949686171197357e+01
7.837649930013340338e+01
7.843964934107991382e+01
7.846734117355887861e+01
7.860602427054193697e+01
7.867695433076688971e+01
7.875051022269030909e+01
7.880314205556953766e+01
7.885986436310710701e+01
7.892856854479698825e+01
7.901592448847301853e+01
7.902746843548365518e+01
7.912446686703704302e+01
7.916266600563648126e+01
7.917525110626920082e+01
7.926781425339515863e+01
7.931855534079323888e+01
7.934607447380038536e+01
7.943256948755779945e+01
7.953944415835913162e+01
7.955898790260866349e+01
7.962861400938427892e+01
7.969987786886589731e+01
7.973024544571231331e+01
7.985371164002484079e+01
7.989147188365059549e+01
7.993012256950204630e+01
7.988849044917189701e+01
7.988039920183872766e+01
7.994900367054408719e+01
7.998626486260825175e+01
8.001850885141907099e+01
7.999524593429622144e+01
8.001661655324096500e+01
7.999336736431109784e+01
8.005399055017745980e+01
8.003264670649016921e+01
8.008863397120306615e+01
8.008473725483715100e+01
8.004107922656619678e+01
8.008277092651839268e+01
8.012478623689943902e+01
8.019928946590643193e+01
8.018472655238119273e+01
8.029415641519142355e+01
8.032117338636120962e+01
8.035690535668261703e+01
8.041565646225002695e+01
8.045092359772112900e+01
8.043061602871561888e+01
8.044665042475085670e+01
8.048788378625573614e+01
8.043495941519094572e+01
8.049009639021679163e+01
8.052021634936853900e+01
8.054481564200834498e+01
8.062167870364000066e+01
8.062993966207467622e+01
8.064280866329480091e+01
8.058718074582550628e+01
8.063159533436198956e+01
8.067645372327822884e+01
8.072491205181833607e+01
8.071020621165357056e+01
8.078512947757681673e+01
8.081103955816426776e+01
8.082340173449875920e+01
8.092657886652757782e+01
8.105613212934864009e+01
8.102597181548070182e+01
8.099964824946570729e+01
8.108775200213088397e+01
8.104065910209173751e+01
8.107353024460331881e+01
8.117008121576805024e+01
8.118390583666206339e+01
8.123179291927317536e+01
8.127274248372235377e+01
8.128974045987898478e+01
8.128819859356471511e+01
8.130824421214947506e+01
8.128170943056613851e+01
8.124093166909663921e+01
8.127005186430186257e+01
8.125526271087392161e+01
8.129477374153027824e+01
8.125244417275689557e+01
8.122893854357292298e+01
8.123191622908102261e+01
8.119202984768159581e+01
8.128912300101013955e+01
8.133196834960730826e+01
8.143039875891993518e+01
8.143492232956882049e+01
8.143808830571430235e+01
8.147936184620482436e+01
8.152354471603618435e+01
8.151508968179209091e+01
8.152487261203121705e+01
8.158352221228500412e+01
8.159906003696190169e+01
8.158432008606979480e+01
8.161511322082088782e+01
8.167623329770948715e+01
8.169471448291018589e+01
8.177082684952242175e+01
8.170169337609661397e+01
8.177221306069033346e+01
8.180053268728400440e+01
8.179508307046441473e+01
8.188328683773191585e+01
8.192247976352834371e+01
8.195631916236611403e+01
8.196065272339122032e+01
8.195175461285974450e+01
8.197810956154623341e+01
8.195857689320672534e+01
8.198894665852334640e+01
8.196145028160610480e+01
8.194268471624579320e+01
8.199030529204659956e+01
8.203905049307805086e+01
8.207455314124321433e+01
8.216616361140580693e+01
8.219512988233674378e+01
8.221585460051836947e+01
8.230204370432196015e+01
8.232628751428893565e+01
8.235931731008487588e+01
8.243391865922076533e+01
8.245147850628843855e+01
8.247916362709746352e+01
8.256092040012924826e+01
8.258567032563088617e+01
8.256645780222700637e+01
8.260001075087832589e+01
8.263719614525643919e+01
8.261803705558658351e+01
8.266804499739042456e+01
8.275231492545813694e+01
8.271018770049322200e+01
8.272471200042274120e+01
8.279120044939695333e+01
8.278130287407273613e+01
8.279682076258126244e+01
8.283225221958051065e+01
8.278350546580237790e+01
8.284101671336415507e+01
8.281233395704724387e+01
8.276343112209011110e+01
8.286403537626738114e+01
8.284483927787755420e+01
8.288575004346927244e+01
8.289068719983536937e+01
8.288511355022390603e+01
8.290706777269051031e+01
8.285843314018131878e+01
8.291874797669910890e+01
8.290123752424948123e+01
8.294769962270954977e+01
8.301047320323995393e+01
8.307204102470112161e+01
8.306884879724142934e+01
8.308348989306369958e+01
8.315496502082815766e+01
8.316324249932220880e+01
8.319585930732367274e+01
8.322806220889341944e+01
8.326790991580044476e+01
8.332160271361888704e+01
8.330924046466536481e+01
8.341384142379240529e+01
8.342262265083942907e+01
8.340930847137964577e+01
8.342715889503676863e+01
8.345970036752819965e+01
8.337652128478876534e+01
8.338410521874303072e+01
8.333871383094913199e+01
8.330469472469414427e+01
