nan
nan
nan
nan
1.767608770590739766e+02
1.737504817371715262e+02
1.722973334196101405e+02
1.712802310112380439e+02
1.696104678667395547e+02
1.685523693144443769e+02
1.674977264654410760e+02
1.666013815062412391e+02
1.657846208060604170e+02
1.649841172698351386e+02
1.640051001763001182e+02
1.632145367243354599e+02
1.624957407231871116e+02
1.617684005569874728e+02
1.611429888634588394e+02
1.603970250751968649e+02
1.597520031917176766e+02
1.590927658213601603e+02
1.583978332330287344e+02
1.577940127118787927e+02
1.571300859674366848e+02
1.565829519809854276e+02
1.558726314838339988e+02
1.553013110065392368e+02
1.547602811192777779e+02
1.542120141382904421e+02
1.536204889880647215e+02
1.530405450373885969e+02
1.524398074454784080e+02
1.519125860217588979e+02
1.513814933091784951e+02
1.509213323669142994e+02
1.503517056259466642e+02
1.497977290608959606e+02
1.493130353669868953e+02
1.488195251080696835e+02
1.484512213837148806e+02
1.479147545825549912e+02
1.473828273290870641e+02
1.468569525343348516e+02
1.464160465801139424e+02
1.460715694585543645e+02
1.455763147975330583e+02
1.450419603463909368e+02
1.446097495148530356e+02
1.441748971836188389e+02
1.437780745519444565e+02
1.433756106799065435e+02
1.430007855013194273e+02
1.426602772997889588e+02
1.422925300412630634e+02
1.418875881952336897e+02
1.415994613824254600e+02
1.411955796658687348e+02
1.408456231876811842e+02
1.405186708343230464e+02
1.402281326559345871e+02
1.398902817801440790e+02
1.395278260056550153e+02
1.391017898740552141e+02
1.388133458417649138e+02
1.384507899340608503e+02
1.382044077382626313e+02
1.378927406441436574e+02
1.375187450102372395e+02
1.371021581944878562e+02
1.368555875475362598e+02
1.365654550908229226e+02
1.362812926291701956e+02
1.360021058536764542e+02
1.357358298002000936e+02
1.355184520594908690e+02
1.352849785854450886e+02
1.350790296175286187e+02
1.348395421423803100e+02
1.345897356806482037e+02
1.344255655885955889e+02
1.342230719932201737e+02
1.340398501091437424e+02
1.337628063821592832e+02
1.335216764500487159e+02
1.333500171096258669e+02
1.331725414937050971e+02
1.329849894938793113e+02
1.328300122988729584e+02
1.325956987536557108e+02
1.324399574670839002e+02
1.323081644063004774e+02
1.322381224763368266e+02
1.321101286635700944e+02
1.319895153805487098e+02
1.318509066135091246e+02
1.316915697489609443e+02
1.315470473914710396e+02
1.314504922339943107e+02
1.313488447289056751e+02
1.313083980188598616e+02
1.311891552455701913e+02
1.310677721463255523e+02
1.309656397867061060e+02
1.308804224827564440e+02
1.308147180448235645e+02
1.307301502517552194e+02
1.306571758959946976e+02
1.306113741839675129e+02
1.305580172315412142e+02
1.305210566178051295e+02
1.305382046895899748e+02
1.304547470920088301e+02
1.304299543691359702e+02
1.303588491624920778e+02
1.303204189639024264e+02
1.303734360638457872e+02
1.303572297729798208e+02
1.303112695186588894e+02
1.301656694232525240e+02
1.300910925768480979e+02
1.301256882467094158e+02
1.301400236568803166e+02
1.301970918626061291e+02
1.302132474260707795e+02
1.300479547682758152e+02
1.300506963735255113e+02
1.300390898210067689e+02
1.300686636801740690e+02
1.301293339527774435e+02
1.301033834927438022e+02
1.300876834832236284e+02
1.300751230467240589e+02
1.299953012910272889e+02
1.300169126884114235e+02
1.301153874623354909e+02
1.300753390599165016e+02
1.300511226812876373e+02
1.300594189453257741e+02
1.299818621181655658e+02
1.300040684018222805e+02
1.299763330407767796e+02
1.299196479121585242e+02
1.299217467743164889e+02
1.299251916134383293e+02
1.298102274498570239e+02
1.297732165253507617e+02
1.297191986743332279e+02
1.296745644834607845e+02
1.296163635942386634e+02
1.295194777096276368e+02
1.296080384716879905e+02
1.295845145553738860e+02
1.295689665825243537e+02
1.295400770595388451e+02
1.294916368370620319e+02
1.295232413467275023e+02
1.295031567309204377e+02
1.295359919228465344e+02
1.295227348104863268e+02
1.294382964369734452e+02
1.294621473113393506e+02
1.294800537599552399e+02
1.295584951462337528e+02
1.296226133226149102e+02
1.296851291478398593e+02
1.296507951933787126e+02
1.297008151695376910e+02
1.297878410697831555e+02
1.298165363937107770e+02
1.298835489427172547e+02
1.299272759438752018e+02
1.299265413577656432e+02
1.300226323324890814e+02
1.300054529035878659e+02
1.300228300967179678e+02
1.300551862179353293e+02
1.300326758801654137e+02
1.300925578455786251e+02
1.300852416262577549e+02
1.300823295017103760e+02
1.300913509804636305e+02
1.300455741032447179e+02
1.300889487851800084e+02
1.301170784081445220e+02
1.300690085505461013e+02
1.300996437099984178e+02
1.300992138001586511e+02
1.301313462443650337e+02
1.301428318840238489e+02
1.301924733428748198e+02
1.302324809183224659e+02
1.302578153234086358e+02
1.303405424265553165e+02
1.304047430143365034e+02
1.303766554280052787e+02
1.304070784331421748e+02
1.304352939557658715e+02
1.304970075542795485e+02
1.305527556624731460e+02
1.305599485698351145e+02
1.306148703824145514e+02
1.306099664439373385e+02
1.306707235989055675e+02
1.306939125412497447e+02
1.307146215281671289e+02
1.307694653812328909e+02
1.308408941111279091e+02
1.307992371757950423e+02
1.308790813718754578e+02
1.308693997498544945e+02
1.309360460750906441e+02
1.308551057741443344e+02
1.309089587268171613e+02
1.309048609444920146e+02
1.308673653297149144e+02
1.308512144256413023e+02
1.307468894028719149e+02
1.307714833187604881e+02
1.307663635678796084e+02
1.306801895618338278e+02
1.307034579263341243e+02
1.305698510587030796e+02
1.305446076975318590e+02
1.305147805201809206e+02
1.306104778827601933e+02
1.305991248162987119e+02
1.305784381361088720e+02
1.305307139920854809e+02
1.305782035496051776e+02
1.306195558415693370e+02
1.307047981574805249e+02
1.307938699352778542e+02
1.308221432798647754e+02
1.308801709633289079e+02
1.309636227757268898e+02
1.309781136426445585e+02
1.310591956466102772e+02
1.310444536365967281e+02
1.310992252104087186e+02
1.310770170907192664e+02
1.310759968090348764e+02
1.311651394674489950e+02
1.310881094060442251e+02
1.311099597391822442e+02
1.311169180131900873e+02
1.311040934503995459e+02
1.310809773736855846e+02
1.310352583974025151e+02
1.309947387065782038e+02
1.309760912944697964e+02
1.310147426000997086e+02
1.310011334674485113e+02
1.309673261357114313e+02
1.308691114954747832e+02
1.308990415257576956e+02
1.309455437500631092e+02
1.309156026591810758e+02
1.308957151791146316e+02
1.309331157022708112e+02
1.309215327099335582e+02
1.308872371467443543e+02
1.309152464092336743e+02
1.309007427737202249e+02
1.308605848630211597e+02
1.308617586103738972e+02
1.308638700812727222e+02
1.307897214502245049e+02
1.307966948745275317e+02
1.307545842770699949e+02
1.306916388361348140e+02
1.306827608173185808e+02
1.306734020517137083e+02
1.306689196991332835e+02
1.306415746882700830e+02
1.306562436432351149e+02
1.306511784597115877e+02
1.306866470940609872e+02
1.306893207770192191e+02
1.306504461792453640e+02
1.306265030858003229e+02
1.306723214529047539e+02
1.307832959494558906e+02
1.307185264026555842e+02
1.307445811385876766e+02
1.307269465754505688e+02
1.307261559751006814e+02
1.308090531947758848e+02
1.307958196686556391e+02
1.308477084655241356e+02
1.308364253267289712e+02
1.308326646219935014e+02
1.309077815866929200e+02
1.308872165991143390e+02
1.308963326660266659e+02
1.309804115843155614e+02
1.310246725268769978e+02
1.310563138569661135e+02
1.310724405136119799e+02
1.311687014134352012e+02
1.311264568535826811e+02
1.311656411604361381e+02
1.312718577824650197e+02
1.313078146602507559e+02
1.313440064827026106e+02
1.313863162984342523e+02
1.313710549255556259e+02
1.314155191085124557e+02
1.314849406137060726e+02
1.315364651434344125e+02
1.315728056299988680e+02
1.315801543409181704e+02
1.316342160179161169e+02
1.316292352696300725e+02
1.316683514019574943e+02
1.316147741990602071e+02
1.315521622788314744e+02
1.315842178384523606e+02
1.315809542941643429e+02
1.315230008684804091e+02
1.315311239170835620e+02
1.315092730581160652e+02
1.314791214071621539e+02
1.315476905036092603e+02
1.315986664814859637e+02
1.315459983840261202e+02
1.316156807250660563e+02
1.316356810258281769e+02
1.316836585815025842e+02
1.317732543826283518e+02
1.318387456750359945e+02
1.318901334494015316e+02
1.319034272757856172e+02
1.319327826864571875e+02
1.320181644892045369e+02
1.320042613542665322e+02
1.320461580518158087e+02
1.321024505660998329e+02
1.320974366758593135e+02
1.321427965178228874e+02
1.322004171680835327e+02
1.322054006591259281e+02
1.322189945120905463e+02
1.322873378164196083e+02
1.322605109693961083e+02
1.321798313317071916e+02
1.321503627129342533e+02
1.321334857686007069e+02
1.320961016940910895e+02
1.320453737380903760e+02
1.320114005007062588e+02
1.319697840454487334e+02
1.318939510565259070e+02
1.319094998858992938e+02
1.318524181754391691e+02
1.319167639329488395e+02
1.318054883316594612e+02
1.318438289654646951e+02
1.319108168096571205e+02
1.319928964363679711e+02
1.320316936217243153e+02
1.320665430197283285e+02
1.320600759136085856e+02
1.321187775075203490e+02
1.321689887690444607e+02
1.322021133885326947e+02
1.322096786526753363e+02
1.321687022145712831e+02
1.322607375342151386e+02
1.322885167358795968e+02
1.322700805158228832e+02
1.321711582550287574e+02
1.322235550459311071e+02
1.321300490059302604e+02
1.321448192489313271e+02
1.320683564539199608e+02
1.320848567594051133e+02
1.320489705039799730e+02
1.320160840341170001e+02
1.319939273174080654e+02
1.320219592538556981e+02
1.319639650831259701e+02
1.319753222031649216e+02
1.318617011401931620e+02
1.318793227419144500e+02
1.318322816287657417e+02
1.318671925514475731e+02
1.319248906926000018e+02
1.319159751338732747e+02
1.318704276034489453e+02
1.319220367214283840e+02
1.319140240411037155e+02
1.319682072940196917e+02
1.319285808885838662e+02
1.319041598888122735e+02
1.319954492919155769e+02
1.320927742933005220e+02
1.322025714878430733e+02
1.322152609691854082e+02
1.322827154179517208e+02
1.321908718552650726e+02
1.322429866461108361e+02
1.323071855649064617e+02
1.323369178158315549e+02
1.322243958135370860e+02
1.322765766118789941e+02
1.323112823285070476e+02
1.322942909054538347e+02
1.322517827832209889e+02
1.322441421819375478e+02
1.321729667663390728e+02
1.321730281671442810e+02
1.321680554036784940e+02
1.322000335560232145e+02
1.320668901173073380e+02
1.320780777862275954e+02
1.320979286805104778e+02
1.321089994010594069e+02
1.320798099024517285e+02
1.319711480661066503e+02
1.319190321997647004e+02
1.318239503630458103e+02
1.318135518385500404e+02
1.318703747095966605e+02
1.318536014262546132e+02
1.317407908442513644e+02
1.316911432305921039e+02
1.316227568934613714e+02
1.315922215176637451e+02
1.316311346773851199e+02
1.315327493622715451e+02
1.314860728536893646e+02
1.314332540986227400e+02
1.314085201910277192e+02
1.313821519338514747e+02
1.313033049507761518e+02
1.312506788865600527e+02
1.312555888689818175e+02
1.311969607258843951e+02
1.311331605629309536e+02
1.311657410809960140e+02
1.311257230887162848e+02
1.310648021209954095e+02
1.309506106240869769e+02
1.309180798448665826e+02
1.308355216754129913e+02
1.308361900313338140e+02
1.308341944964288075e+02
1.307860476998056640e+02
1.307217827030030151e+02
1.306917723527138264e+02
1.305990881038258919e+02
1.306246620747178611e+02
1.305988702346105015e+02
1.305754111380918232e+02
1.304734837015835467e+02
1.303076116305448977e+02
1.302980045886199321e+02
1.302710679215317953e+02
1.302528364294788616e+02
1.301712633005255952e+02
1.300623096197079747e+02
1.299859249343277270e+02
1.299782551006768188e+02
1.299933179189084171e+02
1.299936384289618445e+02
1.298641483751356418e+02
1.297935593817023232e+02
1.297888807841836751e+02
1.297555753390534505e+02
1.297266944841051668e+02
1.296296471077511114e+02
1.296014666324379618e+02
1.295795342012503397e+02
1.295601250495058139e+02
1.294345250153176323e+02
1.293797077911314659e+02
1.293438913881218753e+02
1.293029303698202739e+02
1.292690522085460714e+02
1.291650198424687233e+02
1.290908935613414030e+02
1.290654732064252528e+02
1.289822858552645926e+02
1.289196591869570909e+02
1.288753172793551869e+02
1.288293744203199083e+02
1.287869319007562297e+02
1.287284004254805723e+02
1.286695215379940294e+02
1.286762814342897343e+02
1.287113450317566787e+02
1.286104301606198135e+02
1.285547724522463682e+02
1.284918530429297618e+02
1.284656467986213784e+02
1.284471300095149502e+02
1.285503541010018296e+02
1.285563062551725295e+02
1.285468261046187308e+02
1.284796746990983252e+02
1.286083451792220842e+02
1.286220980037059860e+02
1.287681460792113342e+02
1.287702752077157982e+02
1.287436895079491705e+02
1.288279046450212491e+02
1.288491042286383106e+02
1.289365262473321820e+02
1.289510940170405888e+02
1.289664035168364364e+02
1.290174811800881116e+02
1.290936562818786797e+02
1.291721539103315877e+02
1.292647427105568170e+02
1.293733834616438401e+02
1.293948214925278819e+02
1.294375626948585989e+02
1.295446256291987481e+02
1.296296879361800336e+02
1.297377542730541791e+02
1.297701764365190229e+02
1.297780461745732623e+02
1.298153570974763795e+02
1.298871154862734727e+02
1.299010263139821291e+02
1.299860635083952332e+02
1.300383411525058364e+02
1.300581886664754734e+02
1.300930954794959575e+02
1.300779346274023567e+02
1.301018198738983642e+02
1.301562381469456398e+02
1.302624861483201641e+02
1.303048191527780943e+02
1.303404773542400790e+02
1.303304163502842812e+02
1.304433482625698275e+02
1.304230676501634605e+02
1.304782321901828652e+02
1.304469915385289767e+02
1.305165534284852811e+02
1.304862324733892081e+02
1.305114587710153558e+02
1.305124235039218661e+02
1.304937021810749798e+02
1.304781926048232492e+02
1.304459149514346166e+02
1.304564307207061233e+02
1.306234814745029098e+02
1.305977201364276823e+02
1.306017820684205901e+02
1.306138442831331474e+02
1.305515944036830831e+02
1.305439003701508796e+02
1.305143479421157338e+02
1.305013018341167026e+02
1.304903515227677815e+02
1.304090478261588828e+02
1.303785627381852805e+02
1.303574419088334366e+02
1.303298262805710408e+02
1.302854989761740683e+02
1.302713683216033473e+02
1.302054092598569355e+02
1.302110000716996581e+02
1.302172139434138955e+02
1.301290274652988614e+02
1.301104075051086397e+02
1.301252670309501696e+02
1.301800750975734218e+02
1.301803110718383323e+02
1.301053539466272468e+02
1.300211786205591977e+02
1.300202152941267002e+02
1.301042257799009008e+02
1.300929945519324349e+02
1.301040562239175529e+02
1.300993349557813303e+02
1.300271001329381875e+02
1.300957292714484197e+02
1.301282665401861607e+02
1.301740686040889159e+02
1.302779896954880599e+02
1.302802044553444034e+02
1.302151905544248223e+02
1.301397742745786275e+02
1.301486303669913127e+02
1.301570933804179333e+02
1.300942867497106192e+02
1.300496621767983640e+02
1.300787880084270398e+02
1.299774694766274763e+02
1.299309928814602699e+02
1.299170496214134403e+02
1.299104212410396997e+02
1.298463046406237424e+02
1.298167134103604781e+02
1.297612525301242385e+02
1.297911966840058255e+02
1.297685436058255846e+02
1.297243670747219824e+02
1.297075324055090562e+02
1.296361759591412124e+02
1.295683722791634409e+02
1.295653086005555679e+02
1.295756624278569120e+02
1.295520705669211736e+02
1.295484865749332641e+02
1.295018687117749323e+02
1.294868946089491146e+02
1.295609904026867980e+02
1.295861961988971416e+02
1.295868423462085275e+02
1.295691775525328637e+02
1.295352713014681285e+02
1.295594389049359165e+02
1.295691128461340043e+02
1.296193252649866849e+02
1.295583508165868807e+02
1.295798021220097951e+02
1.295851617719320927e+02
1.295182783850186752e+02
1.295101243930148769e+02
1.295365293400562905e+02
1.295462777882342493e+02
1.295300807577884825e+02
1.295263090605937180e+02
1.296026294298612527e+02
1.295723369605374558e+02
1.296272347189536731e+02
1.296270967164520869e+02
1.296980590600136054e+02
1.296920476187978863e+02
1.297879380226159185e+02
1.297396939434523233e+02
1.297370842912814055e+02
1.297822290628829762e+02
1.297171895243434392e+02
1.297261382483979162e+02
1.297093492891640381e+02
1.297616894792200810e+02
1.296738880495772435e+02
1.296679389234654423e+02
1.295794489101605222e+02
1.296409601998339838e+02
1.295976680871671647e+02
1.296288765652008692e+02
1.295921828277259067e+02
1.295873923734444872e+02
1.295776818274436266e+02
1.295988715024335534e+02
1.296409324523303894e+02
1.296406706886181723e+02
1.295704429469850538e+02
1.295601021152554040e+02
1.296151968711311042e+02
1.296519765488913265e+02
1.296737979996898673e+02
1.297149171790618993e+02
1.298143051502711671e+02
1.297889615834536698e+02
1.297859651668458127e+02
1.298489750438382657e+02
1.297723927205822179e+02
1.297620372998414666e+02
1.297698292697250508e+02
1.298013783466886082e+02
1.297465821468301783e+02
1.297684596702784461e+02
1.298286690885816483e+02
1.298327505942409914e+02
1.298121391840796548e+02
1.298390460119773024e+02
1.299226467078087524e+02
1.300291247343173495e+02
1.299601127443107487e+02
1.300208729248446389e+02
1.301007400548062378e+02
1.300937937717523596e+02
1.301059490980006501e+02
1.300799382888520768e+02
1.301313533349905924e+02
1.301744343876513881e+02
1.301920400239781657e+02
1.301944383785596813e+02
1.301615095546814871e+02
1.302065702683614177e+02
1.302450782103292966e+02
1.302525757711167387e+02
1.302579894479224549e+02
1.303194836114572013e+02
1.302862822554459683e+02
1.304122867283967082e+02
1.304949156065530360e+02
1.304512348205429930e+02
1.305019024857224395e+02
1.305176533733377369e+02
1.306068415971553520e+02
1.306464877417049308e+02
1.306906134051353092e+02
1.306567775676216741e+02
1.306768012541694191e+02
1.307491469084085907e+02
1.307980945610632091e+02
1.307370120279490209e+02
1.307997617070666649e+02
1.308715637035623445e+02
1.308353091960542258e+02
1.308589993866820578e+02
1.307768328916722567e+02
1.307627859655356986e+02
1.308278665457094689e+02
1.308894410908541772e+02
1.308053056759638935e+02
1.308214362080039450e+02
1.308062088502013296e+02
1.308113903523036186e+02
1.307595959797126000e+02
1.306779768021309565e+02
1.306227438324001184e+02
1.305709170279276634e+02
1.304142693333624550e+02
1.303305782109086692e+02
1.302491391215474437e+02
1.301051239710545815e+02
1.300183799064400887e+02
1.298934729999908484e+02
1.298320824088724805e+02
1.297997125518995176e+02
1.296671686933448200e+02
1.296332129596015079e+02
1.295721966527711402e+02
1.294657262229733021e+02
1.292558085400767141e+02
1.292547820089752975e+02
1.291541687381251506e+02
1.290873605667946151e+02
1.290449144013435614e+02
1.289490574682479007e+02
1.288995503627649271e+02
1.288890047029856305e+02
1.288959716172466301e+02
1.288149248968086624e+02
1.288952032894150079e+02
1.288948088167895492e+02
1.288546530146023485e+02
1.288140503051846224e+02
1.288553631074559007e+02
1.288334111678868794e+02
1.288992894458385763e+02
1.288768292158352153e+02
1.289768111648693605e+02
1.289342129361325533e+02
1.289061752493789186e+02
1.289530472836670185e+02
1.290726278580204394e+02
1.291129513332840588e+02
1.290892275472128858e+02
1.291268205581549182e+02
1.291442286463996254e+02
1.292352510578434703e+02
1.293579525433636945e+02
1.293639044199083230e+02
1.294248311692025197e+02
1.294104008923499975e+02
1.294828075733020114e+02
1.296168759237522465e+02
1.296842459921395232e+02
1.296823549309548582e+02
1.296491117923324055e+02
1.296770348460474622e+02
1.297061726137862934e+02
1.297475193541569638e+02
1.297318598299883945e+02
1.297892232923759366e+02
1.298793256199187169e+02
1.297994316997227884e+02
1.298040689447248042e+02
1.299000360930244256e+02
1.299388884143586154e+02
1.299855632420024563e+02
1.299576952064414002e+02
1.299138055118793602e+02
1.299718901529593325e+02
1.299453778124085090e+02
1.300468020572575369e+02
1.299639934298784851e+02
1.299478885491786855e+02
1.298616908265463792e+02
1.299032254143588432e+02
1.299422028451394056e+02
1.298357542900485271e+02
1.298654676673194501e+02
1.298165374264308980e+02
1.298281928662746054e+02
1.297821744792128698e+02
1.297404654278505518e+02
1.297052259067938849e+02
1.297294084588112355e+02
1.296203423010565530e+02
1.295836589821192604e+02
1.294963472850740516e+02
1.294322738884443709e+02
1.294399546003876083e+02
1.294029706068550922e+02
1.293490473446314013e+02
1.292828531510118353e+02
1.292621519079160919e+02
1.293094568157535775e+02
1.291887786479532849e+02
1.291964142064642260e+02
1.291222172313223382e+02
1.291065196116102811e+02
1.291194218268423128e+02
1.290798567635274310e+02
1.290563761731919215e+02
1.289801284214346992e+02
1.290287059554148072e+02
1.290084883019033555e+02
1.290073668333810701e+02
1.290131468083969537e+02
1.290352502882251429e+02
1.291058173932559328e+02
1.291333541174415132e+02
1.291858068981933911e+02
1.291684617027128468e+02
1.292203720908962339e+02
1.292840045702739076e+02
1.293261469732082958e+02
1.293825792585391241e+02
1.293354102936021661e+02
1.293421282727420305e+02
1.293628911697496164e+02
1.294610755650928695e+02
1.294288043085844890e+02
1.293753217302127325e+02
1.293071982254006116e+02
1.292940264603689116e+02
1.292969727467248049e+02
1.292859949738937928e+02
1.292174109801333657e+02
1.291292998747151444e+02
1.290616566906133755e+02
1.290805177925127225e+02
1.290124869154917917e+02
1.290192757269727792e+02
1.289237787675363620e+02
1.288830055496611919e+02
1.287902809476785819e+02
1.287149181927188692e+02
1.287017865910573846e+02
1.286270334133726578e+02
1.285342064742681885e+02
1.285155464519174302e+02
1.284496865163936548e+02
1.283826890006139081e+02
1.283832080556066728e+02
1.283373288268487613e+02
1.283414993737276859e+02
1.282446667267599310e+02
1.282118239760208667e+02
1.281732426591689489e+02
1.280125984106431360e+02
1.280227401990810279e+02
1.279905218940222511e+02
1.278811071044282102e+02
1.277947165434967900e+02
1.277681610722810035e+02
1.276629361554174977e+02
1.276384319444321278e+02
1.276133965228964939e+02
1.275860529328586921e+02
1.275327716471974497e+02
1.275364682051577461e+02
1.275876571440938392e+02
1.275277601877432829e+02
1.274893071435767951e+02
1.274608805624883985e+02
1.274359705615186584e+02
1.273952943706573393e+02
1.274180049538105521e+02
1.273850424007950579e+02
1.273577380152375298e+02
1.273000387799267514e+02
1.272182652225395998e+02
1.271516865874503139e+02
1.271170201422792871e+02
1.271143071258145909e+02
1.270053115991327388e+02
1.268809156860231582e+02
1.267737522056244899e+02
1.267377635122879411e+02
1.266828950601459240e+02
1.265127732485524774e+02
1.264450876378570712e+02
1.263955391027239727e+02
1.262974383237243075e+02
1.262310614720640700e+02
1.262676368702612564e+02
1.262157707266039779e+02
1.261028829724151166e+02
1.260417529294691406e+02
1.260260937247629158e+02
1.259104900263459967e+02
1.259110050900011828e+02
1.258560996631042315e+02
1.258029341173817670e+02
1.257752657375464480e+02
1.257444856749009006e+02
1.258190126853174746e+02
1.258072579466345786e+02
1.258331061113737661e+02
1.257718601469380530e+02
1.257963663752173602e+02
1.257841789684648433e+02
1.258237075140249459e+02
1.258681843477755962e+02
1.258868160373063603e+02
1.258591398362966203e+02
1.258990751216197879e+02
1.259363388382540165e+02
1.259707673353046147e+02
1.260621482350166218e+02
1.260715715499264320e+02
1.261040524164542802e+02
1.261109672111324898e+02
1.261013575749210816e+02
1.260632229849225325e+02
1.260307975632990463e+02
1.260348904323813599e+02
1.259938778677777123e+02
1.260295221042227212e+02
1.259947922367298503e+02
1.260169490797320435e+02
1.260456887104962362e+02
1.259985568541367797e+02
1.260601563656625217e+02
1.261114433705025561e+02
1.260897073896643121e+02
1.260454352875365629e+02
1.260641821993425538e+02
1.260898387337070830e+02
1.260499054449362433e+02
1.260787444192797722e+02
1.260426053079000326e+02
1.260423105351003841e+02
1.259773466984436396e+02
1.259650911528781307e+02
1.259411898325304406e+02
1.259621890576541716e+02
1.258423844776669398e+02
1.257788669701825626e+02
1.258171001718237392e+02
1.257643367671693113e+02
1.257499709356990536e+02
1.257638450651727169e+02
1.257646723975549463e+02
1.258127828561070487e+02
1.257686738592095281e+02
1.257744967552958428e+02
1.257534734336147153e+02
1.257581021973635131e+02
1.256794595250404569e+02
1.256638556908761188e+02
1.255923514891939448e+02
1.255689526077691767e+02
1.255484457680496178e+02
1.254916002360095177e+02
1.254887622115343930e+02
1.254886770214830563e+02
1.255216451536039415e+02
1.255436506781677934e+02
1.254790172675745623e+02
1.255095210454194898e+02
1.255446561768055176e+02
1.256196622832060399e+02
1.256839776064781802e+02
1.256561423634859267e+02
1.257065617060513176e+02
1.257047654535872567e+02
1.256934635053975171e+02
1.257038566192723721e+02
1.257691555371487198e+02
1.257482184845185174e+02
1.258115597736685487e+02
1.258442687571515677e+02
1.258681617960828731e+02
1.258902484814566094e+02
1.259647816264103994e+02
1.260521536390149748e+02
1.260172626079627776e+02
1.260481792180073768e+02
1.260450361522596268e+02
1.260387939128502381e+02
1.259975774607673173e+02
1.259780714801223382e+02
1.259620929085918135e+02
1.259821912497324803e+02
1.260207356983779761e+02
1.260769422022632398e+02
1.260619644397051786e+02
1.260930363290497240e+02
1.260780955084772756e+02
1.261159029248074575e+02
1.261136946189539429e+02
1.261466535439389105e+02
1.261174133247360487e+02
1.261398673039074509e+02
1.261959104898840422e+02
1.262161575809932827e+02
1.261697492871050201e+02
1.260721517352514525e+02
1.261217425824885794e+02
1.261113911063633708e+02
1.260714473372791673e+02
1.260758499638317147e+02
1.260622851617138451e+02
1.259934985861542600e+02
1.259745243959603016e+02
1.259724834437584349e+02
1.259437111274080792e+02
1.260007092747994903e+02
1.260114042184197416e+02
1.259845026277982072e+02
1.261010081226440747e+02
1.261131867727857809e+02
1.261812027423252403e+02
1.262288200129948024e+02
1.263075591957177011e+02
1.264369754434164150e+02
