1.571959464107088138e+02
1.556138053781508006e+02
1.560755533213376509e+02
1.496199229210995441e+02
1.455435840751352714e+02
1.413488714625553371e+02
1.414360467676712005e+02
1.404626835951467001e+02
1.421585223012292829e+02
1.428426715511872658e+02
1.431328415894042791e+02
1.383882622909149518e+02
1.384499017327074171e+02
1.377473637145033649e+02
1.362481866317933736e+02
1.356650298106595756e+02
1.336143409667384674e+02
1.388239612224450639e+02
1.450317178552564883e+02
1.437172844929862663e+02
1.352986961075118870e+02
1.316912535744363026e+02
1.359264505075248621e+02
1.357883559379074541e+02
1.381876637947509039e+02
1.360233306452241209e+02
1.367869500005959935e+02
1.381161776350560899e+02
1.393817521931357533e+02
1.345124132512599715e+02
1.405560971170944811e+02
1.495190782878571838e+02
1.503468035671357370e+02
1.457105840283627742e+02
1.442869713128631020e+02
1.453164496773705707e+02
1.425198111692763518e+02
1.364324826285195513e+02
1.393751624006691259e+02
1.358585039831387178e+02
1.360583737351125819e+02
1.402247217142632394e+02
1.375501186861283998e+02
1.379444478006861345e+02
1.287275247172986212e+02
1.265143648440797506e+02
1.306870732489660725e+02
1.376433796958691005e+02
1.366825957355304411e+02
1.422893204011394630e+02
1.441458518247407312e+02
1.471061865469270913e+02
1.454741377510542293e+02
1.422938805393528980e+02
1.432687992855978791e+02
1.391035606986984305e+02
1.299724434887893381e+02
1.260973334458356874e+02
1.259416347993111742e+02
1.297960228823999955e+02
1.312043312733657672e+02
1.316763750191469740e+02
1.336719749821571668e+02
1.344095447057113120e+02
1.305910629380388173e+02
1.306034687252167714e+02
1.339829407877171548e+02
1.329629135925247567e+02
1.338148909416653680e+02
1.391123375081216977e+02
1.375119105755749160e+02
1.375194592050310973e+02
1.355707548435888725e+02
1.347425637013516848e+02
1.282753193092214588e+02
1.336931258524173529e+02
1.383727563361607622e+02
1.330038208337904280e+02
1.333398973508909364e+02
1.340667328470900088e+02
1.295170706433976875e+02
1.320348340735644115e+02
1.357558368417987538e+02
1.324007819639464287e+02
1.347344178176414289e+02
1.358381355981939578e+02
1.381230830303669563e+02
1.369250184684358373e+02
1.275132152346970145e+02
1.292473207213935211e+02
1.245005812797367497e+02
1.273331212841085858e+02
1.249461331202455483e+02
1.310694886889796464e+02
1.358875727269611104e+02
1.380835621160042024e+02
1.303637114323254309e+02
1.289796495323779766e+02
1.276480688280146580e+02
1.227041879335485675e+02
1.261567171715901168e+02
1.285794802191412032e+02
1.319995784785763817e+02
1.300104771768289709e+02
1.280318310720326167e+02
1.219138739250963681e+02
1.248002161279378441e+02
1.303436407472234464e+02
1.292410556036084586e+02
1.298435154722554898e+02
1.347021455864340282e+02
1.343574175636940140e+02
1.295914281754124886e+02
1.293889376007652459e+02
1.199794358881986511e+02
1.222047238637762234e+02
1.152739611540583269e+02
1.151874682662125053e+02
1.211289248139835024e+02
1.237491821858814376e+02
1.265948519740286713e+02
1.280886266426464033e+02
1.279474536608704369e+02
1.256375024931043782e+02
1.258514750519990741e+02
1.282391389700654258e+02
1.275633073538217417e+02
1.282391934458267713e+02
1.284622321900457678e+02
1.269033396038018111e+02
1.224517775868408478e+02
1.208630578779027189e+02
1.308716458387157218e+02
1.336396781966354865e+02
1.296368305317010652e+02
1.363070401213248601e+02
1.348622264616705593e+02
1.332249125348061227e+02
1.339595712433976473e+02
1.285545352999967577e+02
1.251395735646644312e+02
1.260412209683999549e+02
1.288081751894574154e+02
1.269829163858202747e+02
1.150984396776157297e+02
1.086567409936330648e+02
1.253891948019493583e+02
1.270632975644585940e+02
1.241686985792918136e+02
1.282438544512118028e+02
1.297136940307794362e+02
1.223017091081702574e+02
1.174197599704978643e+02
1.146643239103410679e+02
1.209072298456203498e+02
1.225061533962933424e+02
1.242388274467330120e+02
1.268789570089801657e+02
1.299257635394913564e+02
1.290383231372161958e+02
1.265298541018716776e+02
1.308451938578348859e+02
1.314419653583333343e+02
1.311865614819936354e+02
1.260795881765958484e+02
1.249445114477473169e+02
1.287335068442185957e+02
1.318662260197115188e+02
1.336282073032534186e+02
1.365584640469692204e+02
1.332291586516971904e+02
1.314454601328581589e+02
1.343752483772222774e+02
1.338416059313966571e+02
1.333406183590753358e+02
1.370962991664516721e+02
1.363203301829331338e+02
1.398053776767615659e+02
1.419964281681776015e+02
1.429256679293584966e+02
1.388865847406333103e+02
1.430018304395686357e+02
1.442999853768366165e+02
1.379245424851536654e+02
1.404093427145678845e+02
1.374603604886945902e+02
1.402655599602022676e+02
1.327841501340276977e+02
1.307270668338895803e+02
1.299516120784638531e+02
1.260274891574231475e+02
1.327868099021262367e+02
1.404794982872104470e+02
1.394756683666002743e+02
1.393140750455414150e+02
1.334214715094815915e+02
1.322696956902329646e+02
1.350557089472031862e+02
1.333757598375424607e+02
1.344322543857511505e+02
1.314369521008788979e+02
1.319703679298084467e+02
1.301090260408023482e+02
1.327850090766845597e+02
1.369803033466187401e+02
1.397572343509293660e+02
1.332397171833387972e+02
1.334761160735134240e+02
1.306630323013447139e+02
1.308616754392558619e+02
1.337893285902966340e+02
1.338971886886528750e+02
1.286756200842971793e+02
1.305327048062153779e+02
1.307692763848409925e+02
1.286933077705516268e+02
1.224688846709391328e+02
1.277088502429644734e+02
1.282904266048160480e+02
1.289259550995728603e+02
1.279205757195818762e+02
1.342696238859578557e+02
1.367653664239032878e+02
1.357649604815968587e+02
1.370606691169033411e+02
1.359148713735229421e+02
1.347163692979203802e+02
1.380162301096380588e+02
1.348035934982966637e+02
1.319424477974279171e+02
1.278952990239519636e+02
1.252306073999890685e+02
1.267915423275501610e+02
1.230504061540914620e+02
1.238528166078301354e+02
1.296002128827830404e+02
1.272124730475534022e+02
1.239250207936406412e+02
1.264697282420819278e+02
1.275420962525058144e+02
1.325242969075108306e+02
1.317359346426790410e+02
1.297587898826172363e+02
1.314197947202275714e+02
1.291492942198680680e+02
1.244385385122419194e+02
1.293878328243215492e+02
1.288898970175362138e+02
1.236253886250715510e+02
1.244784087572417661e+02
1.233542400978432738e+02
1.277010508322067039e+02
1.203605669496119503e+02
1.165872571862669673e+02
1.135863930810635338e+02
1.149184776111935662e+02
1.139384644878554269e+02
1.159473972069359320e+02
1.218678323992728707e+02
1.215846486955840646e+02
1.302718168244432491e+02
1.296948285257959981e+02
1.269449748020782209e+02
1.271084612838578209e+02
1.319794661264942590e+02
1.265713094808568258e+02
1.284457489551798517e+02
1.297795422541128687e+02
1.343624104583245185e+02
1.280495367345927491e+02
1.314194842436253907e+02
1.329243567026367998e+02
1.312616137525774036e+02
1.252927568840365780e+02
1.266365633759791507e+02
1.290301832984044665e+02
1.314610971939085857e+02
1.268675547781455037e+02
1.279348881803433642e+02
1.288894857656034674e+02
1.287703453085930505e+02
1.323524963372285015e+02
1.311513533192308216e+02
1.276324228271195693e+02
1.318649727136338470e+02
1.274331743523697753e+02
1.246972683660393386e+02
1.253437420523655987e+02
1.283528228771358215e+02
1.286711512037979901e+02
1.302641548362844901e+02
1.326475219150812563e+02
1.315598444662287534e+02
1.315593456972390811e+02
1.322579246203895877e+02
1.312544566185926271e+02
1.293344241332165439e+02
1.279136126598907452e+02
1.290437940546439677e+02
1.268957553310741559e+02
1.263181029483054942e+02
1.198771464195569507e+02
1.201713843332326093e+02
1.191877036049191787e+02
1.283293541854039859e+02
1.320616658338159368e+02
1.343909522420559597e+02
1.346415817668508623e+02
1.364373838776856758e+02
1.347239046948198506e+02
1.306235268737642059e+02
1.278138358168293109e+02
1.190818926456090594e+02
1.165823360541839691e+02
1.266843734449695376e+02
1.272819907902064642e+02
1.290558588099806343e+02
1.293368486752830790e+02
1.253913505243989874e+02
1.283594638932448788e+02
1.299439516973776563e+02
1.308986164354958248e+02
1.305089754988160848e+02
1.307512308858244126e+02
1.285616192707008167e+02
1.189593963922466173e+02
1.213873114108582172e+02
1.257421205079992461e+02
1.321887692509050964e+02
1.314676600317572479e+02
1.284294238286668701e+02
1.283726928768331845e+02
1.257283298957173372e+02
1.189704588497833555e+02
1.199447504815021830e+02
1.205453057958631859e+02
1.218889111570893533e+02
1.251594731359972741e+02
1.267469402885856056e+02
1.238744133457490477e+02
1.255819765050349446e+02
1.302487954380650876e+02
1.354277585133811499e+02
1.315887768761391214e+02
1.303338035090251310e+02
1.302531720964482531e+02
1.341149902093820288e+02
1.346150411383148935e+02
1.320591762868915282e+02
1.326605951980863551e+02
1.300779121776012062e+02
1.353889905751418041e+02
1.322124105326745394e+02
1.351122567029765662e+02
1.348142939483388147e+02
1.301740542435686052e+02
1.330650988832146595e+02
1.336284892329776994e+02
1.313302367990348785e+02
1.249847358728425206e+02
1.251160163789028559e+02
1.247149816432253573e+02
1.191927045869164488e+02
1.208536933288054911e+02
1.219391811601193467e+02
1.247466038206441965e+02
1.160466491320439246e+02
1.228720299468549513e+02
1.141234607736672473e+02
1.208875693783290046e+02
1.241268002758048681e+02
1.225776090036463586e+02
1.248774040775085155e+02
1.220730904804174202e+02
1.266594416852601626e+02
1.222568504570843686e+02
1.216320130171670542e+02
1.222609870282965119e+02
1.246239881888024286e+02
1.250453855185094767e+02
1.293881654574875313e+02
1.258410809034904219e+02
1.292766928185910444e+02
1.359474756831900493e+02
1.333064435677364941e+02
1.276503896853110120e+02
1.309991806655700657e+02
1.332394855738396586e+02
1.392679539970621079e+02
1.308866802506055080e+02
1.349845827593466936e+02
1.323489472430976832e+02
1.352229174318666196e+02
1.396553112702326587e+02
1.360608417247116222e+02
1.358862850275898211e+02
1.387092540972384995e+02
1.340283041871617797e+02
1.349671487848350466e+02
1.354833849944162125e+02
1.395434846545065000e+02
1.352817460766042927e+02
1.358124263021113904e+02
1.340289474551329931e+02
1.341112699615198949e+02
1.283386844137781679e+02
1.251127467618484559e+02
1.219353425505217814e+02
1.205720994616419262e+02
1.276111306047466911e+02
1.276508723760131119e+02
1.263628307502437167e+02
1.313101139227677550e+02
1.308256002278666870e+02
1.317029940864470063e+02
1.352979386811815061e+02
1.340380147892611831e+02
1.337351180460468072e+02
1.293493729752772765e+02
1.252286780469269729e+02
1.218574158748871241e+02
1.251679276554160651e+02
1.293188846951348978e+02
1.308135067190838754e+02
1.321734923879755570e+02
1.336405252095408969e+02
1.340699629061942346e+02
1.345481319253078141e+02
1.364415947455883042e+02
1.302205810407836282e+02
1.324022006334940329e+02
1.354211053466083285e+02
1.345921985298203936e+02
1.318778655566274836e+02
1.306587397420988736e+02
1.316937074048453269e+02
1.187804747632331157e+02
1.188101327386688695e+02
1.209992926985249539e+02
1.181666331899357516e+02
1.236416057062013465e+02
1.233709156557466144e+02
1.188698646246034656e+02
1.197978882273170171e+02
1.198160432004130627e+02
1.189645378733186192e+02
1.243362559162213756e+02
1.213716450589060400e+02
1.249029680971082144e+02
1.347973245179746300e+02
1.337455499825726122e+02
1.304864638809152382e+02
1.211260315163748231e+02
1.219679780161594920e+02
1.241349930216241262e+02
1.291609650529744044e+02
1.299806990968628497e+02
1.308733643001449138e+02
1.315180442149371061e+02
1.344197861762427237e+02
1.345881940816731799e+02
1.314729755038864596e+02
1.316005383729207381e+02
1.261846510625510263e+02
1.210377550920289025e+02
1.230039861087958570e+02
1.232999447656206087e+02
1.275063708478318176e+02
1.317430703673440462e+02
1.315713238468324562e+02
1.260360820750277071e+02
1.210163330193847031e+02
1.186107658078829274e+02
1.201764970073838725e+02
1.231737874299486748e+02
1.258775215992279755e+02
1.288418041574673509e+02
1.260177894786040298e+02
1.193976884072739892e+02
1.234072015248124501e+02
1.270324173277202249e+02
1.228114541649727727e+02
1.299115494351134714e+02
1.371974595395056156e+02
1.381777783502920443e+02
1.411302741625289343e+02
1.404896452379380776e+02
1.350721888127228567e+02
1.317869122562865130e+02
1.261909257514094236e+02
1.198334675328664645e+02
1.242850188282051249e+02
1.289687190890732040e+02
1.251045275533035976e+02
1.256988122408806134e+02
1.282331337058935787e+02
1.321202557280105339e+02
1.291815551175472194e+02
1.315945862665464574e+02
1.315284782926556204e+02
1.298421673672086456e+02
1.307179554182543484e+02
1.302644086992904704e+02
1.360583501499529291e+02
1.312179911444879679e+02
1.325012149634653724e+02
1.332790960557205437e+02
1.280273550926015673e+02
1.281532769582262858e+02
1.310274074220662897e+02
1.311569208106560609e+02
1.273584362485812704e+02
1.247441175355032925e+02
1.224725405209463531e+02
1.241360189422380813e+02
1.255203442174586996e+02
1.271904247898148128e+02
1.323284714898780408e+02
1.266824923017971400e+02
1.332973516013657331e+02
1.269653820861445013e+02
1.261034785525202153e+02
1.243141937176505678e+02
1.207706886184213175e+02
1.168188551411918752e+02
1.201814297429150997e+02
1.224332915717725143e+02
1.223311413864997803e+02
1.206292324359090316e+02
1.188039004146774857e+02
1.115946693629977062e+02
1.178854886208505945e+02
1.206904190698706998e+02
1.186268979464492475e+02
1.183231719178197920e+02
1.214615431871947067e+02
1.197760628270931704e+02
1.213430036440038435e+02
1.256998301815628025e+02
1.212441939681872469e+02
1.218116367745531079e+02
1.242635107013440177e+02
1.258533705395576305e+02
1.245244271712898296e+02
1.307803598640130929e+02
1.308546333411624403e+02
1.262984248369610043e+02
1.305687695622069953e+02
1.273227347994756826e+02
1.247773012070598497e+02
1.256248801579926919e+02
1.297224039318619475e+02
1.255517890297724080e+02
1.259481972098935501e+02
1.239792387253786075e+02
1.222330369160644352e+02
1.222872085220563747e+02
1.210272841686157221e+02
1.285044429597109001e+02
1.290694800386386021e+02
1.350749573507980870e+02
1.370120608022557462e+02
1.275631981868027367e+02
1.274127688273657384e+02
1.283126337117457183e+02
1.293191335114297829e+02
1.261792939864258472e+02
1.283510448725656374e+02
1.287530588845378361e+02
1.336434042113434941e+02
1.301101329514743554e+02
1.276543415221560878e+02
1.280734289510548649e+02
1.270897541097305066e+02
1.254372109849715287e+02
1.226085100015527587e+02
1.216290495343629772e+02
1.262834089341706232e+02
1.281641344946260119e+02
1.304092675165409503e+02
1.293510233024740046e+02
1.310992324272098131e+02
1.335509936062699410e+02
1.361470265090583212e+02
1.336170748763317988e+02
1.371563901648945887e+02
1.370622233892584347e+02
1.370553242153200131e+02
1.358711024563341994e+02
1.356784860314049865e+02
1.344072207190507413e+02
1.384937830531804366e+02
1.356963410645743693e+02
1.296108959779226666e+02
1.276416070691024629e+02
1.288154434058309334e+02
1.282704803831058484e+02
1.312759934398399650e+02
1.349514355711833389e+02
1.355097990696524732e+02
1.327807879791712935e+02
1.336926830423934973e+02
1.331562857819668864e+02
1.359979785183365948e+02
1.326119071746664986e+02
1.366405275816488256e+02
1.344203628121910015e+02
1.341063391508920404e+02
1.347124191440413767e+02
1.238424523124009795e+02
1.241885858306198145e+02
1.278441692727802490e+02
1.296271090308044620e+02
1.295951944070891386e+02
1.311693283563662078e+02
1.366029203341341827e+02
1.371011775697480175e+02
1.367714250276767416e+02
1.294700669736272118e+02
1.323685901007358723e+02
1.286078871177845429e+02
1.289769926746594422e+02
1.278025865236899961e+02
1.214970572465314831e+02
1.193558904394819251e+02
1.225642313565509909e+02
1.139691045540365764e+02
1.198834266052482178e+02
1.250950250811599460e+02
1.261429267779710983e+02
1.215165306626860939e+02
1.248257604385804314e+02
1.260153058470878591e+02
1.271635048487966344e+02
1.268282708213744456e+02
1.283379590855318781e+02
1.264539397173111297e+02
1.261847299408129999e+02
1.248647406009943523e+02
1.242492343646661368e+02
1.294629983247665734e+02
1.275381469468071316e+02
1.342413600158919280e+02
1.310238036345725732e+02
1.236596986639745666e+02
1.241143203669156065e+02
1.205243184175089937e+02
1.200986597786427410e+02
1.271248721173961229e+02
1.190632748560210246e+02
1.204008166337054888e+02
1.243090213855061563e+02
1.229888069909403896e+02
1.235404958107860409e+02
1.280544097542720010e+02
1.297391619697639271e+02
1.302906936419663282e+02
1.292920474683857321e+02
1.366186725083349813e+02
1.349050896651834535e+02
1.302992584004068704e+02
1.309528330850332907e+02
1.269648613847413401e+02
1.245054405607996699e+02
1.243731545135299115e+02
1.305599528922367085e+02
1.308016620194721895e+02
1.282833678884748849e+02
1.278091438196656213e+02
1.267130495785251014e+02
1.217437593200516233e+02
1.241452739377862429e+02
1.250424542280643152e+02
1.235785397574362889e+02
1.284814366258509608e+02
1.250301147936674795e+02
1.295988132648909357e+02
1.317390034675570121e+02
1.310237225612328587e+02
1.290417414678237833e+02
1.256901303903901379e+02
1.316144593147826356e+02
1.266816260394129188e+02
1.267385810480769948e+02
1.244755504389141265e+02
1.250409959149637302e+02
1.289459437548606502e+02
1.288191183979807874e+02
1.293838926650409462e+02
1.352645310404577401e+02
1.304716156671306351e+02
1.300877305414553007e+02
1.297061567926065777e+02
1.283521242001751830e+02
1.298537052594788292e+02
1.342308540804363872e+02
1.338873553588103391e+02
1.291452514173054738e+02
1.267386886480471730e+02
1.267348267755292852e+02
1.265399454549210247e+02
1.309750943762171289e+02
1.304802681983204025e+02
1.294001313681084753e+02
1.287427403657283094e+02
1.311227180525869471e+02
1.309691136346304745e+02
1.366140798229027382e+02
1.333794300370675217e+02
1.321034272308186246e+02
1.268474800578110830e+02
1.233100337326410880e+02
1.209916505467483887e+02
1.129449487411475843e+02
1.198660207097054808e+02
1.276353330176608409e+02
1.194879386707413147e+02
1.206753522476655860e+02
1.170427397123954592e+02
1.184198619339622667e+02
1.202892757109506476e+02
1.157167393484809566e+02
1.201340591689079105e+02
1.180144476549272810e+02
1.201966156417914817e+02
1.261378145075371151e+02
1.292240253508440162e+02
1.248554125025238477e+02
1.300043861701710171e+02
1.297614904817545209e+02
1.276118081830873052e+02
1.318143681775447362e+02
1.375114990726536917e+02
1.408019387607851343e+02
1.388343963574415909e+02
1.377637407789926556e+02
1.381890508467717780e+02
1.396432280755130932e+02
1.380951066848545850e+02
1.398716368933762624e+02
1.410517254224507724e+02
1.414179384568811884e+02
1.399560304355368601e+02
1.348186423255984323e+02
1.326522516046068745e+02
1.318350548780030920e+02
1.314859524815261125e+02
1.342780641868989449e+02
1.313704809852300173e+02
1.261097257957928264e+02
1.277996422999491699e+02
1.308730607378171271e+02
1.308476289849899956e+02
1.302818189867384149e+02
1.329686515728170377e+02
1.286260637748443401e+02
1.266378839286193454e+02
1.333395668231894433e+02
1.310330745646923560e+02
1.304263671309538211e+02
1.240973016605172745e+02
1.198809780390240860e+02
1.181721929949897714e+02
1.313120361689635445e+02
1.294725609020438810e+02
1.252631715726766686e+02
1.251935506428959286e+02
1.317795536324213685e+02
1.304787306812680754e+02
1.305254369841336484e+02
1.338398460027866577e+02
1.349841762573852293e+02
1.376630061304327626e+02
1.352828841716092541e+02
1.343731306683529567e+02
1.335592747714095481e+02
1.367062202447414165e+02
1.363303904697641542e+02
1.348749276659582961e+02
1.320099265672274100e+02
1.340014662227023337e+02
1.308556300699960957e+02
1.315804529619812513e+02
1.247896443939487767e+02
1.192693811109823230e+02
1.204709229414549156e+02
1.211609564909643666e+02
1.300920962346367560e+02
1.257505595079949785e+02
1.241121415062046935e+02
1.275318085258977732e+02
1.293317630165498713e+02
1.242425408009185048e+02
1.281677704428186644e+02
1.181166719875299975e+02
1.210152721054575693e+02
1.195999835378383125e+02
1.283644758406354640e+02
1.271430072767982153e+02
1.194682256094360611e+02
1.186448918572319826e+02
1.199467410091851747e+02
1.232633673063346293e+02
1.242779915593862086e+02
1.280862844519535599e+02
1.281586756180159909e+02
1.301711054168937096e+02
1.230296980509095874e+02
1.227574745502615770e+02
1.245053072834486159e+02
1.263325335540699541e+02
1.280939026011764383e+02
1.252965686130306437e+02
1.306962111547301788e+02
1.334247347634238281e+02
1.366643172056110984e+02
1.362601277775677033e+02
1.361686536540091197e+02
1.337151087464401087e+02
1.313127724591768697e+02
1.257416828073665442e+02
1.248578847686545288e+02
1.289021985505468706e+02
1.309125179511129602e+02
1.315531083475380569e+02
1.304567795796281757e+02
1.260285312332526075e+02
1.258473646171575808e+02
1.175160417031206919e+02
1.211444183153392089e+02
1.318448852967065648e+02
1.311942803906913753e+02
1.338561579283993126e+02
1.308323992041369763e+02
1.272788025846248843e+02
1.291931940840072457e+02
1.279398022328782218e+02
1.344201721523057529e+02
1.335086463747719847e+02
1.320096574854408118e+02
1.342004787039469988e+02
1.296960388716144621e+02
1.289777030658122499e+02
1.256540844135731732e+02
1.287332838803137065e+02
1.307897872048955890e+02
1.314472242030665825e+02
1.278132267025565909e+02
1.286587295568376135e+02
1.258151401229091277e+02
1.287824952968932450e+02
1.264122164218873650e+02
1.223897609796210304e+02
1.188818753938819270e+02
1.258779435422502218e+02
1.287184706025765877e+02
1.366867074127532362e+02
1.350563541116795818e+02
1.347819290702495607e+02
1.345841050328212987e+02
1.363481046067910256e+02
1.335162689366482027e+02
1.336743583258643469e+02
1.340585012876782116e+02
1.379126248530214411e+02
1.343428852208874105e+02
1.329700009256750945e+02
1.299847857063242884e+02
1.283546646682166852e+02
1.312846978475901381e+02
1.291564276249137890e+02
1.273352113529608829e+02
1.216054554645394035e+02
1.137287338265624328e+02
1.180361021244782478e+02
1.208181414658888286e+02
1.277986801909138137e+02
1.273988801690407655e+02
1.298826906966328920e+02
1.266492708121312489e+02
1.278385670708003374e+02
1.248123255060770020e+02
1.219141280774477991e+02
1.258356080877121030e+02
1.280689320837209948e+02
1.292744966163005245e+02
1.279965551333661580e+02
1.259101684549689253e+02
1.291312409736343056e+02
1.277135949094354856e+02
1.320536963671937372e+02
1.285820496425670285e+02
1.276939190438260425e+02
1.223857906515033278e+02
1.167327860324958095e+02
1.103515155202339599e+02
1.175291146041262209e+02
1.204592723806152321e+02
1.160939843178956750e+02
1.187205014599221329e+02
1.265001798005527718e+02
1.278795624400173523e+02
1.286342966783904558e+02
1.287826823249098993e+02
1.308095242108377647e+02
1.278492286617007920e+02
1.313089897516316853e+02
1.347378069258791697e+02
1.315537148699476688e+02
1.309430021130315254e+02
1.332975907879287547e+02
1.364598471925326919e+02
1.314794983062655547e+02
1.257587775542677093e+02
1.266097730158126637e+02
1.277869157003468956e+02
1.317555875312522176e+02
1.369368773247966260e+02
1.338684234989189008e+02
1.307530643213355006e+02
1.306590317523117903e+02
1.248860566567981323e+02
1.303965942438033494e+02
1.264209837989681233e+02
1.156360711080367167e+02
1.129023990070016197e+02
1.122135911705431539e+02
1.260302995360941765e+02
1.217408157176501220e+02
1.267668579677444427e+02
1.211471575695971126e+02
1.239952721678720025e+02
1.256607133110851890e+02
1.282223092359444081e+02
1.317064900754512280e+02
1.325136750767651961e+02
1.297232112776341921e+02
1.256467610490958151e+02
1.235932508730828090e+02
1.222525827888011918e+02
1.246046790549284822e+02
1.234915437131758722e+02
1.263289524134580120e+02
1.289330924276671624e+02
1.296605350888565340e+02
1.336074285605629370e+02
1.283246859142376763e+02
1.233424774101744248e+02
1.156916528657181686e+02
1.149100077076247572e+02
1.172830727464167069e+02
1.203603304225705983e+02
1.202640151888700473e+02
1.269712621686126539e+02
1.268384708656290343e+02
1.316367497725425437e+02
1.335387763567251795e+02
1.315476027046665308e+02
1.289772424762884100e+02
1.305221967191486954e+02
1.269696676847955672e+02
1.280623250443011329e+02
1.282871460984374892e+02
1.271676914861183150e+02
1.267208328981135708e+02
1.276695210646036429e+02
1.290926677096424555e+02
1.253909932476081792e+02
1.211202170315674209e+02
1.199755852861837866e+02
1.291323558684547663e+02
1.310642641441442606e+02
1.286123680166582517e+02
1.333167402741858609e+02
1.326739526252131895e+02
1.318161371564727062e+02
1.359232160628677946e+02
1.360220631149616679e+02
1.393857883542988532e+02
1.357999889394459956e+02
1.308867907097109651e+02
1.241190803194388650e+02
1.246527509000182761e+02
1.272916763708623051e+02
1.252805167124031414e+02
1.310641036217894282e+02
1.331154222528068942e+02
1.295233222955426413e+02
1.211542029262980975e+02
1.165885498245138194e+02
1.260297672564504694e+02
1.352748769606567976e+02
1.381075304386309597e+02
1.335129090963888814e+02
1.278305125171673353e+02
1.244816295734835592e+02
1.276894339576961954e+02
1.292265032617462168e+02
1.260639363329491260e+02
1.285410635817111427e+02
1.306498569037986215e+02
1.365414768071349272e+02
1.342062690723067533e+02
1.302844615784927100e+02
1.290315006106376927e+02
1.321466170318728359e+02
1.280701890671722367e+02
1.284740179842327734e+02
1.313856711988997858e+02
1.336009580504529026e+02
1.288452982564343472e+02
1.303424722505016859e+02
1.364374915084030704e+02
1.312295880101317778e+02
1.345709403323380116e+02
1.362044948827290796e+02
1.363623016860049120e+02
1.407742107137218284e+02
1.370653529849938081e+02
1.373975371440139952e+02
1.360813179248871734e+02
1.324611127965336550e+02
1.309396226943055410e+02
1.268404848624691255e+02
1.282591536498404139e+02
1.253148663894385777e+02
1.241840596955959768e+02
1.215150105384032599e+02
1.216762447700673135e+02
1.344415436062267588e+02
1.379262608751359380e+02
