1.486657841721572595e+02
1.426539234818128250e+02
1.459737574131126507e+02
1.433596343138310658e+02
1.389765899722329436e+02
1.356282923683802153e+02
1.310524390409219393e+02
1.328847316760231081e+02
1.451931478190666382e+02
1.405532103466181013e+02
1.369904796182119071e+02
1.407905348384613262e+02
1.445361178259500150e+02
1.418728745758925811e+02
1.437372292990073106e+02
1.461996214442048654e+02
1.442235440505657493e+02
1.448428275962719738e+02
1.429163356916333782e+02
1.420959769783966067e+02
1.431537179803315212e+02
1.468908895068818481e+02
1.489867536633111911e+02
1.447393018856257356e+02
1.433394487978973473e+02
1.471776843767629543e+02
1.460184386089575241e+02
1.408090922352303949e+02
1.407359601093638162e+02
1.285314450737930656e+02
1.303112966766326508e+02
1.336816218787005255e+02
1.375884167277432653e+02
1.352547240882733490e+02
1.366319836006986748e+02
1.286978859911121162e+02
1.335629724938110314e+02
1.374855755152186987e+02
1.414187345319790268e+02
1.420236159300142447e+02
1.398804523563225928e+02
1.385338256114946205e+02
1.374857543649686420e+02
1.380049083027559789e+02
1.408898262764203935e+02
1.424893216354218737e+02
1.411293040400376242e+02
1.407794150041370358e+02
1.432025217254280562e+02
1.382880565042386820e+02
1.336164432352128415e+02
1.347973283918775564e+02
1.306322744191762979e+02
1.337895840289210980e+02
1.339129722142682226e+02
1.356455303318135748e+02
1.333045761742459092e+02
1.345844176647335075e+02
1.322996575324797561e+02
1.270474192186556337e+02
1.321611872075184522e+02
1.296771564496324345e+02
1.315783564476234915e+02
1.364666889090965753e+02
1.370918870299776700e+02
1.386851273873984098e+02
1.356707300656672430e+02
1.332214337008313976e+02
1.402308954393735121e+02
1.399276301517971319e+02
1.339194115947895511e+02
1.269133202855376794e+02
1.263528946823692962e+02
1.254113228970953173e+02
1.293846441193311705e+02
1.303307691114036970e+02
1.304779856757908192e+02
1.363956371805920753e+02
1.344767754587677189e+02
1.350919112654297578e+02
1.284764156021551855e+02
1.264454882140347394e+02
1.274520631579258350e+02
1.321695183368210280e+02
1.333145888285502565e+02
1.350473359870079264e+02
1.327094284725622799e+02
1.316530395957083215e+02
1.375677984228932758e+02
1.302371056763862498e+02
1.276539665080539550e+02
1.287828799250184204e+02
1.320194873753800096e+02
1.298253369811176867e+02
1.267152889543666703e+02
1.275428107608566961e+02
1.295358205710257948e+02
1.271103000433497101e+02
1.245994218040158898e+02
1.273305747884966053e+02
1.332509376030113515e+02
1.331041813013524120e+02
1.295671315049171142e+02
1.284673233722335226e+02
1.338959517398093055e+02
1.299185378195800808e+02
1.275649343048504107e+02
1.332640734958886810e+02
1.336372036954807072e+02
1.387389617052012625e+02
1.377116798350885745e+02
1.324414574198532080e+02
1.294112307432294813e+02
1.315960330192679351e+02
1.282627104495146000e+02
1.221130043817980919e+02
1.199913866277912433e+02
1.224419810063408249e+02
1.264636133417510422e+02
1.272783806499292751e+02
1.293080708882089880e+02
1.254003747424970214e+02
1.290099666795896951e+02
1.282402124934307324e+02
1.282402859666612187e+02
1.349029959315084568e+02
1.354668397101294772e+02
1.297244450024087996e+02
1.272582264957568867e+02
1.270789425870360390e+02
1.201778630602873648e+02
1.245060856934240832e+02
1.311974316751785068e+02
1.352781419533452265e+02
1.353722976263846647e+02
1.345022333582630836e+02
1.306814942499692052e+02
1.283600227456963694e+02
1.277083336670679046e+02
1.320427343507942908e+02
1.317331459021451963e+02
1.346725529752936552e+02
1.387037870479547053e+02
1.382864302565457990e+02
1.413566836585963813e+02
1.360226008301464731e+02
1.344252122916134908e+02
1.327825688061967639e+02
1.370219373756490313e+02
1.359046801614664162e+02
1.291090183404153606e+02
1.319862308863870908e+02
1.353728333440211316e+02
1.328753682863386700e+02
1.242419309283039723e+02
1.261128162669962478e+02
1.273290901032961102e+02
1.278020104503157768e+02
1.330628851208805088e+02
1.278587663865433655e+02
1.278005788186148095e+02
1.284347919953182213e+02
1.290395659037252472e+02
1.274777612133028981e+02
1.247207066426940969e+02
1.264849335603487788e+02
1.339899378612096825e+02
1.303860752617181333e+02
1.307290618051341085e+02
1.271485369163408166e+02
1.261784670772426011e+02
1.244718232680357772e+02
1.271213600333309586e+02
1.240383179813413790e+02
1.248898750581267620e+02
1.245308731923160934e+02
1.293310832517808819e+02
1.335230841135008006e+02
1.305833601125898440e+02
1.312533719201112490e+02
1.311925564900836605e+02
1.366221885773683766e+02
1.365741886525179041e+02
1.330218598981418552e+02
1.317726893429856148e+02
1.298042993344270712e+02
1.283717663725583122e+02
1.301554378215455188e+02
1.309794353278756205e+02
1.360496479295629513e+02
1.328521080808627914e+02
1.305651279021034838e+02
1.280706635763749546e+02
1.250444642640755006e+02
1.335457913577695024e+02
1.299620571763902319e+02
1.299195054117822679e+02
1.331477657619637966e+02
1.321647419825862357e+02
1.372204225701033238e+02
1.384965807932028383e+02
1.344435098366962222e+02
1.313627009533763044e+02
1.349839533369410276e+02
1.354582149606900714e+02
1.314940612457361908e+02
1.260430397243604403e+02
1.259147933594889821e+02
1.294742126967120441e+02
1.288725243323142422e+02
1.256099750825276544e+02
1.278881011952576614e+02
1.290906454149492504e+02
1.289647372991919383e+02
1.286288134980684958e+02
1.274388271222765354e+02
1.290726035901449791e+02
1.310871020296371512e+02
1.347094942344303945e+02
1.317480524510501425e+02
1.303867186082224521e+02
1.270249146518231385e+02
1.242274777439751574e+02
1.256091273081170101e+02
1.285935206344397272e+02
1.284630403714340332e+02
1.280137806902828288e+02
1.326152388718296891e+02
1.315877541531018267e+02
1.270576454868981529e+02
1.202414472353382138e+02
1.155293725537983534e+02
1.183651744359220288e+02
1.159702790088479389e+02
1.173235898922559670e+02
1.202225416122860082e+02
1.184421272436581489e+02
1.175423974666692857e+02
1.192406920934383834e+02
1.196173085937659550e+02
1.252968873446432809e+02
1.285342443433369226e+02
1.333604157641168229e+02
1.277598154386839298e+02
1.263771798382730651e+02
1.257704374309466289e+02
1.231013099627124916e+02
1.181612086498262499e+02
1.185826331188594196e+02
1.204326957326058505e+02
1.221814814956976960e+02
1.149617190144080467e+02
1.157492289417012330e+02
1.090613555773148846e+02
1.192713291959361044e+02
1.305532267819562264e+02
1.293848295996215825e+02
1.299213560457355072e+02
1.297300809421074916e+02
1.271678810503778720e+02
1.285845081826872160e+02
1.358644372405510410e+02
1.338753992328947220e+02
1.317059424509829739e+02
1.330497093655598917e+02
1.276026929553153053e+02
1.296133369135868065e+02
1.364042377265673167e+02
1.392597194379577275e+02
1.346347671177373400e+02
1.315291731373665982e+02
1.292496234910341002e+02
1.338061903060916222e+02
1.336872302591744130e+02
1.342128578722597751e+02
1.296015732807634038e+02
1.311647801835222253e+02
1.340248522532813240e+02
1.364681595493177042e+02
1.359448046240431154e+02
1.380008086996563463e+02
1.410597205068513347e+02
1.374751158443404790e+02
1.369405946548685051e+02
1.382987570614614015e+02
1.408214974958040955e+02
1.352290931985835982e+02
1.321093013674005761e+02
1.376230125866296135e+02
1.363348434639288485e+02
1.345689040030719354e+02
1.352100490626293663e+02
1.346032636379437974e+02
1.377210489077822615e+02
1.331372239160735376e+02
1.367180011801823412e+02
1.357719651158197962e+02
1.393830061002607010e+02
1.358439354610387113e+02
1.334061199414516352e+02
1.378896298017518802e+02
1.376304135886363440e+02
1.390387284140503255e+02
1.397241612394747392e+02
1.397652690784715048e+02
1.380255436554199946e+02
1.276219268591213876e+02
1.318102798760162955e+02
1.335695959608596581e+02
1.351974367589725432e+02
1.385071059090493577e+02
1.369886037429411658e+02
1.323668941365202443e+02
1.318932748291604469e+02
1.334576554625021174e+02
1.251674285960579454e+02
1.324314024789992743e+02
1.302520271150526696e+02
1.319360396519455207e+02
1.314723748562682886e+02
1.291335446271945102e+02
1.343792408702997534e+02
1.340682991561158417e+02
1.373260168472779696e+02
1.352867764841815870e+02
1.335777995511291181e+02
1.356527273651644521e+02
1.351577111363877179e+02
1.364179870396195327e+02
1.341409566004269607e+02
1.283240570370573153e+02
1.210784026615050806e+02
1.278224979097331016e+02
1.301729480540283248e+02
1.244006257992868996e+02
1.257236789332087170e+02
1.288695546677013795e+02
1.321684431724831086e+02
1.375435278927645300e+02
1.352204799454508475e+02
1.308932965416248635e+02
1.251679364799514076e+02
1.218446014518394520e+02
1.199584636760464917e+02
1.137129656048584252e+02
1.237842098681138339e+02
1.233341721787169973e+02
1.276699565551403737e+02
1.300103062643220824e+02
1.246661669069539329e+02
1.183839769398542217e+02
1.227613018701130727e+02
1.223007121230700278e+02
1.271245801550233097e+02
1.314294849882363110e+02
1.285763084228657362e+02
1.282191587001356083e+02
1.336785489942046752e+02
1.323173856238463486e+02
1.260763061008037624e+02
1.233658550822302402e+02
1.233693633693345646e+02
1.247940981235623781e+02
1.242162256112997341e+02
1.246081587299014046e+02
1.235389468013998879e+02
1.246486871485300014e+02
1.283015301070369674e+02
1.201199668243227308e+02
1.172087129516671382e+02
1.206449502180489901e+02
1.249151708893937212e+02
1.240789270408038192e+02
1.250850013953206883e+02
1.277172996204905502e+02
1.261385369687785385e+02
1.273763926457746862e+02
1.294669092729939450e+02
1.306621883068468719e+02
1.214080583736530770e+02
1.277063204200787538e+02
1.334014587162184853e+02
1.259835978910020344e+02
1.334026322863560381e+02
1.341412111127491755e+02
1.348151267945290499e+02
1.328468926331916862e+02
1.330622414078502516e+02
1.298976215497929161e+02
1.254935064778528471e+02
1.266114288820111824e+02
1.314665886173083038e+02
1.234644056280789641e+02
1.256627085090415790e+02
1.322369336270405711e+02
1.227547383737209117e+02
1.172874840849982689e+02
1.108213565339691797e+02
1.143023714535251116e+02
1.159742269617028541e+02
1.215090319007292976e+02
1.188149510184065036e+02
1.213086162361513374e+02
1.253046937540030541e+02
1.210995291356593810e+02
1.170081803176925348e+02
1.215579955652738562e+02
1.200226475468322604e+02
1.231782617531886217e+02
1.190380911722419341e+02
1.186926680055350687e+02
1.217154577163854299e+02
1.269067706285888448e+02
1.279835294678296123e+02
1.310859850061494285e+02
1.281006139221792353e+02
1.297626552885425042e+02
1.204799695004628859e+02
1.219489266459851819e+02
1.351261956677358569e+02
1.263458053278700248e+02
1.312830176548334009e+02
1.319591818647209607e+02
1.273004363393285558e+02
1.224811435616543349e+02
1.251698126267061042e+02
1.249039837002868865e+02
1.214484579231977364e+02
1.240343644480324485e+02
1.152398244907320333e+02
1.183946945802542956e+02
1.192663164249767789e+02
1.214327379555997339e+02
1.164279200914691188e+02
1.212261390222341078e+02
1.237142191816153058e+02
1.316036691335396824e+02
1.357573343532455397e+02
1.376415886379275548e+02
1.335244319172398946e+02
1.296815242725058113e+02
1.341010961383953486e+02
1.351877328890526826e+02
1.332665214288280424e+02
1.357581708988911373e+02
1.317598829478601488e+02
1.270346538625943111e+02
1.236994517461446463e+02
1.317024741073677205e+02
1.366743216667103411e+02
1.374754756228917927e+02
1.385592747236028970e+02
1.336552544897155315e+02
1.266970929578777429e+02
1.278478620545370319e+02
1.296313495418997945e+02
1.327650407820464693e+02
1.347333882537854493e+02
1.370835868123608634e+02
1.326658615628274163e+02
1.335070402358693684e+02
1.330645934095829546e+02
1.326071540726788385e+02
1.322909033165955179e+02
1.326253152266274355e+02
1.271298399240001231e+02
1.300993959746845405e+02
1.360588104361401918e+02
1.317565627065577019e+02
1.314829907673546359e+02
1.308402552428218826e+02
1.355660273342796245e+02
1.347754186444911113e+02
1.323049223427747449e+02
1.282921529824937750e+02
1.319501899886193144e+02
1.330236221646117656e+02
1.354563735643237408e+02
1.366521037975300032e+02
1.301845126235190833e+02
1.307780151792729271e+02
1.297991806713578740e+02
1.263774723319777991e+02
1.289590951064172657e+02
1.331249729503746266e+02
1.319228414214539953e+02
1.304632687342673307e+02
1.335106362447037043e+02
1.296375957438326623e+02
1.310624638929174921e+02
1.334740531962555110e+02
1.288332628354537235e+02
1.290380870823873352e+02
1.248704011409588759e+02
1.190408901025544282e+02
1.312355544987593987e+02
1.319751779742289273e+02
1.276228098733026286e+02
1.264798004015042636e+02
1.266789602766215381e+02
1.338527686279055331e+02
1.387164098847202638e+02
1.295327558941302470e+02
1.252022613343235520e+02
1.356285575539845070e+02
1.378609340027171299e+02
1.392132046842357340e+02
1.349205660411176098e+02
1.308394826704328864e+02
1.301439073623012632e+02
1.282369017712321977e+02
1.293054493655689043e+02
1.257592463373349574e+02
1.265103081997653902e+02
1.207727643485228697e+02
1.278953007998919702e+02
1.312246330776857519e+02
1.340820516510912910e+02
1.306998082129796899e+02
1.318996280938408177e+02
1.227923671479043009e+02
1.221154653502195941e+02
1.236970765743956662e+02
1.274706311545484283e+02
1.200451387572271216e+02
1.177759420770174472e+02
1.244119959904876538e+02
1.223514054814808674e+02
1.238108241666217424e+02
1.284773373783288548e+02
1.324293274486651910e+02
1.321287520173970051e+02
1.271127605939290959e+02
1.205615766495504602e+02
1.175946482578045362e+02
1.251581996177931870e+02
1.281362615188567702e+02
1.296590668554078718e+02
1.332042456877776715e+02
1.326121715751003762e+02
1.347434583547251066e+02
1.348418425651279620e+02
1.304629620934244940e+02
1.319487577474100419e+02
1.297866048759364048e+02
1.236883515594337979e+02
1.258526483774660818e+02
1.265122467953165710e+02
1.314859677587213014e+02
1.296631877955441894e+02
1.340875627907063858e+02
1.337508663417907542e+02
1.337762795011835522e+02
1.306460741249690898e+02
1.269996905020862101e+02
1.347069681726746637e+02
1.377406347205161126e+02
1.329931365484869445e+02
1.334189265277169056e+02
1.276836495058920775e+02
1.213068441855877637e+02
1.232813172600144185e+02
1.291873757341251121e+02
1.288903568530101609e+02
1.291476750260133883e+02
1.297345715880044281e+02
1.333747005413005127e+02
1.303364243729390637e+02
1.302660091126924442e+02
1.299867122436997988e+02
1.290395111112578093e+02
1.339040053043255512e+02
1.330704134964004766e+02
1.339985107825091859e+02
1.363351421937607029e+02
1.369730866073224149e+02
1.324616613439636126e+02
1.340639375087262408e+02
1.299893275544962421e+02
1.336332260960319900e+02
1.328866639174177067e+02
1.266997937119955111e+02
1.266835136315814196e+02
1.243491968084986752e+02
1.269376969667190025e+02
1.363765401014407814e+02
1.397355603760440772e+02
1.405636307936136120e+02
1.364555039109934285e+02
1.321299979282078141e+02
1.308445559626992178e+02
1.268981390821711699e+02
1.218799195023124611e+02
1.267287739196750351e+02
1.306348735822519984e+02
1.290863317618773181e+02
1.289883223515331281e+02
1.249554492362996996e+02
1.263176593853467580e+02
1.255020541624638639e+02
1.220962832379194509e+02
1.230294650808965713e+02
1.231218617374856734e+02
1.249054826324939000e+02
1.231384413435563658e+02
1.209715609549230066e+02
1.270828844150123018e+02
1.291657863767020729e+02
1.229053461501258511e+02
1.282305632933016568e+02
1.289567982460212363e+02
1.288572128273496560e+02
1.288210291151864055e+02
1.300906673208703808e+02
1.260712217428476123e+02
1.245292870209528218e+02
1.255130963157258037e+02
1.256611134408990722e+02
1.233066370411366250e+02
1.219206560103601618e+02
1.203828295130243902e+02
1.189998996797992987e+02
1.228557155433710193e+02
1.217481149392152417e+02
1.219668799011782880e+02
1.258639942620016967e+02
1.312877069953703426e+02
1.317283829259849881e+02
1.294243550152701516e+02
1.255644363154802932e+02
1.230698570844471078e+02
1.223270450568288794e+02
1.253126213018606876e+02
1.274823063934712764e+02
1.224816385539203907e+02
1.216938179184033970e+02
1.241593189830004604e+02
1.251837155575993563e+02
1.277930046023733013e+02
1.298596822234839294e+02
1.281299902407927505e+02
1.348417911567410954e+02
1.311279983815320520e+02
1.267098487859447005e+02
1.279770981689757008e+02
1.296384958169140305e+02
1.360099375563900708e+02
1.346338387599257373e+02
1.328596304347707360e+02
1.333719506616800743e+02
1.300493850464648915e+02
1.272187272613903275e+02
1.279962609216850495e+02
1.330599642495491537e+02
1.316564965033842611e+02
1.289702979561468794e+02
1.339697218703882697e+02
1.309214865142352267e+02
1.231557457140910259e+02
1.225594283977510486e+02
1.175988677020585271e+02
1.196288949004114670e+02
1.277275006580006078e+02
1.240381265857284916e+02
1.289284386135668683e+02
1.303553159500295919e+02
1.321191933579676743e+02
1.296288875854006903e+02
1.268342499049080345e+02
1.240816742743447634e+02
1.229173318897828580e+02
1.205132147633726305e+02
1.304931289706632356e+02
1.270382763121106109e+02
1.243626293168126722e+02
1.182102126021656687e+02
1.168694865344631211e+02
1.142747967562299891e+02
1.118514968490056702e+02
1.183911855320021687e+02
1.206984145869217429e+02
1.196057199679822105e+02
1.213735911561405629e+02
1.235264094454954602e+02
1.233763323365586473e+02
1.220832820600506921e+02
1.234612058877461322e+02
1.303331264593462890e+02
1.259813215119640546e+02
1.276473267830849920e+02
1.269280576815463206e+02
1.226453708357657746e+02
1.240579276134939732e+02
1.261553473858914742e+02
1.261736528589901951e+02
1.332846700967863001e+02
1.384178530925511836e+02
1.396670818037071911e+02
1.412559742194907528e+02
1.404777329550400680e+02
1.414517112952516698e+02
1.442392682302248090e+02
1.382879594620891339e+02
1.358125393480187597e+02
1.398364366074478369e+02
1.346471465849157880e+02
1.258996557365999962e+02
1.234326018479237490e+02
1.262734194161342742e+02
1.228477645189311147e+02
1.214427705222142464e+02
1.261430379866046962e+02
1.263519640928593759e+02
1.193114364836365127e+02
1.223818216417232918e+02
1.259676548700142860e+02
1.258706098807368363e+02
1.250929184113638684e+02
1.253467438144304538e+02
1.259097803634197987e+02
1.258887243514184888e+02
1.330379979167253452e+02
1.326670847841375860e+02
1.297908021194349715e+02
1.304695592152574477e+02
1.314534015633456079e+02
1.336457825924970564e+02
1.382448464260740195e+02
1.366231302106406815e+02
1.399626519331243344e+02
1.381918342779131592e+02
1.346833665942284313e+02
1.279969761616461739e+02
1.290913695829333108e+02
1.299500384091148817e+02
1.258151133793052168e+02
1.245708956328617489e+02
1.281421457035921492e+02
1.348520371531627404e+02
1.342463056368457330e+02
1.326030133664556843e+02
1.347704700127730462e+02
1.430683564014833280e+02
1.385171067083979040e+02
1.410746890165960679e+02
1.421660342397409522e+02
1.438834838868470172e+02
1.360594810746297014e+02
1.318708825641974158e+02
1.279867093501975575e+02
1.260417057580327622e+02
1.255951259873518353e+02
1.294294035257798043e+02
1.272574412879712753e+02
1.270314114823584362e+02
1.267171734725046832e+02
1.275645411336793416e+02
1.309569552942560620e+02
1.340910854448688099e+02
1.295686815763249342e+02
1.319646197687916640e+02
1.304808492824246287e+02
1.356169408950038360e+02
1.375509808270685994e+02
1.410330214119304628e+02
1.379538259486790253e+02
1.340372258109708810e+02
1.248020426003399308e+02
1.347140932812949075e+02
1.261353308976865719e+02
1.285204903467237045e+02
1.283312862939587831e+02
1.301652171940059475e+02
1.320102154313024982e+02
1.326743938754123917e+02
1.291536653547364324e+02
1.267308560001721816e+02
1.282140969492746763e+02
1.282905736731974571e+02
1.269130674825259604e+02
1.252948235594767254e+02
1.255260142456781409e+02
1.221093436768497327e+02
1.209326243650092891e+02
1.217744256292758536e+02
1.253311533716455983e+02
1.219629024221042783e+02
1.143110468432935676e+02
1.074579133812696341e+02
1.145514042691503818e+02
1.176297234105639689e+02
1.291167188701074622e+02
1.366100939264040903e+02
1.334248013518092648e+02
1.289025467634070310e+02
1.302375503070365141e+02
1.291477162148241291e+02
1.325375301409866040e+02
1.315743292410577396e+02
1.290586680783439135e+02
1.319365591497455341e+02
1.283582342255654112e+02
1.272554542090303471e+02
1.249503783676535278e+02
1.190163427308678195e+02
1.193832102196914775e+02
1.238365974139224051e+02
1.274726681724201143e+02
1.290539875251735111e+02
1.316932470644144075e+02
1.263750325631207403e+02
1.222001310119159285e+02
1.217794948154605237e+02
1.218338240331225109e+02
1.239561794368154040e+02
1.188571151359003721e+02
1.301203535343881867e+02
1.320419718889850458e+02
1.290610796665063162e+02
1.238574912774500518e+02
1.325752640538703702e+02
1.321983247414086975e+02
1.294136385067982644e+02
1.279677141926800914e+02
1.248878987838181871e+02
1.247173750552092457e+02
1.289816882652265235e+02
1.325167500360618078e+02
1.335133708114954914e+02
1.348383645453380950e+02
1.309463949311500528e+02
1.274798240110886667e+02
1.228242018569827678e+02
1.183225648990662222e+02
1.123272517740319358e+02
1.124296946592905613e+02
1.156977452267723692e+02
1.217918934902811401e+02
1.267242864566559604e+02
1.308966111776167054e+02
1.346299213704058673e+02
1.327591654738376974e+02
1.307765574910558541e+02
1.295277149952839295e+02
1.267631745443630109e+02
1.287116220194716334e+02
1.267269580750099891e+02
1.293350152143560194e+02
1.308265488133646386e+02
1.404378984115318190e+02
1.363601967136580413e+02
1.359108606920311217e+02
1.339198921805280236e+02
1.331662710126664138e+02
1.317708574055109239e+02
1.314873544035901034e+02
1.336001290758279936e+02
1.278208124565112911e+02
1.265796248903964454e+02
1.260099006380135052e+02
1.188603552266117163e+02
1.184930054879602039e+02
1.228321802534328242e+02
1.306771719817174073e+02
1.273317802544147099e+02
1.278466596617981139e+02
1.255286772805903297e+02
1.280718355167926461e+02
1.301556142862004322e+02
1.364293923047429757e+02
1.344896879452110170e+02
1.312546040744837228e+02
1.305411668023803031e+02
1.256780015271167201e+02
1.321802995359265935e+02
1.332918745036645021e+02
1.338250802127896577e+02
1.351472732732389943e+02
1.284378501452442833e+02
1.251271966257862829e+02
1.217615783134325795e+02
1.271433261030336865e+02
1.221271005976119994e+02
1.215635054514562370e+02
1.352074817894538228e+02
1.332205966762856235e+02
1.315270792575822156e+02
1.227010819012862726e+02
1.253067507938049943e+02
1.200542543253463350e+02
1.239571344805914208e+02
1.170642531379885156e+02
1.159304627261494005e+02
1.251115568279663393e+02
1.266507547400304929e+02
1.225130867993832879e+02
1.179577341293673385e+02
1.265408681277191363e+02
1.287789809437313977e+02
1.262587206054061824e+02
1.229830607735715802e+02
1.258567975993760228e+02
1.236463655949438873e+02
1.220737550127063002e+02
1.217324014903215499e+02
1.180738523053292823e+02
1.176792942818830312e+02
1.189882678471603015e+02
1.184358655909202156e+02
1.289424439533906082e+02
1.304944450237165370e+02
1.317421350371132291e+02
1.318449873402805395e+02
1.335555619332938306e+02
1.306373639273287779e+02
1.240914442684226060e+02
1.238802860386690696e+02
1.287675958847728452e+02
1.297394969984584634e+02
1.305245886325727440e+02
1.299502249472535595e+02
1.333718254009056636e+02
1.307384480213071924e+02
1.260341340864035118e+02
1.270669345746583616e+02
1.234249265194389693e+02
1.179905390499817912e+02
1.222424598050887710e+02
1.241812623300580611e+02
1.248132032166428615e+02
1.274469917315691418e+02
1.313277932025419261e+02
1.366682465167662315e+02
1.359915804402881179e+02
1.317607039085087592e+02
1.303616608843116751e+02
1.314415131668572485e+02
1.311701010027493624e+02
1.337317599896431659e+02
1.343159616505966198e+02
1.310095051415552518e+02
1.233291691630139724e+02
1.197543608046933770e+02
1.302615299397228910e+02
1.286752755429757258e+02
1.260435309717218786e+02
1.295026072673714452e+02
1.276610096003178256e+02
1.240209979895089702e+02
1.220256321560717794e+02
1.303416324067513870e+02
1.277554677100801115e+02
1.293212359212324998e+02
1.234020836001355264e+02
1.265769061044753698e+02
1.310003637122682960e+02
1.247704106396123080e+02
1.257597268943232791e+02
1.303833144935967994e+02
1.333203611398495809e+02
1.293900294352621927e+02
1.287347259719575163e+02
1.321126010669051993e+02
1.344647640503407899e+02
1.281291402289572829e+02
1.324686735818669945e+02
1.322679260198960662e+02
1.303735904088572397e+02
1.324258703307335736e+02
1.323130522135934939e+02
1.319917389017094820e+02
1.352571468851133432e+02
1.344577214674025072e+02
1.290738689638385779e+02
1.313900208570360917e+02
1.345071300177728517e+02
1.294053966570564569e+02
1.275824705252060056e+02
1.285386148643813158e+02
1.192302624307623233e+02
1.258632846470863313e+02
1.283578263303651852e+02
1.281765702117982357e+02
1.312257978275459607e+02
1.315023097806672183e+02
1.327618478253000944e+02
1.332561575844264894e+02
1.345704645204434087e+02
1.336401711773303020e+02
1.287899042160335341e+02
1.301113531180140228e+02
1.296607254666627114e+02
1.214510693017097935e+02
1.254195984051465018e+02
1.246806969246960080e+02
1.294432183769851861e+02
1.292963431025914929e+02
1.254851345911572338e+02
1.274235325031904722e+02
1.306192445364482069e+02
1.311981548251664549e+02
1.289825012950464611e+02
1.330773655997876972e+02
1.345987002045716849e+02
1.282907743957199784e+02
1.313214238703227750e+02
1.265876614053286744e+02
1.315292643849997205e+02
1.262372851683025203e+02
1.268564472812508654e+02
1.237877934792146704e+02
1.207458003649226725e+02
1.219516511170272537e+02
1.245033828123967652e+02
1.303804165381566520e+02
1.329451390473581682e+02
1.326839488640234208e+02
1.303152972112690122e+02
1.277067831330518857e+02
1.284270890708247919e+02
1.263824003950083039e+02
1.277959220898092951e+02
1.207007355971793174e+02
1.238541118437737083e+02
1.218483650647255416e+02
1.261176996175045417e+02
1.292983098388633607e+02
1.287156340124163592e+02
1.303007576885934498e+02
1.293549194330407772e+02
1.376059357548407434e+02
