9.420112281340246341e+01
9.464159316948469325e+01
9.481041308747546736e+01
9.545910025608813498e+01
9.620836195435485649e+01
9.654476602850007794e+01
9.668374231319306489e+01
9.688500557551626002e+01
9.693555296159446755e+01
9.731784700731472526e+01
9.734652668432400446e+01
9.785050987212349582e+01
9.805575659383245579e+01
9.838490705797889291e+01
9.859321217980233598e+01
9.870912072852169672e+01
9.890596734227899844e+01
9.891742386403475962e+01
9.889849406582632696e+01
9.893122548334127941e+01
9.962339465757747803e+01
9.983823627721361049e+01
9.988684199248908158e+01
1.000929607057303485e+02
1.003448073940222258e+02
1.007083044146740036e+02
1.006781612164413247e+02
1.006940243707708760e+02
1.008668169183761734e+02
1.010804662942914405e+02
1.010880118533287799e+02
1.011214125386778875e+02
1.013775568850136466e+02
1.017535170845591495e+02
1.019674198569985322e+02
1.021391168206352660e+02
1.023761013006899248e+02
1.027486669712928347e+02
1.027986841355570817e+02
1.031224061531455618e+02
1.031061708333478038e+02
1.030149985399500281e+02
1.029974677596998163e+02
1.031650016992707179e+02
1.035111290037153111e+02
1.036609971752966288e+02
1.036902172037369354e+02
1.036375633303802033e+02
1.037037617240234795e+02
1.036607900051040900e+02
1.037218579163003938e+02
1.035594556360600222e+02
1.038035201263864025e+02
1.039940093000988668e+02
1.040509247489867022e+02
1.043989698351971356e+02
1.047310092829271326e+02
1.048720971159167306e+02
1.050568987644280980e+02
1.049437274714962030e+02
1.049236168929151489e+02
1.049328906194300117e+02
1.050881444922540737e+02
1.051068661055926867e+02
1.051253198822414561e+02
1.050985316664513647e+02
1.050596129816437951e+02
1.051371203970596326e+02
1.051162044851049728e+02
1.053119852545474515e+02
1.055706811953789668e+02
1.057718485202710212e+02
1.060113079857333815e+02
1.062671782234536835e+02
1.065287094216437822e+02
1.063294256126478814e+02
1.063341354032871067e+02
1.065122194888881211e+02
1.066847020459074571e+02
1.065676790791714126e+02
1.065879767418068695e+02
1.065546087422671349e+02
1.064210288938560751e+02
1.067289992457685770e+02
1.067552023365483080e+02
1.067094645295577777e+02
1.065606927234383363e+02
1.067444236300278675e+02
1.069694162885640623e+02
1.070744871337529815e+02
1.072718903108893045e+02
1.071041066798498775e+02
1.071079447672051685e+02
1.070717519594563356e+02
1.069249028782281954e+02
1.069325525522313001e+02
1.071823678108870155e+02
1.071817832824134769e+02
1.071332518402194296e+02
1.073451855448008700e+02
1.073371348401582708e+02
1.073342618171725888e+02
1.072751270727141986e+02
1.072974189554460338e+02
1.074970076022063097e+02
1.077182299501726845e+02
1.076970469878235264e+02
1.075056380837680905e+02
1.075308528781842483e+02
1.075375781037216143e+02
1.073474985659272392e+02
1.073342135833729856e+02
1.076532181224466740e+02
1.077399125523693897e+02
1.079009808076496029e+02
1.078537150221669378e+02
1.079594161778754398e+02
1.079619781968804801e+02
1.079670839597730065e+02
1.081065497885372935e+02
1.081160225596813120e+02
1.081168679640241521e+02
1.082694342254334288e+02
1.083884655556123278e+02
1.083534579762943224e+02
1.082288557186551969e+02
1.082607684903513814e+02
1.081683351560930646e+02
1.083320217370337275e+02
1.083660370530142103e+02
1.086431508246688367e+02
1.086426396577364670e+02
1.082596073666685896e+02
1.082907752242912807e+02
1.083385130715326028e+02
1.080737233383709253e+02
1.082376884241111838e+02
1.083515085368296553e+02
1.084434341959967298e+02
1.086889720990600239e+02
1.088700423208578343e+02
1.088508773209245959e+02
1.087572629894632712e+02
1.087575962423955644e+02
1.090235808792435250e+02
1.090944960253114004e+02
1.086906714688537932e+02
1.086875230967120700e+02
1.087535437293281291e+02
1.087393506303902058e+02
1.089165505008483308e+02
1.090193697842642138e+02
1.091085884175096510e+02
1.091174842151571482e+02
1.090168944535395781e+02
1.091609864794851035e+02
1.091788270976482238e+02
1.090742807224445130e+02
1.090639403282911815e+02
1.091064421796814656e+02
1.091322766563990569e+02
1.089555763315334218e+02
1.089586610512154721e+02
1.089401864916348188e+02
1.091059583618570201e+02
1.091103102063181041e+02
1.088999412990661142e+02
1.086866344290744451e+02
1.085906586913833394e+02
1.082913902309073819e+02
1.083644106100418867e+02
1.084006710477735140e+02
1.081080240022310051e+02
1.081273464980586709e+02
1.082750130896317700e+02
1.082089911825278392e+02
1.082976336182668291e+02
1.080847583944006942e+02
1.080636148669586021e+02
1.080694317807868856e+02
1.082142833887951383e+02
1.080599910598204190e+02
1.078807767585416997e+02
1.080992741851663936e+02
1.081406749968198540e+02
1.083535235653010744e+02
1.082045433489278565e+02
1.085448629713486639e+02
1.085648580773300438e+02
1.085701644670245258e+02
1.085391243156693122e+02
1.083634654390847913e+02
1.082272655473713030e+02
1.081961298077030875e+02
1.079870248103825787e+02
1.081372514041971726e+02
1.080546731090363721e+02
1.078884404451081451e+02
1.079308769799885255e+02
1.077357404174900353e+02
1.077424841632584105e+02
1.078166211236952563e+02
1.078616540250089315e+02
1.078706436017463659e+02
1.079763352446574203e+02
1.080423387978116807e+02
1.080898385779340742e+02
1.083119092353118873e+02
1.084481220291668535e+02
1.083114924448570235e+02
1.083447349369462103e+02
1.082785103607461963e+02
1.085124117101942858e+02
1.084839943793559343e+02
1.086676998403094387e+02
1.086790623755019851e+02
1.088200980229025134e+02
1.087977555454078100e+02
1.086888379997861165e+02
1.087818019522246829e+02
1.088188723128261586e+02
1.085713603069146984e+02
1.085319875635124021e+02
1.086435083452498276e+02
1.086699690712437985e+02
1.086902252434925771e+02
1.088652180724461260e+02
1.088404839082370046e+02
1.090458015475148699e+02
1.091302900546349122e+02
1.091601823801168791e+02
1.094442741657128693e+02
1.094682702302393551e+02
1.094874780481254675e+02
1.093132137106324819e+02
1.092475718238939635e+02
1.093194442923451248e+02
1.095148441644033142e+02
1.095444845777370375e+02
1.095520843040019088e+02
1.093666614629888159e+02
1.093812352960028562e+02
1.093549325965172869e+02
1.093647118539741570e+02
1.094997940418650302e+02
1.095647700390844506e+02
1.093982196537688907e+02
1.095732537136746743e+02
1.097277719396171847e+02
1.097979036124697387e+02
1.098952526242690624e+02
1.097752642781343013e+02
1.098842637572422944e+02
1.100432816385121981e+02
1.100867461952731219e+02
1.100209678157356166e+02
1.100971344636253946e+02
1.099264395978514841e+02
1.097612805689379059e+02
1.097241886148769794e+02
1.094612700999197585e+02
1.094254237704625865e+02
1.095435625314468524e+02
1.093858185302084252e+02
1.093434774259656592e+02
1.094758206102083733e+02
1.093409245033486172e+02
1.093093751118434795e+02
1.091013381469872883e+02
1.092513948959396970e+02
1.091735568361309703e+02
1.091090156751909888e+02
1.092888268200852764e+02
1.093240617609435077e+02
1.092868627612981669e+02
1.091490267171981401e+02
1.091229794883843596e+02
1.092100158743852489e+02
1.090342199949727728e+02
1.089229095413094655e+02
1.088955098750868444e+02
1.088379722279351682e+02
1.089097142867420018e+02
1.090846401383815447e+02
1.089367275616193211e+02
1.090941595425073274e+02
1.091289903235532108e+02
1.091148357100386050e+02
1.090996041229685005e+02
1.091101127121896184e+02
1.090992648691007787e+02
1.089470276197432241e+02
1.089111841481145575e+02
1.090034396011722038e+02
1.090917426652168416e+02
1.091441868124667280e+02
1.091390047952699973e+02
1.092882494199972996e+02
1.094729054039229652e+02
1.095430083248837150e+02
1.095340381524457030e+02
1.097603023396618056e+02
1.097381094820450045e+02
1.097039062125238189e+02
1.095128125270345549e+02
1.093396367883010782e+02
1.091916766043937201e+02
1.091664460517898334e+02
1.091201978567781055e+02
1.091839469227501240e+02
1.093284608312474262e+02
1.093397766349358164e+02
1.093054825019322891e+02
1.093096860891940310e+02
1.091116911249568062e+02
1.092246140969124184e+02
1.091729424606669596e+02
1.091080830396509072e+02
1.093015819220134972e+02
1.092007100516706117e+02
1.093360308155792353e+02
1.093257622553631876e+02
1.093335950192639814e+02
1.094433097732338638e+02
1.095012202869010451e+02
1.097283452828537520e+02
1.095600273002438882e+02
1.094081182405908521e+02
1.092092563173840176e+02
1.093199068903889213e+02
1.095559018769655495e+02
1.095690965943991415e+02
1.095986186155057851e+02
1.098276901115649338e+02
1.098005914286945313e+02
1.098930918179391796e+02
1.098007992322471438e+02
1.097414999006188765e+02
1.097390521909199350e+02
1.097328450476924360e+02
1.097576972004659410e+02
1.096569860714972009e+02
1.094971499928751086e+02
1.094910015832066676e+02
1.094896654394548108e+02
1.094841717706382980e+02
1.094658299943490505e+02
1.094776649747527415e+02
1.096957352481181687e+02
1.096594686770890661e+02
1.097179546668454151e+02
1.096225204093718020e+02
1.097433007351030056e+02
1.097446579742327089e+02
1.097168972804736455e+02
1.099367282465934039e+02
1.098946485875853369e+02
1.097018890109675482e+02
1.097346721903411861e+02
1.099075486961856001e+02
1.099425934054000464e+02
1.099599008028788774e+02
1.100756792306432317e+02
1.099870456685964086e+02
1.099769171294202579e+02
1.099392690213825858e+02
1.101402077778727886e+02
1.099927409624436052e+02
1.101543582975129141e+02
1.099614260843687106e+02
1.099859643211072466e+02
1.102167514397485917e+02
1.102004457428732991e+02
1.102805503984287583e+02
1.102588350997267099e+02
1.103881395803276604e+02
1.103754494736772500e+02
1.103726596925305188e+02
1.103265359460307593e+02
1.101974806678708916e+02
1.101308939109194682e+02
1.101551970774924030e+02
1.100759831304759899e+02
1.099279728075681390e+02
1.101410435473116110e+02
1.103133800691077511e+02
1.103127072187143511e+02
1.101370726346148103e+02
1.097827211730010788e+02
1.101620347764357319e+02
1.100828001924563466e+02
1.100765067045499706e+02
1.100899756633623241e+02
1.098979643327106146e+02
1.099026772269852472e+02
1.096790560136658712e+02
1.095112342156696457e+02
1.094708108300388005e+02
1.094419394869142366e+02
1.092918945694699318e+02
1.092636770603942296e+02
1.093120049867734025e+02
1.092463353718084988e+02
1.092579825848260384e+02
1.093151780439551857e+02
1.096245265817407102e+02
1.096508207915424009e+02
1.095673195400620727e+02
1.097558153415079971e+02
1.095798500831846383e+02
1.097075000378932828e+02
1.097267148471456437e+02
1.094830479348019168e+02
1.096269387617478515e+02
1.095258070782775661e+02
1.094930199680297136e+02
1.094049891302948652e+02
1.092886392735819214e+02
1.092551484350129130e+02
1.094561008526999188e+02
1.096587958810631704e+02
1.095253730136192445e+02
1.093912473646665262e+02
1.092957302043798933e+02
1.092965138108527441e+02
1.092935158888042366e+02
1.092588150918158618e+02
1.093450917428824738e+02
1.092428228722820762e+02
1.094064867480231129e+02
1.092629820960007976e+02
1.092486032100500211e+02
1.092655548675134440e+02
1.092496996917320331e+02
1.094017517672505164e+02
1.095955943335451082e+02
1.098898858811166264e+02
1.099235078785146698e+02
1.098698581355804862e+02
1.098918174911913042e+02
1.097748505079518111e+02
1.097760004571850487e+02
1.100313278848298779e+02
1.101492051654329885e+02
1.101714500080767181e+02
1.101761175386842524e+02
1.101459145637152517e+02
1.102094073464860742e+02
1.101494728310394748e+02
1.098682222486370819e+02
1.099783533969681457e+02
1.101571307220612681e+02
1.105449107385257577e+02
1.104984638099253260e+02
1.104334848281277317e+02
1.103315828683450235e+02
1.103272816071747968e+02
1.102515086301530971e+02
1.103775076718667663e+02
1.102421155436573770e+02
1.101827125197224717e+02
1.103186139522834424e+02
1.103433606929704496e+02
1.105880145559647900e+02
1.106310593627879655e+02
1.106460614004544567e+02
1.107785486325885671e+02
1.107614616303150825e+02
1.105856949981293553e+02
1.105223387839466369e+02
1.107660754915139449e+02
1.109156445905191646e+02
1.109541365110193567e+02
1.108699768346074137e+02
1.107098317237058467e+02
1.104925149329181266e+02
1.102826289658299856e+02
1.102844042169509606e+02
1.103504163730416820e+02
1.103392480765025141e+02
1.103838833193452587e+02
1.105171897547154458e+02
1.103619613202574641e+02
1.101387144599936079e+02
1.101211609089197196e+02
1.101295066055680820e+02
1.101344798966947423e+02
1.104264666827078827e+02
1.105313923567951093e+02
1.107212833308311275e+02
1.107972709503865616e+02
1.107131599204922310e+02
1.106519476216864035e+02
1.107672823585094477e+02
1.108587364854169124e+02
1.107763689792453619e+02
1.107874586655425162e+02
1.107593246423379441e+02
1.106060847445405102e+02
1.106385177742139092e+02
1.107545805873179887e+02
1.105356299805509792e+02
1.105254643521080595e+02
1.102529332261356529e+02
1.105759078407471350e+02
1.106976713191310324e+02
1.107397706592929296e+02
1.108617389969226537e+02
1.108930950378493350e+02
1.107566700281300740e+02
1.107168788298219795e+02
1.107256104464716486e+02
1.107249514565118460e+02
1.108536295537519862e+02
1.107614819370679555e+02
1.105318030964443494e+02
1.103445008805497025e+02
1.100713150056991481e+02
1.100339228263923843e+02
1.096959270229858987e+02
1.099199220034491162e+02
1.100839564063323053e+02
1.101071951295371889e+02
1.102809196890842429e+02
1.103994898607861614e+02
1.103002058955185021e+02
1.101948793737280141e+02
1.101130401028650141e+02
1.099331656719734696e+02
1.100727383804731687e+02
1.101589674990154606e+02
1.100967925328113921e+02
1.101122037216468641e+02
1.101038233475361210e+02
1.102245069547563503e+02
1.101166069982113385e+02
1.102832751213750839e+02
1.102852889758027146e+02
1.101057028234899633e+02
1.101189225459572327e+02
1.100452604035878323e+02
1.099122081722874640e+02
1.098742593622061037e+02
1.099076940304105392e+02
1.097255925336871201e+02
1.097548141098382359e+02
1.099228502674354218e+02
1.097507410166753061e+02
1.099493448972418577e+02
1.098832355293314720e+02
1.098106370787397594e+02
1.097583810020090596e+02
1.099560813139306958e+02
1.099462142934876567e+02
1.099145251962773671e+02
1.098002774938887711e+02
1.097640338010082530e+02
1.097265767744324876e+02
1.095026599922707362e+02
1.093871756427147943e+02
1.093062001232811298e+02
1.091784722808537822e+02
1.093566263106587542e+02
1.093135581700624073e+02
1.093586540971398904e+02
1.093223874033494667e+02
1.093582934447455699e+02
1.093519037234690643e+02
1.093110944490387624e+02
1.093171166990018150e+02
1.093125628148489881e+02
1.095257506258703728e+02
1.095054657913802600e+02
1.096514744924987781e+02
1.097149277038791553e+02
1.097635006926550005e+02
1.098209505365707912e+02
1.097189243188379209e+02
1.097297733817995322e+02
1.097205204583718796e+02
1.096779342452171733e+02
1.095387090871206510e+02
1.093206603152062826e+02
1.091720095766206668e+02
1.091325964395456651e+02
1.089724227107723209e+02
1.089547790507460689e+02
1.090660322795531982e+02
1.091383957515726308e+02
1.092277055349941151e+02
1.092901235355086698e+02
1.091331782330547497e+02
1.092581667410718893e+02
1.095019926191184396e+02
1.095170055021997939e+02
1.093248424157241487e+02
1.093476657425063649e+02
1.093397085194859812e+02
1.093456889196245925e+02
1.093477117873959799e+02
1.093558852885035009e+02
1.093468624050529172e+02
1.092784808721946490e+02
1.093948703543361631e+02
1.094160432397129483e+02
1.094043740848170785e+02
1.094962793409185764e+02
1.094977899688915954e+02
1.096022657246073351e+02
1.098608225657588520e+02
1.097247930847228332e+02
1.096927645283242327e+02
1.097227554799610090e+02
1.097350947721594423e+02
1.097828209329497611e+02
1.096425359671728188e+02
1.096925878700278929e+02
1.097322517051434119e+02
1.101260261561887859e+02
1.101854585547881271e+02
1.103757170043990783e+02
1.102864828407077624e+02
1.103032669879416829e+02
1.105061286125707340e+02
1.105740144354342220e+02
1.105025542596211778e+02
1.107268091396480401e+02
1.106195494230128418e+02
1.104955047921890383e+02
1.103890420719483245e+02
1.105724887033807136e+02
1.103467480021770939e+02
1.104070482085619318e+02
1.104614272718037000e+02
1.104968141142888953e+02
1.103192129762360736e+02
1.103346659922126207e+02
1.104509997397713335e+02
1.105297916223197205e+02
1.104801226397920004e+02
1.101580674011776324e+02
1.102122718484478980e+02
1.100164197559608112e+02
1.101538482912234400e+02
1.103533165402781719e+02
1.103332104417694524e+02
1.105399703797736919e+02
1.105296147572277050e+02
1.104193758643886127e+02
1.108032329137996612e+02
1.107986050526738921e+02
1.106464422396120568e+02
1.107176791822186033e+02
1.105717155511872534e+02
1.105102405000567245e+02
1.104731231966158163e+02
1.102982058293393237e+02
1.101659727286746318e+02
1.099272592218798650e+02
1.099357088742542174e+02
1.100843989496025870e+02
1.101179438611244876e+02
1.101672941858404613e+02
1.101759334093491560e+02
1.101717926859711412e+02
1.101271620182085655e+02
1.101533358433032674e+02
1.099979113220689584e+02
1.101533708601361781e+02
1.101606400083130666e+02
1.101489664417790095e+02
1.101819021406691093e+02
1.102815297998769921e+02
1.103714363344363960e+02
1.101900904605260934e+02
1.103430266911537956e+02
1.101693314591909143e+02
1.101273313295762364e+02
1.102762595054139609e+02
1.103652854908406908e+02
1.105141896152559724e+02
1.103552490970853341e+02
1.103949784472560793e+02
1.105135006030041041e+02
1.105899905956871265e+02
1.104889594127668744e+02
1.104972177882019366e+02
1.103474885965895851e+02
1.104878960852777112e+02
1.104325679914711884e+02
1.105341080625436376e+02
1.106400323808345973e+02
1.107366304809144140e+02
1.107208120546428347e+02
1.106251308696821241e+02
1.104662776709776892e+02
1.103382521741880851e+02
1.105240764557648561e+02
1.105690771790716553e+02
1.105663710925255572e+02
1.106535948583100435e+02
1.104130689639572296e+02
1.103948569070125529e+02
1.103950222700464963e+02
1.102127585290792808e+02
1.102289793740048225e+02
1.100883687504715169e+02
1.100384747014459492e+02
1.099828388908466508e+02
1.100131257857759124e+02
1.101794411197834620e+02
1.101592380076228039e+02
1.101865369533836514e+02
1.103295086513478225e+02
1.101689087083865672e+02
1.099439905521297618e+02
1.101356663001258198e+02
1.100396978396664167e+02
1.101567829557372136e+02
1.103340150397996666e+02
1.103522904201271899e+02
1.105558881628629990e+02
1.105731427982450725e+02
1.105962999876351205e+02
1.105630803438136667e+02
1.105211158648393592e+02
1.103718471587123844e+02
1.103517589735171782e+02
1.101889170117866712e+02
1.103568650713631598e+02
1.103500284444821204e+02
1.101533716341279927e+02
1.099628425345782432e+02
1.099213362560997922e+02
1.099794271986160652e+02
1.098453618942361629e+02
1.098266867164966385e+02
1.098330239011120142e+02
1.099149697825098428e+02
1.100945623190472702e+02
1.100327443959115783e+02
1.098287557403443486e+02
1.098459113824514475e+02
1.099834745763987769e+02
1.099589256780815987e+02
1.099314228607907467e+02
1.099463621333442376e+02
1.099497416374470617e+02
1.100385597398096706e+02
1.102408753336728324e+02
1.103660291551181274e+02
1.102961433965355553e+02
1.103252444125865281e+02
1.103652190356291385e+02
1.103678412975915819e+02
1.105270492346030551e+02
1.105687299919135000e+02
1.103387124681139539e+02
1.103373002595277370e+02
1.104359751380609538e+02
1.104686367589810203e+02
1.105329077206075112e+02
1.104536147281144878e+02
1.100186754522650148e+02
1.100652511720779785e+02
1.100520059179127941e+02
1.100531416012172627e+02
1.098096162046001041e+02
1.097649294061867380e+02
1.098078308362083391e+02
1.097934679308440877e+02
1.097164930938445622e+02
1.096663465278955556e+02
1.098412316672135773e+02
1.099407738059405233e+02
1.100143150280741224e+02
1.099874316745411420e+02
1.100505499719270119e+02
1.100992791363529477e+02
1.101152580240020029e+02
1.099869062684714578e+02
1.099501345912943009e+02
1.099314546788538394e+02
1.103113227338722595e+02
1.103214710418753555e+02
1.102326975416103494e+02
1.101334724317418363e+02
1.099255415906541771e+02
1.101160527995964884e+02
1.101768916391324780e+02
1.101526047348974231e+02
1.099447985988269068e+02
1.101142596382057945e+02
1.099804460420342451e+02
1.103340291147842720e+02
1.102955859919252646e+02
1.102855071562930789e+02
1.101593557390507527e+02
1.101723156709934131e+02
1.103324565733130243e+02
1.103320551812550718e+02
1.103585519185340189e+02
1.102768395923349374e+02
1.103472517647877993e+02
1.101210335439037777e+02
1.102305549527833506e+02
1.101494050957227842e+02
1.102442754161426564e+02
1.102496280161456923e+02
1.101419625807584595e+02
1.101291724152783615e+02
1.101435315711516552e+02
1.101611951189653951e+02
1.100759529188894845e+02
1.100173596601067061e+02
1.098847235418341768e+02
1.099431034111498633e+02
1.099836413307004221e+02
1.101104997515348316e+02
1.102878565911019990e+02
1.104612438992742938e+02
1.104387581869870303e+02
1.103035708504253876e+02
1.101457155929783909e+02
1.102016799543982017e+02
1.102642369113094105e+02
1.103258559340697360e+02
1.103008496339028142e+02
1.104671939409020780e+02
1.103487184299488462e+02
1.101494045573247007e+02
1.103424543558930537e+02
1.103072633206924422e+02
1.101945523505064415e+02
1.103218068170438499e+02
1.102909132129939138e+02
1.101561583702674625e+02
1.099466040799103865e+02
1.099098600794310130e+02
1.100496469677222535e+02
1.101186586640072278e+02
1.102196626709924487e+02
1.103480119390243459e+02
1.103692003037041900e+02
1.103335800792554409e+02
1.101940532386547744e+02
1.102027453378467357e+02
1.103465399798881776e+02
1.103282451282631627e+02
1.103633140687249892e+02
1.104620185592436314e+02
1.107178482727809126e+02
1.108862101706607035e+02
1.109580373412407681e+02
1.108078083900725943e+02
1.108238986661486649e+02
1.105644315476685620e+02
1.105544349956689558e+02
1.104447201159262590e+02
1.105162794318952706e+02
1.105262728444673428e+02
1.106362164863803770e+02
1.106601735358664911e+02
1.107035485187158059e+02
1.104959740394413927e+02
1.105129709608458910e+02
1.104918147382741296e+02
1.107061523782499251e+02
1.108832295995865991e+02
1.109011770689798055e+02
1.110042142132482752e+02
1.109414818313580611e+02
1.110699275325635824e+02
1.112656857516997349e+02
1.110959342050000913e+02
1.109547451576005557e+02
1.109727878099978824e+02
1.111300295155397038e+02
1.111186859112637251e+02
1.111146954945998999e+02
1.111338694915675376e+02
1.112377854006537063e+02
1.113088822056424760e+02
1.113051159802569003e+02
1.113159340066935101e+02
1.112792918697800104e+02
1.113010923645359611e+02
1.113618380724096681e+02
1.113118478123299866e+02
1.113157160924126572e+02
1.113242690329033735e+02
1.113726659933164598e+02
1.113900656431868583e+02
1.115408619072268124e+02
1.119987194344810888e+02
1.120484547633203221e+02
1.119499538362801445e+02
1.117987803019991020e+02
1.118220810579249473e+02
1.118667284013093166e+02
1.117216133619443355e+02
1.117309398202553297e+02
1.117929944058394511e+02
1.118796491252918770e+02
1.117916908056500631e+02
1.117542941998104453e+02
1.117248586874642058e+02
1.117042663358958663e+02
1.116563449347034549e+02
1.116886008760193647e+02
1.116805676879226183e+02
1.115481262990758182e+02
1.117174168414557300e+02
1.118965838629109726e+02
1.118263135220647513e+02
1.118540862630111690e+02
1.117924204718423198e+02
1.116927309668705846e+02
1.116198147535783392e+02
1.117464317178156534e+02
1.115399880234961927e+02
1.117108994544518765e+02
1.115933822321500344e+02
1.115269128634819111e+02
1.115763002131944290e+02
1.117748212222443556e+02
1.117808691025288823e+02
1.114006546903306827e+02
1.115400262710455479e+02
1.113867678442182836e+02
1.115721823561430881e+02
1.116417426895311280e+02
1.116447497234212847e+02
1.115095016152123151e+02
1.113573613572902019e+02
1.112487690209221540e+02
1.113049830134401077e+02
1.113574986326027840e+02
1.113425173110372839e+02
1.114624393375978855e+02
1.113999038171005083e+02
1.113777317243755078e+02
1.113333175093327299e+02
1.111581486394967158e+02
1.111572956697657872e+02
1.109817695240899980e+02
1.111506295913858509e+02
1.113189048413928788e+02
1.114920197091343397e+02
1.113512736260549758e+02
1.111768096330454370e+02
1.111526152860102172e+02
1.111726721065275143e+02
1.109704191324217675e+02
1.110857428977327999e+02
1.108222031002360808e+02
1.108691746997304080e+02
1.108835904380198230e+02
1.108730282218246970e+02
1.108229595180250300e+02
1.108112820402222951e+02
1.107841622610638694e+02
1.108713712554576460e+02
1.108781746887034814e+02
1.109267619638768281e+02
1.109367611456586928e+02
1.109321283988681444e+02
1.110733563035886675e+02
1.112866177971134221e+02
1.113693992236484576e+02
1.111063081340119396e+02
1.109687689760547187e+02
1.108450413418579217e+02
1.107098898972378578e+02
1.105600709679786462e+02
1.106575858169012747e+02
1.104750911508986917e+02
1.103503862245264031e+02
1.103454137033037057e+02
1.105400899344044205e+02
1.105984503606338762e+02
1.107480417929444485e+02
1.107173338229115842e+02
1.106979336896684600e+02
1.108591132171002727e+02
1.107678504823299050e+02
1.108737993017661978e+02
1.111470357731480902e+02
1.113436719118031988e+02
1.114848243446083131e+02
1.113223257459503373e+02
1.111056092900355736e+02
1.109913759294059616e+02
1.111314135973469774e+02
1.112890564532469710e+02
1.114908734914705519e+02
1.114399554209676211e+02
1.113592889960321912e+02
1.113067227673297310e+02
1.112599051436038735e+02
1.111877286285050843e+02
1.111180924691227858e+02
1.111364332934497696e+02
1.112593767704609462e+02
1.110920928709954865e+02
1.108985484252049503e+02
1.111057076827821675e+02
1.112571538460656484e+02
1.111664869879762989e+02
1.110849110460243878e+02
1.113124816922114491e+02
1.113113149155838073e+02
1.112170664311550752e+02
1.113963001641051704e+02
1.113862676372177702e+02
1.113648365595213932e+02
1.113146525878578359e+02
1.111053825732955858e+02
1.111115618558205682e+02
1.112072026074059039e+02
1.112828287027217300e+02
1.114844346253977818e+02
1.114614746330206003e+02
1.114994530027781821e+02
1.114400338715508241e+02
1.114043523385767713e+02
1.113843114024092955e+02
1.114849955910132877e+02
1.114672263379329280e+02
1.108308643901867754e+02
1.105878031898749470e+02
