8.233276170405780192e+01
8.175195268355538758e+01
8.177209815883932720e+01
8.162838573960901556e+01
8.111350291923930911e+01
8.059031170574883163e+01
8.028213908749545169e+01
8.001774048629782499e+01
7.988000377367572469e+01
7.947957650172195088e+01
7.922819957598338192e+01
7.902969561885048222e+01
7.875265800077097822e+01
7.852921271995795394e+01
7.826626368211320539e+01
7.796259740588907050e+01
7.752766775496782259e+01
7.729716930890219828e+01
7.676168586388509141e+01
7.658075268677745839e+01
7.652197101314477834e+01
7.643955532875122572e+01
7.646555137761687604e+01
7.612516138362593665e+01
7.578421293165121142e+01
7.559963066269371268e+01
7.536802245426335389e+01
7.510501763256277741e+01
7.484967071977938247e+01
7.434898198757704790e+01
7.432714634923206631e+01
7.421377309190411609e+01
7.413065647194461860e+01
7.409176777375562040e+01
7.410576417894863255e+01
7.368096124523863466e+01
7.339098936057632727e+01
7.338688701810455939e+01
7.306656805410861466e+01
7.296373457641978177e+01
7.281127064091917589e+01
7.247311341315335653e+01
7.240109162095494355e+01
7.233893699279104794e+01
7.224459709579714684e+01
7.216144414732505652e+01
7.200542092995839027e+01
7.196463557919267373e+01
7.191878834882454896e+01
7.162513073501401095e+01
7.151383591597848977e+01
7.147728945712660220e+01
7.114497736705617115e+01
7.123649674074957261e+01
7.108398182529590770e+01
7.112457130712424203e+01
7.097911314080418776e+01
7.089966009471002906e+01
7.065633515293293954e+01
7.045366448752302801e+01
7.036952198963550131e+01
7.025386662134103233e+01
7.038110522613146713e+01
7.037194705231428316e+01
7.016009747761455628e+01
7.023646923255998331e+01
6.987530400554744858e+01
6.969377892129121221e+01
6.983088891442734791e+01
6.969474214757464381e+01
6.943607946033313283e+01
6.909765154313323876e+01
6.907745011088849196e+01
6.897696444167033292e+01
6.907959430431783687e+01
6.909867081265342392e+01
6.909463387072676710e+01
6.912542714368856878e+01
6.909469339269924149e+01
6.910409126089062681e+01
6.912472744664626134e+01
6.900115622961577344e+01
6.910534655306545915e+01
6.913522164427423888e+01
6.892926417175320353e+01
6.893638700814096865e+01
6.890590434806101428e+01
6.889860674816891617e+01
6.911882966496496294e+01
6.893029747298743359e+01
6.892613954742418514e+01
6.894115444504292611e+01
6.890999888097613280e+01
6.868645657551887496e+01
6.853471619194482400e+01
6.858368645694078225e+01
6.852964732560938899e+01
6.847755857831768367e+01
6.826325957028186053e+01
6.824949164198299911e+01
6.832628815000903444e+01
6.832084743801780746e+01
6.823117241795502252e+01
6.819576452928056653e+01
6.824449148350372241e+01
6.829378401093160278e+01
6.816060045634515063e+01
6.848159589019644500e+01
6.839023660449065289e+01
6.843540993405366635e+01
6.825969158519528435e+01
6.810195325523977772e+01
6.792764213533816076e+01
6.796277127679798014e+01
6.789305998187893465e+01
6.762463582166056142e+01
6.771633692835617069e+01
6.771057480965683339e+01
6.787467380534656058e+01
6.796358216081554815e+01
6.795830493610120016e+01
6.791494313780377468e+01
6.808885319546818948e+01
6.811817765277402259e+01
6.826644272018350534e+01
6.826500568330048679e+01
6.825876192633222672e+01
6.820302774464323647e+01
6.816848932301681430e+01
6.812771954594363422e+01
6.790508372086347322e+01
6.811121452945749866e+01
6.829817550846480856e+01
6.844816931232034563e+01
6.844930176770903074e+01
6.849478055449824865e+01
6.848919250915233192e+01
6.837931511115641570e+01
6.831994132208407677e+01
6.832838718208701323e+01
6.836423778480182989e+01
6.839357648907842702e+01
6.840376728989693333e+01
6.840660835303492604e+01
6.855141693422453386e+01
6.829444396647365068e+01
6.817106577397295553e+01
6.799844659815524039e+01
6.806258184193676186e+01
6.793973578453345397e+01
6.771738637620509849e+01
6.789735622203328091e+01
6.780984618890859394e+01
6.764422462214251652e+01
6.729948502228356233e+01
6.732077173166292994e+01
6.732336936307136455e+01
6.732128171747821455e+01
6.748824828484146110e+01
6.741900094186804893e+01
6.744490933513723974e+01
6.747750595641808502e+01
6.749724031068349461e+01
6.753326429484846471e+01
6.735636399997341073e+01
6.744627039899172871e+01
6.769776582793707576e+01
6.775842873520214482e+01
6.783031496298318075e+01
6.775059910844623801e+01
6.773913785403888710e+01
6.757855582100357594e+01
6.757411141291034085e+01
6.753454487586590460e+01
6.752949581468507745e+01
6.752605408956645761e+01
6.770565068479338322e+01
6.789380691173552407e+01
6.776923632096010408e+01
6.786070207380500108e+01
6.786847799216668875e+01
6.788903699155750360e+01
6.786271946032834990e+01
6.773981931193323192e+01
6.778018854333747356e+01
6.774965058996387768e+01
6.767123125202840583e+01
6.777609943726572794e+01
6.775534411658902911e+01
6.787425309864035228e+01
6.770379629112829889e+01
6.756365873228078556e+01
6.750937010961627038e+01
6.746717792154154836e+01
6.779780604507760700e+01
6.775950618968084882e+01
6.774748185124661859e+01
6.792531412018453807e+01
6.798752507300883963e+01
6.819178037974373296e+01
6.809525187599307117e+01
6.793757913886885547e+01
6.792829955680547016e+01
6.808321363089032729e+01
6.804868237512152973e+01
6.800434474408126562e+01
6.799227934871684909e+01
6.803028144475224792e+01
6.804377689248354955e+01
6.814774866951873378e+01
6.792490136379370824e+01
6.793879999417296744e+01
6.810356826596039070e+01
6.798293536757570621e+01
6.799216569276001110e+01
6.800340325347134751e+01
6.814560696159753661e+01
6.817846948777147986e+01
6.833378348022415594e+01
6.833862968234618052e+01
6.833580872576398235e+01
6.823700162243414979e+01
6.823645960802407728e+01
6.831217123024801197e+01
6.852071304349540526e+01
6.854395077299551531e+01
6.859851314053130977e+01
6.869654386631530940e+01
6.846850872034764279e+01
6.843773608780200846e+01
6.827256641524779468e+01
6.826480013997890239e+01
6.848901423974498925e+01
6.850875577680065476e+01
6.852279469142980872e+01
6.853019111480780623e+01
6.848314705758701848e+01
6.841045785759376940e+01
6.847769755508025469e+01
6.839591583110279771e+01
6.845866102635105221e+01
6.846842026969569872e+01
6.853066296007230562e+01
6.850243643562637885e+01
6.844700460084064275e+01
6.833696203824946735e+01
6.828459843412863961e+01
6.829192311225534695e+01
6.829383848367027099e+01
6.821104849615018395e+01
6.830681956046898051e+01
6.821926702510049267e+01
6.814224340093738874e+01
6.798122046902022930e+01
6.828337489526947479e+01
6.854131287273567352e+01
6.867221645569517818e+01
6.869616825384294145e+01
6.868943211918259806e+01
6.860188182339027207e+01
6.867809170213139680e+01
6.887648329597243446e+01
6.871565077636542185e+01
6.874681201137860853e+01
6.874048505980756829e+01
6.867588877760273647e+01
6.870131996741937996e+01
6.888479548965020172e+01
6.915005544220647948e+01
6.909225326500792619e+01
6.906047918749628423e+01
6.910434138013170013e+01
6.929872488621994364e+01
6.926470325662049277e+01
6.932576589845579917e+01
6.897743234741909646e+01
6.911310724762869029e+01
6.931667746162132460e+01
6.939333462802636632e+01
6.932738111559957872e+01
6.936752633319159145e+01
6.950807970761245258e+01
6.921045900342319612e+01
6.918365555502820996e+01
6.936538439725471505e+01
6.929300101819875124e+01
6.914783763574878606e+01
6.910451830447865973e+01
6.913163764128245248e+01
6.911044101775920012e+01
6.905191537217389453e+01
6.905083408035829962e+01
6.896282920795282223e+01
6.909151851549577827e+01
6.895768885891871491e+01
6.911501999701737020e+01
6.914085433066780695e+01
6.935249911264581613e+01
6.913665883260219402e+01
6.912292751372244481e+01
6.935172232463938258e+01
6.950266258500961669e+01
6.956553926705871049e+01
6.958620479639479584e+01
6.973132329680953490e+01
6.989862468393374684e+01
6.958548820895360620e+01
6.980670534517929582e+01
6.998581195922471920e+01
6.998630012540255052e+01
7.011629813444443471e+01
6.993496298585830573e+01
6.992664936930316344e+01
6.989917342217093221e+01
6.984036400815850243e+01
6.978253280803563996e+01
7.005868713675164372e+01
6.985234270830579817e+01
6.988398077409443943e+01
6.985757132478703113e+01
6.962744498445221097e+01
6.978440710819869253e+01
6.954601514543459473e+01
6.960260987621937545e+01
6.962209086253564294e+01
6.947783228858132532e+01
6.956078681751264980e+01
6.951514660761030484e+01
6.955385849341095650e+01
6.940596723452735262e+01
6.936283298758183946e+01
6.931608405729450340e+01
6.939752209882453826e+01
6.953051662571270697e+01
6.952804094568358551e+01
6.953273420002837213e+01
6.970513753891239617e+01
6.990754745791531377e+01
7.009458833604605843e+01
6.995932926554914388e+01
6.989310612499501474e+01
6.976193606570639361e+01
6.969528541684842082e+01
6.969629308881637542e+01
6.954674671534796460e+01
6.971050211738136682e+01
6.967218885442002829e+01
6.966521168310097778e+01
6.988977223789422055e+01
6.973263440307641758e+01
6.955125825221456637e+01
6.951562002973277288e+01
6.947627937946485588e+01
6.952121153312376123e+01
6.971299390952678721e+01
6.975467975831568879e+01
6.976013465359828558e+01
6.990140669031815435e+01
6.992499702912469672e+01
6.974281577057814729e+01
6.954527836738665769e+01
6.957183708446511616e+01
6.967691367024399085e+01
6.972676025837921543e+01
6.960098520064596528e+01
6.954255116384594260e+01
6.957822259824331468e+01
6.969036118658894452e+01
6.938330309313994348e+01
6.913585777421869238e+01
6.913744687993248306e+01
6.928151431940068505e+01
6.919564836586692991e+01
6.916354241693029792e+01
6.924344905219004431e+01
6.932557051675533444e+01
6.953814524253658647e+01
6.961704789122440218e+01
6.975796784646945525e+01
6.948785980161605380e+01
6.955987438962716851e+01
6.963737958924150462e+01
6.939971404195725313e+01
6.970964605929009394e+01
6.973860312681067342e+01
6.982420522471414870e+01
6.991502791283082274e+01
6.992223016105000966e+01
6.982362671672177612e+01
6.971169903530767442e+01
6.961756537338312967e+01
6.991920805462181931e+01
6.961906445802661381e+01
6.989195435043691873e+01
7.009730805361657247e+01
6.991905438386469029e+01
6.971024026930290063e+01
6.957521731072375815e+01
6.952346724332204531e+01
6.952542019533331086e+01
6.968715154142833512e+01
6.964649205135957288e+01
6.970225467475293613e+01
6.989213898015617588e+01
6.972637713478651733e+01
6.966387177865253477e+01
6.974455870385368428e+01
6.972068033090945960e+01
6.973255738956723349e+01
6.953394282336424226e+01
6.945788081683708981e+01
6.955275081888848376e+01
6.968722819198090690e+01
6.968308659343510669e+01
6.969760070504233340e+01
6.951211744944627924e+01
6.953525674546828839e+01
6.928808311388742425e+01
6.929125040467019403e+01
6.958679079782588417e+01
6.929413418560463356e+01
6.935713047710413548e+01
6.929294099340593505e+01
6.911222193467951058e+01
6.897729578681108364e+01
6.887900147007555063e+01
6.896048937755472252e+01
6.891789629512504689e+01
6.897871595505274911e+01
6.890726266215639839e+01
6.900834283058627250e+01
6.913127083046420296e+01
6.913304110965927407e+01
6.909733065422545906e+01
6.929882891474409234e+01
6.931476317969595868e+01
6.948290494047748211e+01
6.971792520129787363e+01
6.972103679971984036e+01
6.958686337129414312e+01
6.952852042571119284e+01
6.975920432900663570e+01
6.960337327862033874e+01
6.953509755422913940e+01
6.981894214895261541e+01
6.969547377771985452e+01
6.952271091931550018e+01
6.948374217510995265e+01
6.969681580445310942e+01
6.985121835545538715e+01
7.003844044317690987e+01
6.983590833135468756e+01
6.967530884374043865e+01
6.953493502972085594e+01
6.941056809308061304e+01
6.943857419183638058e+01
6.953528940410461701e+01
6.956328291313427314e+01
6.974710427850649808e+01
6.950872633803952283e+01
6.956587887631623346e+01
6.957098709485055110e+01
6.940735458605063002e+01
6.934147809268661433e+01
6.933941006177755639e+01
6.922634359830894368e+01
6.933451037795617822e+01
6.953625454248492588e+01
6.941998605742439565e+01
6.939034251767607486e+01
6.950304504746226542e+01
6.952053818535127050e+01
6.934660510248130549e+01
6.935967507543455213e+01
6.932610550825542362e+01
6.932169757635283247e+01
6.930595984792230979e+01
6.936241518982363630e+01
6.949395505459054334e+01
6.934264489784929708e+01
6.954637500903628222e+01
6.942007512704039129e+01
6.931498805930552010e+01
6.925012698460589888e+01
6.922325146713575350e+01
6.924520664271396697e+01
6.907391092826200918e+01
6.910167643456736641e+01
6.889379577398369747e+01
6.894702655949932080e+01
6.908616775308986746e+01
6.905282294769067164e+01
6.893524434849258853e+01
6.884720780316058608e+01
6.867931486540447850e+01
6.891111491317086291e+01
6.896698152253149772e+01
6.895211297986489285e+01
6.895842104934661165e+01
6.894260748049906340e+01
6.905629646858197646e+01
6.928845299741934127e+01
6.896444999928174013e+01
6.887742592676165998e+01
6.905603643283336623e+01
6.909983213628579790e+01
6.925914682118462906e+01
6.909278989406675464e+01
6.898761238401755236e+01
6.896939609482639355e+01
6.885884952894635092e+01
6.880396530701632685e+01
6.861438389044127462e+01
6.867183331815283509e+01
6.854979003960198725e+01
6.873114334836409967e+01
6.891442804214689488e+01
6.911007977424787896e+01
6.903197616061682140e+01
6.912021459237246290e+01
6.885687525084986760e+01
6.875631301667021944e+01
6.890444410649341478e+01
6.908113814975146738e+01
6.890227546578989859e+01
6.872038867916222671e+01
6.889798429022113169e+01
6.870234250003976229e+01
6.873736424172800241e+01
6.874850806159528815e+01
6.875518717639903343e+01
6.876434493930371161e+01
6.867538264742414356e+01
6.853607663494187818e+01
6.845832814688340306e+01
6.870235239029803154e+01
6.888753998646305376e+01
6.896808572140682259e+01
6.918068180798660194e+01
6.917805244926167063e+01
6.935586009607737878e+01
6.935909537947458148e+01
6.920984626829600472e+01
6.939168296496049493e+01
6.950517651859877333e+01
6.935488422929306296e+01
6.934125643376940218e+01
6.932335285705893568e+01
6.939565761078681305e+01
6.943658040347582983e+01
6.946152456945756626e+01
6.952407595514347349e+01
6.937238423725412417e+01
6.922237477347238155e+01
6.913134799718605450e+01
6.923724950283191504e+01
6.934501556322739191e+01
6.931350089454006991e+01
6.934579740183853858e+01
6.933302944192658401e+01
6.932788225591535536e+01
6.938523881562387885e+01
6.940254738015629243e+01
6.914711777914087065e+01
6.900392883261393706e+01
6.897095249800631223e+01
6.916017160486541115e+01
6.898095211222562284e+01
6.907985979182760161e+01
6.894025223978704275e+01
6.885088597079275985e+01
6.906031075658239615e+01
6.905798478898488213e+01
6.903019490540920344e+01
6.903338892189854903e+01
6.913219418755859635e+01
6.901946558955387445e+01
6.899961913436401062e+01
6.892100680276936941e+01
6.905512908652545434e+01
6.892275590768961990e+01
6.872789336037300245e+01
6.868720737100552753e+01
6.859840320936058333e+01
6.861714382318113792e+01
6.888133949327321659e+01
6.901997405768605631e+01
6.912275726430826239e+01
6.881062455751079199e+01
6.858978824145569320e+01
6.849382898594039659e+01
6.838430687567961286e+01
6.833273050211433031e+01
6.836225415070556721e+01
6.836680952439363068e+01
6.831249171815815657e+01
6.830943560456395858e+01
6.808101439813049183e+01
6.807378548788648231e+01
6.799153194233927877e+01
6.811374070057250663e+01
6.813184607650876501e+01
6.819502445661112233e+01
6.840127916166701993e+01
6.837266873877035778e+01
6.834144614291498954e+01
6.852577313899848832e+01
6.849732628854742700e+01
6.812569784622806424e+01
6.828746351460300446e+01
6.834559508124000615e+01
6.843286526947390769e+01
6.833204128663008703e+01
6.841320706303231702e+01
6.835488314225206352e+01
6.820733952048222193e+01
6.818651525077558517e+01
6.814879589600573695e+01
6.811923733702741401e+01
6.810521987224673524e+01
6.801627112855281609e+01
6.810162756481292945e+01
6.808046857150334574e+01
6.816049071126671777e+01
6.831419048513288317e+01
6.833336276290972933e+01
6.853787831339617753e+01
6.869405788900391485e+01
6.868266811792020121e+01
6.852408789955624968e+01
6.853880443195461680e+01
6.872266523501890845e+01
6.876082717346221784e+01
6.872284961143029136e+01
6.869025399992790426e+01
6.868617846625174650e+01
6.856868885578485617e+01
6.856945382277979206e+01
6.871679119016540938e+01
6.870621151472684573e+01
6.855028589220256663e+01
6.885420787629458061e+01
6.865384679826556180e+01
6.859252618413053426e+01
6.875348265448785412e+01
6.888529192034003756e+01
6.908829339500472599e+01
6.905363315747280240e+01
6.891759190012082570e+01
6.890792454706378578e+01
6.881663257172127146e+01
6.872397161564578028e+01
6.875560505840714143e+01
6.869830295745707360e+01
6.866659692018843941e+01
6.853200466267233537e+01
6.869131800685173062e+01
6.869977074755652779e+01
6.849753745704391861e+01
6.846833545519110942e+01
6.835776462504612994e+01
6.842989890254750662e+01
6.873948610007852267e+01
6.864307925039973668e+01
6.873754410924564695e+01
6.891508435305006230e+01
6.893578723537885367e+01
6.885475518413157658e+01
6.876853801199293059e+01
6.857382884277004109e+01
6.850267481809335379e+01
6.844371574395110258e+01
6.862404020215952016e+01
6.867024988486475934e+01
6.855829205591311393e+01
6.842504479145108576e+01
6.827095071499263668e+01
6.829737870370138353e+01
6.831332104400667049e+01
6.838727887228442626e+01
6.855047878013465379e+01
6.847516570821353810e+01
6.861746790050702316e+01
6.868403941021141179e+01
6.876482410311270144e+01
6.874365429652524995e+01
6.874154543245947480e+01
6.876512665100734978e+01
6.863458895041237895e+01
6.880256801654135757e+01
6.877682666460461292e+01
6.857886509685242515e+01
6.873092679301947783e+01
6.877489163506682246e+01
6.876768651728080783e+01
6.910693261385246444e+01
6.933565457507641838e+01
6.936448897707400363e+01
6.955182822623856964e+01
6.959999047076935597e+01
6.955121948564637080e+01
6.971336232156642154e+01
6.941046983096524059e+01
6.932718471972944485e+01
6.947548776865183129e+01
6.928521101770635937e+01
6.892696577247286882e+01
6.879278211808815513e+01
6.888686801320341146e+01
6.877159602739560285e+01
6.878553844992232769e+01
6.888259738174356528e+01
6.892583274413244965e+01
6.871407801138856541e+01
6.887387771063232833e+01
6.893220844789006208e+01
6.894050866940634137e+01
6.889237814745864341e+01
6.889585785248524985e+01
6.891411665428320532e+01
6.893782654253334385e+01
6.905818410585595757e+01
6.900585180034975963e+01
6.892516021203586263e+01
6.889880251798828681e+01
6.892466678546465175e+01
6.896451867177133011e+01
6.913673295749489967e+01
6.912193880118095990e+01
6.922911512264045086e+01
6.912172928379075643e+01
6.899008330481983364e+01
6.872244622020262739e+01
6.877406388790862479e+01
6.872088639231643015e+01
6.866699426809900331e+01
6.871238301384828162e+01
6.882888282968345095e+01
6.896379009478621924e+01
6.890237386259377672e+01
6.890627415407121248e+01
6.889986253011066708e+01
6.928142320521000386e+01
6.895621224719340603e+01
6.910802509868464938e+01
6.912118386663627234e+01
6.904083176371732122e+01
6.868848250509086029e+01
6.857463027062537719e+01
6.855981572393713463e+01
6.862582747807014982e+01
6.868703110888783669e+01
6.872866949903665557e+01
6.853176241099249921e+01
6.841172640729070054e+01
6.847607839962559240e+01
6.850933289475871391e+01
6.860003499191923027e+01
6.875434889198342603e+01
6.858310154926031998e+01
6.869783575835108991e+01
6.864598661185132755e+01
6.886436621865266261e+01
6.892816509734578290e+01
6.909038050821678212e+01
6.909593873716656276e+01
6.902746991375151708e+01
6.894581085394189301e+01
6.933808089278818443e+01
6.888120361681778547e+01
6.886744769821321199e+01
6.880248253831187810e+01
6.893503090465566174e+01
6.892886967766038708e+01
6.889825707306260938e+01
6.873982741365384186e+01
6.878083677411494534e+01
6.874979651143327430e+01
6.870256595376203279e+01
6.869720546741153555e+01
6.885794382112518974e+01
6.891663462550056352e+01
6.890214745453675960e+01
6.887328883410039282e+01
6.886920446551130226e+01
6.884232737278945535e+01
6.884530542185842705e+01
6.861544169680330185e+01
6.845214362927772811e+01
6.852661518147507991e+01
6.849267318986159125e+01
6.878648169155769665e+01
6.894386301668956207e+01
6.872330732827340682e+01
6.858747408331144868e+01
6.866033389629681949e+01
6.859936700557372546e+01
6.874121583100145472e+01
6.860464379205033936e+01
6.856202883623429045e+01
6.874383881157154974e+01
6.872156000469179560e+01
6.869909188763251962e+01
6.850780532226184505e+01
6.853157272675802858e+01
6.867146769649551175e+01
6.875020621347981375e+01
6.877552163107924343e+01
6.889319802586318531e+01
6.895706938601244929e+01
6.880321374428895354e+01
6.882442991370295715e+01
6.888919729559435723e+01
6.872708924558895660e+01
6.882843727587764704e+01
6.868609509040840067e+01
6.905933082022059466e+01
6.907907329095681348e+01
6.888632392506752922e+01
6.878396360714877744e+01
6.908533034014645580e+01
6.892152589987425415e+01
6.884853138553538088e+01
6.893007950272793494e+01
6.889944676428106618e+01
6.892229985986250540e+01
6.894134329252602811e+01
6.904928713380583361e+01
6.905899522943148838e+01
6.911301735498926746e+01
6.913320309692062438e+01
6.903200434152671505e+01
6.874212006200976077e+01
6.863301679315277681e+01
6.863359159763982120e+01
6.869520823963006251e+01
6.865006329881148872e+01
6.877130711443936661e+01
6.905373213013375278e+01
6.915281659560143623e+01
6.929085965492791388e+01
6.926449250315019412e+01
6.930209131850085669e+01
6.911506564909149120e+01
6.905484200229554403e+01
6.897375057224579109e+01
6.889955433645461369e+01
6.893782522353235720e+01
6.898146285528869726e+01
6.929882571876740371e+01
6.897980887663058525e+01
6.907483077926438853e+01
6.897075892300696864e+01
6.908917369418263377e+01
6.904765153413046619e+01
6.906064380014640847e+01
6.895627996884648780e+01
6.874317227615782144e+01
6.862395415210066574e+01
6.871227833804623231e+01
6.846387242230991887e+01
6.853800449041904130e+01
6.870807076232276245e+01
6.888790582840864829e+01
6.861754132003919437e+01
6.872116806709327363e+01
6.857086028599891847e+01
6.848591217506765361e+01
6.847380667014439837e+01
6.864964849229841093e+01
6.848766712959776726e+01
6.845401377859222691e+01
6.845622364785371872e+01
6.835969765577976887e+01
6.873729706215472390e+01
6.877960928206198332e+01
6.877001326943276638e+01
6.870041435310766076e+01
6.855867416743492981e+01
6.846705211456048801e+01
6.856503091730586164e+01
6.883782081611714432e+01
6.857178305285415831e+01
6.860866884146594202e+01
6.908274123521540844e+01
6.889609952020393280e+01
6.889642306513360381e+01
6.875929169979121980e+01
6.896810990043721290e+01
6.878031936823667536e+01
6.875221830796509437e+01
6.849343658001829738e+01
6.842854736749575295e+01
6.869908292504975122e+01
6.868689069230252642e+01
6.840351770567798440e+01
6.835854417474422462e+01
6.865059065426025597e+01
6.869049005493690174e+01
6.872958874886622027e+01
6.855601546576740191e+01
6.854066852344764982e+01
6.848918407918269224e+01
6.849187386292784652e+01
6.837697755030721680e+01
6.821687907768362891e+01
6.829852599542785185e+01
6.828888916340926585e+01
6.826675180843018609e+01
6.844502000355133475e+01
6.877538367931981611e+01
6.883431210802255862e+01
6.874978790812942009e+01
6.881008041578164125e+01
6.869438442817337886e+01
6.870160520994383546e+01
6.869904342067579250e+01
6.861063067697405415e+01
6.857721586849598339e+01
6.847415300737868904e+01
6.845894100464114729e+01
6.863170471736638945e+01
6.858445173419097785e+01
6.857830284719351255e+01
6.855263037776938972e+01
6.850830116609392917e+01
6.833366543285204386e+01
6.847918081892282771e+01
6.854394222694865846e+01
6.852742614487557660e+01
6.835517156660812077e+01
6.834130441643453935e+01
6.849804079116039190e+01
6.846724666289955508e+01
6.832588369967065489e+01
6.830259940154974174e+01
6.826286841600875732e+01
6.832282600287381058e+01
6.853653320884134814e+01
6.853342611276551111e+01
6.853144911868885458e+01
6.818387788111287762e+01
6.815033374340237060e+01
6.846157145638002817e+01
6.848962382140646810e+01
6.831813712199384270e+01
6.851868109551575969e+01
6.851462927651968471e+01
6.848694607618412533e+01
6.832252755818568346e+01
6.849591411867409363e+01
6.829934496121920517e+01
6.821026505432607223e+01
6.785254147016328830e+01
6.791562437681633924e+01
6.793318979478381436e+01
6.789645474557210036e+01
6.794362673790270435e+01
6.814901087733908014e+01
6.827744326751317772e+01
6.813302610489186861e+01
6.801396806969292186e+01
6.812462112464160668e+01
6.808576871292328292e+01
6.788683992174536286e+01
6.789579973198722485e+01
6.790808354041415384e+01
6.775358486862739937e+01
6.791293998852955838e+01
6.793055609569333342e+01
6.792429133036813482e+01
6.804951158454034044e+01
6.788617134336398351e+01
6.768376013325136853e+01
6.783627712969732215e+01
6.788237110501128768e+01
6.752142839217299297e+01
6.749777818119277129e+01
6.767437546961194528e+01
6.747652033577891473e+01
6.758431665481887762e+01
6.752905616704919112e+01
6.756616388737708689e+01
6.773163227603289727e+01
6.776092602349498861e+01
6.783596883173754577e+01
6.800036873737118981e+01
6.816850677703642702e+01
6.812413817916838354e+01
6.817342865364244631e+01
6.832713233578517986e+01
6.833071803589201920e+01
6.813749176664819629e+01
6.825271372039884454e+01
6.814020356091756980e+01
6.819136204058386852e+01
6.816461569498972040e+01
6.800898505749751166e+01
6.817160792581448447e+01
6.838512515650185719e+01
6.837481708438849637e+01
6.838634008969054889e+01
6.838441047569011744e+01
6.829875090978103458e+01
6.816849381180094269e+01
6.820426374175337969e+01
6.815800918969233635e+01
6.833757206306088960e+01
6.814372271975297224e+01
6.812551318955473789e+01
6.809131392201514643e+01
6.811560235500955685e+01
6.813669646164646565e+01
6.814786440259473466e+01
6.828198139172285153e+01
6.829081080952855132e+01
6.827075613401996179e+01
6.809260841904415429e+01
6.790824816517292106e+01
6.788249368253167404e+01
6.785578830585892263e+01
6.788776297388483272e+01
6.760093490712118580e+01
6.763409134864657801e+01
6.758575331284198739e+01
6.775733185517378843e+01
6.776753655602551873e+01
6.774246872327975666e+01
6.769240174646144226e+01
6.768360118987105523e+01
6.784131611991128352e+01
