nan
nan
nan
nan
2.807922390838357263e+00
5.412099206924221306e+00
6.662103322943266903e+00
7.532825069406085206e+00
8.967802010376912492e+00
9.872999360599116869e+00
1.077143394850703295e+01
1.153369180026465557e+01
1.222371546945525900e+01
1.290097592027883522e+01
1.372889032943931831e+01
1.439289523503027191e+01
1.499921346737403205e+01
1.561159399771075051e+01
1.612751262848089695e+01
1.675096951891852370e+01
1.728986300404789134e+01
1.783395427960966018e+01
1.840490990281952222e+01
1.890052274743869987e+01
1.944777720547151389e+01
1.989896360203163184e+01
2.048454234721208422e+01
2.095266474495362630e+01
2.139321613371587816e+01
2.183568962286650361e+01
2.231417171443721159e+01
2.278561970418743954e+01
2.326981907747160250e+01
2.369187750701502182e+01
2.412083279086812126e+01
2.449027576073137524e+01
2.495589564142760253e+01
2.539663180437431933e+01
2.578163396076643821e+01
2.617312003914285157e+01
2.645479261396027937e+01
2.688328917014378305e+01
2.731344711697690641e+01
2.773531584109149151e+01
2.807358696707788326e+01
2.833771243732093481e+01
2.873731816360781721e+01
2.915212777926944909e+01
2.949311666221481687e+01
2.983115609000176249e+01
3.013837833103971420e+01
3.045869684902575969e+01
3.074745778596357226e+01
3.099932720032986566e+01
3.129447416062867404e+01
3.161111575078433944e+01
3.182802163496646486e+01
3.214155500820601929e+01
3.240713770334475896e+01
3.266616390391995139e+01
3.288188927334749678e+01
3.314425577953780788e+01
3.342169836147603235e+01
3.375712976271049115e+01
3.397702262105674720e+01
3.423881841718897334e+01
3.441621481659903736e+01
3.466675233585630167e+01
3.496433283973428274e+01
3.527867409954536271e+01
3.546059706187624982e+01
3.568612773917217140e+01
3.587602940243308325e+01
3.610248807970846485e+01
3.631312099094345314e+01
3.647910898450982131e+01
3.664055592351896706e+01
3.680475918223969245e+01
3.699716298234407930e+01
3.717712160678737376e+01
3.729654072809482557e+01
3.744888913871459124e+01
3.757909580277026151e+01
3.778999232615090875e+01
3.798236338070843487e+01
3.810748448907570918e+01
3.822724022007497524e+01
3.836558185877608196e+01
3.849493072156129614e+01
3.867848554347027346e+01
3.879321534065792321e+01
3.890302758612777723e+01
3.893736889997540374e+01
3.902728551681531854e+01
3.911386639895116701e+01
3.922980495933285994e+01
3.935111441817102929e+01
3.946049121898879974e+01
3.952007369854904795e+01
3.960486880633839490e+01
3.963474907514112999e+01
3.971194645376746024e+01
3.981099994065198189e+01
3.988866853554414149e+01
3.995567062499615218e+01
4.000205735613004521e+01
4.006658978245771152e+01
4.012135941731944655e+01
4.016267822660032039e+01
4.019775686442260110e+01
4.022135736100543824e+01
4.019187417611333046e+01
4.026524992251219714e+01
4.028468386311023863e+01
4.037022942335457287e+01
4.039409566495614712e+01
4.033537486556571139e+01
4.033020510730454333e+01
4.036779609120093681e+01
4.047859654848782895e+01
4.058042046873181619e+01
4.053903318409351186e+01
4.048932846470295033e+01
4.045121717484150992e+01
4.045082112380696771e+01
4.058337042887402646e+01
4.059777977958619744e+01
4.059736453373977128e+01
4.055454229693450685e+01
4.049157741535653798e+01
4.051356870766001350e+01
4.054269710262923354e+01
4.056376933215139502e+01
4.062910376723162642e+01
4.060519606188437791e+01
4.052317329165406790e+01
4.054318123037632660e+01
4.057791926527861648e+01
4.057348591981268271e+01
4.062495605157745615e+01
4.060183872809053440e+01
4.061878815240159213e+01
4.067548752606793983e+01
4.068705538922098697e+01
4.066925831388052615e+01
4.075334590169957494e+01
4.079369851122136481e+01
4.081686153997643629e+01
4.085067327381056401e+01
4.091142568147341763e+01
4.097551423064449949e+01
4.092003196330737325e+01
4.091978506075475508e+01
4.093454735332932160e+01
4.095982662593069534e+01
4.100802350606100077e+01
4.098967756366477744e+01
4.098045613734226578e+01
4.096385001130730785e+01
4.096753292984482897e+01
4.104177947188930631e+01
4.102950973368734111e+01
4.101350253216124742e+01
4.094460464018477097e+01
4.089861903810285071e+01
4.084787156896371840e+01
4.086814129624617209e+01
4.083867326301011502e+01
4.077368399959868128e+01
4.075394615036362467e+01
4.069523601136877744e+01
4.065409286661162014e+01
4.066531379055973616e+01
4.058018296588579688e+01
4.060017430931433324e+01
4.058914889258431913e+01
4.056931694685377465e+01
4.059267596839443115e+01
4.054440902515901257e+01
4.055514607683569039e+01
4.055141608827729982e+01
4.053844383898098158e+01
4.057962990537254910e+01
4.054393023765607751e+01
4.052432193786565762e+01
4.055677446656106611e+01
4.053754078387358817e+01
4.053239148712549422e+01
4.051483180462567901e+01
4.050097532583200177e+01
4.047165183641624964e+01
4.045756953284035262e+01
4.041636092689925164e+01
4.035261195724336147e+01
4.029792446066919354e+01
4.031995536360350485e+01
4.032845520816107410e+01
4.030168884978318289e+01
4.023755848659636314e+01
4.020333128196742223e+01
4.020514478744876641e+01
4.016908266595184074e+01
4.016010024629038355e+01
4.012079160104013198e+01
4.011152784830684936e+01
4.010165308858193356e+01
4.005676760205244591e+01
4.000768068224703455e+01
4.002943837782645886e+01
3.997085031278041356e+01
3.998118434108663166e+01
3.992624128788921212e+01
3.997772519436565375e+01
3.994010897612945143e+01
3.994669345920322456e+01
3.996970085493629909e+01
3.997860520434336706e+01
4.006827134995498341e+01
4.004904908127347340e+01
4.004801125360101821e+01
4.011237704002373761e+01
4.008245056148697216e+01
4.019092750502584011e+01
4.022313511032978539e+01
4.023352474019927172e+01
4.015107521131105983e+01
4.016259489907741909e+01
4.018493411866823806e+01
4.022230051132576278e+01
4.018494296649687669e+01
4.015268982996834524e+01
4.010188430165407425e+01
4.002363222376433072e+01
3.999972273161794334e+01
3.996835542101548100e+01
3.989763133617110213e+01
3.988714586546317520e+01
3.981255735366946169e+01
3.983324683009745115e+01
3.979247466674524958e+01
3.981318440437019746e+01
3.980462996612786242e+01
3.974868098392149562e+01
3.981286674473778930e+01
3.978839989302200308e+01
3.979541915592960777e+01
3.978565192022236374e+01
3.980023463293088781e+01
3.984393580369153653e+01
3.987715066036656708e+01
3.988912311953724554e+01
3.983728185963354917e+01
3.985777945891903329e+01
3.988946225634295217e+01
3.996885252334195116e+01
3.993505966871762780e+01
3.989605432452511735e+01
3.992216335791624005e+01
3.994373321406012423e+01
3.991915736125179848e+01
3.992529591086705665e+01
3.996034483850197461e+01
3.993253529818420589e+01
3.994487435686389176e+01
3.996147520409284937e+01
3.997467486153586691e+01
3.996342991113201748e+01
4.002217723009228934e+01
4.001643269103385592e+01
4.005878263836818576e+01
4.010052838832173450e+01
4.010793499584990940e+01
4.010695194313469614e+01
4.011397374325148490e+01
4.012282316857540110e+01
4.012138734787109939e+01
4.012417613006964245e+01
4.008500949369251742e+01
4.008467216828665158e+01
4.013802959457547104e+01
4.015299351194457245e+01
4.009652463115574506e+01
4.002478745614345002e+01
4.007728072402758102e+01
4.004646837198698961e+01
4.008020082597324318e+01
4.008523786137146772e+01
4.000153767000507088e+01
4.000155903687114289e+01
3.996180111229847398e+01
3.999371820096202867e+01
3.999989126883593826e+01
3.992987041062470155e+01
3.994788087126759990e+01
3.994683018415368991e+01
3.988099834340774663e+01
3.984451879277161623e+01
3.981985751193519718e+01
3.982223678413792811e+01
3.975197207011826350e+01
3.977846883517749177e+01
3.975111296686571905e+01
3.965380573407186660e+01
3.963331305715711039e+01
3.959775793039300140e+01
3.958100049165336998e+01
3.959732414629885255e+01
3.956530799792562902e+01
3.951126104995373822e+01
3.945411442652802947e+01
3.942664151870794598e+01
3.944017538394059841e+01
3.939049893583474926e+01
3.939179213918423983e+01
3.935294828280517976e+01
3.940619681590509060e+01
3.945067091163505069e+01
3.942070676065095114e+01
3.942841445815324164e+01
3.947008254756334367e+01
3.947491575698618504e+01
3.949261325891112762e+01
3.951741094543383070e+01
3.946407522230996534e+01
3.940769064167120206e+01
3.945910101442689921e+01
3.941356723711805898e+01
3.940634525413308609e+01
3.934682041903243288e+01
3.927531767001183027e+01
3.923195065318775931e+01
3.919122224981488500e+01
3.919027988130392259e+01
3.916795213239691975e+01
3.910581809390473040e+01
3.910870343804634786e+01
3.909377770190122448e+01
3.904010323044230546e+01
3.904915812732389924e+01
3.901764753851060163e+01
3.897344483136377136e+01
3.897000932226230674e+01
3.894726231119806670e+01
3.889712582125480367e+01
3.892423899884900607e+01
3.898726808856463322e+01
3.901698320879244619e+01
3.902874436890120791e+01
3.905509614146723862e+01
3.908500590359017224e+01
3.911109041404058217e+01
3.914437880014584437e+01
3.919981132664143075e+01
3.917851802078039469e+01
3.922302064179407211e+01
3.918048038604956673e+01
3.927223750240228384e+01
3.923796108783945868e+01
3.918369266491134084e+01
3.911752253110778099e+01
3.908890414793222590e+01
3.907211609720549461e+01
3.907019144939238231e+01
3.903171904969439510e+01
3.899277570891035793e+01
3.895906380275833669e+01
3.895113816233102710e+01
3.900922234323610382e+01
3.893065427269797141e+01
3.890176176357384463e+01
3.890155480476290961e+01
3.900411374162966638e+01
3.894663945935003113e+01
3.902098202541534988e+01
3.899902239416848460e+01
3.906903621072112998e+01
3.905975682950968064e+01
3.908884124633183177e+01
3.912703678141102159e+01
3.913619485391809150e+01
3.909848384975939695e+01
3.915372731047213506e+01
3.912280994264082778e+01
3.922547955256465713e+01
3.922654813821694830e+01
3.926093384565197653e+01
3.922056736685041045e+01
3.917099721498934173e+01
3.917953085706577099e+01
3.923287477434392656e+01
3.918554407355088642e+01
3.918361119234350554e+01
3.913025551916513223e+01
3.917324803456279625e+01
3.920391032738332626e+01
3.913607814545271424e+01
3.905473961562251617e+01
3.895951551327117812e+01
3.894118054271006457e+01
3.890858740963631845e+01
3.898323614620420585e+01
3.893085508866256816e+01
3.887422329216322936e+01
3.884727597178616776e+01
3.894805661607265534e+01
3.891800623093718059e+01
3.888346038805016747e+01
3.888450624906548825e+01
3.892630892267112586e+01
3.893604724924966121e+01
3.899038830891466745e+01
3.898639729496701278e+01
3.899794310152529420e+01
3.897453071403583635e+01
3.907915699525739228e+01
3.908327240596804586e+01
3.905383407392938011e+01
3.903911523733250988e+01
3.905277374922982858e+01
3.913880424632557009e+01
3.919181747400718052e+01
3.927049357620774828e+01
3.926065620173968540e+01
3.920634550810971319e+01
3.921395997203025985e+01
3.930539262487204155e+01
3.935329701211568221e+01
3.940911950187517476e+01
3.942162152055646374e+01
3.937410218703406173e+01
3.946346432790198122e+01
3.949821400850466091e+01
3.953411971515441792e+01
3.955449729305772166e+01
3.957342123234472098e+01
3.962557564077508232e+01
3.967380891202829929e+01
3.967075569389601242e+01
3.971136695254438820e+01
3.976276374238529598e+01
3.974408141160187569e+01
3.977075903513607358e+01
3.980536642116413759e+01
3.989616483998452168e+01
3.993079171432484031e+01
3.999701982424013380e+01
3.999467065527441889e+01
3.997733565554382551e+01
4.000901658833818431e+01
4.006501641508129552e+01
4.009541216076182479e+01
4.017242991871581381e+01
4.013369992003900677e+01
4.015017649800644506e+01
4.016563388680297209e+01
4.025873580340395819e+01
4.040854577785081858e+01
4.039579305111366381e+01
4.039918743678259005e+01
4.039425825334366493e+01
4.046419117103293672e+01
4.056764142252622207e+01
4.063619656980404926e+01
4.062916741549218358e+01
4.059922906055064828e+01
4.059312059376448900e+01
4.070105152171210960e+01
4.076106666269888734e+01
4.076810295664711958e+01
4.077392506328151001e+01
4.079514136985388717e+01
4.088108529937392888e+01
4.089785839233032760e+01
4.091482650000416754e+01
4.092217298709780948e+01
4.103978926369565272e+01
4.106977984770282575e+01
4.110281639961705480e+01
4.112598963237520877e+01
4.114927869934144411e+01
4.123022969869460752e+01
4.127509911844412471e+01
4.130228435470853299e+01
4.136273092565013343e+01
4.141045725759738616e+01
4.144063775180479325e+01
4.147595846438196077e+01
4.152002485121463593e+01
4.156864837235298893e+01
4.161060273432776313e+01
4.159205407038794533e+01
4.154978944606681068e+01
4.162278748940070727e+01
4.167348586766734542e+01
4.174206204013223953e+01
4.175539919623992802e+01
4.176451612754333098e+01
4.167333233167055795e+01
4.167462896556037322e+01
4.168796361899018166e+01
4.175776504384761267e+01
4.165736325853629296e+01
4.163028190491214531e+01
4.150324740655187838e+01
4.151537018801805345e+01
4.155324495906256033e+01
4.149066057675251074e+01
4.146022535091879746e+01
4.138354360031011936e+01
4.136516139338900899e+01
4.137310743405767255e+01
4.132822652751040238e+01
4.128609493718212065e+01
4.123271219880836469e+01
4.115316258349404421e+01
4.106847630901923196e+01
4.106703216416743629e+01
4.102255201338186197e+01
4.094164165338686701e+01
4.088177594179541785e+01
4.078803691373885698e+01
4.077919414055860869e+01
4.077810769940793989e+01
4.074220665914137385e+01
4.069455159263009847e+01
4.068446607970845008e+01
4.061012826632160966e+01
4.056487510533516172e+01
4.055092157735082736e+01
4.052731589304044491e+01
4.055463584125685372e+01
4.054704860761585650e+01
4.049550881851020279e+01
4.039782698173059572e+01
4.036084006835024951e+01
4.033901004329320727e+01
4.035413012295160939e+01
4.026554009794310218e+01
4.028717802937567427e+01
4.025528753245978208e+01
4.027966256220562258e+01
4.022758627310123103e+01
4.025004706077773875e+01
4.022936125640079297e+01
4.022602408484274150e+01
4.022655713451069914e+01
4.026834334022455408e+01
4.029226169008383351e+01
4.028578299422694897e+01
4.013815790651409543e+01
4.015495894864672977e+01
4.015879650891852037e+01
4.014775884420858176e+01
4.020300620140169201e+01
4.020169024235439537e+01
4.021275148527698207e+01
4.022066187278119997e+01
4.022458429076017694e+01
4.028966413130730473e+01
4.032181705337689692e+01
4.033828224084358283e+01
4.034726287327712413e+01
4.038443792174715696e+01
4.038527209919432437e+01
4.043015891458534838e+01
4.041819735448853379e+01
4.042560544820678103e+01
4.050927700039747492e+01
4.053203424604763683e+01
4.051382956509364419e+01
4.045059360915588087e+01
4.046304930087922713e+01
4.052550671101178636e+01
4.060151939477001548e+01
4.060826705134209647e+01
4.052494707444500222e+01
4.050674071992661851e+01
4.052257420394811760e+01
4.052702879596345298e+01
4.058501483815126676e+01
4.054411968413926814e+01
4.052370445130701881e+01
4.046538786726312509e+01
4.037689251435569560e+01
4.038854379954162965e+01
4.044271082983733123e+01
4.050417626167028118e+01
4.050376705802339217e+01
4.049899065984031665e+01
4.053537184297775298e+01
4.056889248370173107e+01
4.055124930843314246e+01
4.062697228069018252e+01
4.066118297012582872e+01
4.067197334693445043e+01
4.067583185270601120e+01
4.070842683865569001e+01
4.073301337687814083e+01
4.078251497803739767e+01
4.075006870150858163e+01
4.075473846559679458e+01
4.078584872974204245e+01
4.081152956420603317e+01
4.087744970378771114e+01
4.093681584381487681e+01
4.092091981950714796e+01
4.090388240369031791e+01
4.092269249975006318e+01
4.093912283222896775e+01
4.098040492048423289e+01
4.098963734217507948e+01
4.092201533825149795e+01
4.088066697378987868e+01
4.089744264512236782e+01
4.092273209008509838e+01
4.095451350831343262e+01
4.093699857424006439e+01
4.091452972425806678e+01
4.087069009918933205e+01
4.091786348479620727e+01
4.090786697712051989e+01
4.090891065513985581e+01
4.094993065844526114e+01
4.096385595973605831e+01
4.094752118866181689e+01
4.094006986421663896e+01
4.094894325178564998e+01
4.094732248307184364e+01
4.090087005944300103e+01
4.093680810451835583e+01
4.090651278183495521e+01
4.090338975453710191e+01
4.084219153048353945e+01
4.083843267093396179e+01
4.075200065889072221e+01
4.079012103340050999e+01
4.081505491004450192e+01
4.077270202924975706e+01
4.083767814439092092e+01
4.081779070752709515e+01
4.082093827017715881e+01
4.078211878053653550e+01
4.086554148845040402e+01
4.086459115193110136e+01
4.094198333415459246e+01
4.088732869731292396e+01
4.091666064353879051e+01
4.087663106889812781e+01
4.091498578831226496e+01
4.092555356892824392e+01
4.094447725135141525e+01
4.091069103280332797e+01
4.087541366416115807e+01
4.087472976310164796e+01
4.092933024686622190e+01
4.093607841603653696e+01
4.089974650201601492e+01
4.086108443291389136e+01
4.084722840138880429e+01
4.082138293107460925e+01
4.073937228532635402e+01
4.076995859075735495e+01
4.076925087856271546e+01
4.070314763258359392e+01
4.078285283552511942e+01
4.079410972452560458e+01
4.078146692689251296e+01
4.075160815652543533e+01
4.079433487458481977e+01
4.076618511815621559e+01
4.072605817459682243e+01
4.072102456193881892e+01
4.073971117877319159e+01
4.072701544392759132e+01
4.066094436988375094e+01
4.056524389001151576e+01
4.062189469262631292e+01
4.059378140577305771e+01
4.052922569885839010e+01
4.053945313293966990e+01
4.052594870901983626e+01
4.054122871296910802e+01
4.050991440617682571e+01
4.047594398280824635e+01
4.046456849982938309e+01
4.046564062232790349e+01
4.048710192871696734e+01
4.045726651799726881e+01
4.042617533190321666e+01
4.041494761077494502e+01
4.042264546477336040e+01
4.037847832607322829e+01
4.039725845406186266e+01
4.029645920511863011e+01
4.021961529012681780e+01
4.027509990390896633e+01
4.023691838930292164e+01
4.023121513591511444e+01
4.016019919771988356e+01
4.013215744778708682e+01
4.008128299747936296e+01
4.012534657637809232e+01
4.011717925910728866e+01
4.005177162220447684e+01
4.001791464307664370e+01
4.006749414041167512e+01
4.001099359416519974e+01
3.995176556286853753e+01
3.996535964269695285e+01
3.996755525334091175e+01
4.003650484026320555e+01
4.004109288850014536e+01
3.998226171868682144e+01
3.992916381406661941e+01
4.000146056201835876e+01
3.999931491491746272e+01
4.000583542698810646e+01
3.999740377753958143e+01
4.004428712812075020e+01
4.009534004273212560e+01
4.012953837294040937e+01
4.017667970523744003e+01
4.029062517040681257e+01
4.035816052225480632e+01
4.042139506681603223e+01
4.053197408926465783e+01
4.060080741678834926e+01
4.068643641841265435e+01
4.073475281983782281e+01
4.075793690117262713e+01
4.085462177388165372e+01
4.087673363613971844e+01
4.093230727651688738e+01
4.099489192502217350e+01
4.117528670628625775e+01
4.118788513144681218e+01
4.124167897577269315e+01
4.127083340101557951e+01
4.130195013598451936e+01
4.139224454355115768e+01
4.141801777101377979e+01
4.143181403848842592e+01
4.144040882612470966e+01
4.148595750422604311e+01
4.141593461954773403e+01
4.141445815499920968e+01
4.144417780943309992e+01
4.147024861720491629e+01
4.147021458123998627e+01
4.147748997400091753e+01
4.140643193494295105e+01
4.142403445881927837e+01
4.135797897897557363e+01
4.140078604679727903e+01
4.142106837705224365e+01
4.138818169961737681e+01
4.128558466258395043e+01
4.124617390109073511e+01
4.127070725603633150e+01
4.126466263687267855e+01
4.125306980552150549e+01
4.116972044637961403e+01
4.106729155274870635e+01
4.106473306221501218e+01
4.103990012861969916e+01
4.105678959747298506e+01
4.100814509507992511e+01
4.088602904690878148e+01
4.081706755528372099e+01
4.082868167960302230e+01
4.087873727392890544e+01
4.085311623829300487e+01
4.083718040814802919e+01
4.080713111747914468e+01
4.080313837469982019e+01
4.074634434860155352e+01
4.068204988807988798e+01
4.075933983640287295e+01
4.077169158605583021e+01
4.068703562036756693e+01
4.064414667165004147e+01
4.060723365443502786e+01
4.063786671474285583e+01
4.069533129638990943e+01
4.063571226048451024e+01
4.065012888628450582e+01
4.056838395163945421e+01
4.063539668000066030e+01
4.064717071073319943e+01
4.072581476150789825e+01
4.069418677251903205e+01
4.064672112290251960e+01
4.072202621782359699e+01
4.069524835392715545e+01
4.074495031649622234e+01
4.073560061365110840e+01
4.077734089745954549e+01
4.080157601232578912e+01
4.083374861224243091e+01
4.079280315942661872e+01
4.087631860548906104e+01
4.090100322820223511e+01
4.098860263239348001e+01
4.102165263984117161e+01
4.101576727597593219e+01
4.103935703223647380e+01
4.109051310236689858e+01
4.113672539574406528e+01
4.115364984051507946e+01
4.110122651142216199e+01
4.120669358526579629e+01
4.119578000845480403e+01
4.125914231375812591e+01
4.126293278321714553e+01
4.123388299813699120e+01
4.127678181450823303e+01
4.129803819832298473e+01
4.136172182169595857e+01
4.131791137467995867e+01
4.132814735544453555e+01
4.133941218917111371e+01
4.133078153884073203e+01
4.132101467414276641e+01
4.125485481568558299e+01
4.124035445207695005e+01
4.120259859972244953e+01
4.122215347142733322e+01
4.119230097082763109e+01
4.113367556395641600e+01
4.108778658452680332e+01
4.104904632755363281e+01
4.110770192236287812e+01
4.110606316534970262e+01
4.108660781686329244e+01
4.100742265636076667e+01
4.103686363594250253e+01
4.107606462265511738e+01
4.114047291226697922e+01
4.113925343144467206e+01
4.111776988967786650e+01
4.112094725108581628e+01
4.118795764502243628e+01
4.125594801497500441e+01
4.132033320405745513e+01
4.129789366621720603e+01
4.134611682235133401e+01
4.133654467828747414e+01
4.141271110080931805e+01
4.144207263492044291e+01
4.150626626973283351e+01
4.155993730000412256e+01
4.158615090399450764e+01
4.163633409484295811e+01
4.169428147103371884e+01
4.171042000569135411e+01
4.177431587839265603e+01
4.181584643948793456e+01
4.180621517963434286e+01
4.185935322443670970e+01
4.185289388480838113e+01
4.191516785841636050e+01
4.194350487017494089e+01
4.197064439538220881e+01
4.209728104122735459e+01
4.208166649662987879e+01
4.211398279504923181e+01
4.219592381841675177e+01
4.225377463622763941e+01
4.227004572634216117e+01
4.235061919676363118e+01
4.234503790878949303e+01
4.237875890757319297e+01
4.241359427582807484e+01
4.246510648803488408e+01
4.246504023797236727e+01
4.239988789946423253e+01
4.243886089186870691e+01
4.247399730040609711e+01
4.250764326860009135e+01
4.251117267635552111e+01
4.253633849250728360e+01
4.253237294500650023e+01
4.253023005758242903e+01
4.255436205690921270e+01
4.259098612354228663e+01
4.268089643212441331e+01
4.270972807495530787e+01
4.273275619294097538e+01
4.273423848160675931e+01
4.282287435904279960e+01
4.291963860498378835e+01
4.300740526752294812e+01
4.300982828711347850e+01
4.304737605119332500e+01
4.317403623388631928e+01
4.321557923989001893e+01
4.326930783419822291e+01
4.334178713559586527e+01
4.339335861696888941e+01
4.336908085648999389e+01
4.337975040071567889e+01
4.346332595551631073e+01
4.354102086472348532e+01
4.355734138789456011e+01
4.363130729495815530e+01
4.360198862050123125e+01
4.366443412494496812e+01
4.372410453562594768e+01
4.373127417740640510e+01
4.376629444325077145e+01
4.368562388532411234e+01
4.369031501839319276e+01
4.368294441195222788e+01
4.373754229680513816e+01
4.372675909522006776e+01
4.372007207744404411e+01
4.368423253234155368e+01
4.364858755393564138e+01
4.362572988393782225e+01
4.365556136946405985e+01
4.364928138372315658e+01
4.363540094118578594e+01
4.359245516345919214e+01
4.351489553075403194e+01
4.351463994991802764e+01
4.347852618696751392e+01
4.347444708902230559e+01
4.349045433141303363e+01
4.353642883557829890e+01
4.353846996297254890e+01
4.352337125658893058e+01
4.356431541788334982e+01
4.354214702194158804e+01
4.356078836964373124e+01
4.355949498049096036e+01
4.353311488863089807e+01
4.357103006094084918e+01
4.352411256594127309e+01
4.347381533202636206e+01
4.348372303061442068e+01
4.353510081607165461e+01
4.352089451889383298e+01
4.349350892769950860e+01
4.354346385807767206e+01
4.350171183299323729e+01
4.353222772725101919e+01
4.351800796307876595e+01
4.359224544259769374e+01
4.360049388716607410e+01
4.361127428617690782e+01
4.358848376086698551e+01
4.368887394675564195e+01
4.372780228116717893e+01
4.369001769681249669e+01
4.372928698402411385e+01
4.373454542073984896e+01
4.373528164047155542e+01
4.373335778538323382e+01
4.370334654537440855e+01
4.373203543060010645e+01
4.373263114231998827e+01
4.375118867731569594e+01
4.372529683220277263e+01
4.379153107885571927e+01
4.379173446884582432e+01
4.385196244717552361e+01
4.387117992014756140e+01
4.389714247969806138e+01
4.393507049742162707e+01
4.393863971786644385e+01
4.392847679397464589e+01
4.389882507178654691e+01
4.388906387665213771e+01
4.395763004308345501e+01
4.391940297027146300e+01
4.388452840381823705e+01
4.382979079098271313e+01
4.377475713945974434e+01
4.380083663827095819e+01
4.377409667171330909e+01
4.378400166934513749e+01
4.379976598006868471e+01
4.377148425166433299e+01
4.371352476983354762e+01
4.374582879308861294e+01
4.369408206492435909e+01
4.367911565202931001e+01
4.367278372850681478e+01
4.364348580018648249e+01
4.358316554979658974e+01
4.352824107056952840e+01
4.355097438810371102e+01
4.351846476811088138e+01
4.353905276228892518e+01
4.354546338454276366e+01
4.357245769042686590e+01
4.359408987897523247e+01
4.359555829919954562e+01
4.358838968380757706e+01
4.355505885979984981e+01
4.350307406175667779e+01
4.351058387234005664e+01
4.349171231627499878e+01
4.351303255387357183e+01
4.347162990634802782e+01
4.348777998294104208e+01
4.347778888588462820e+01
4.349785740307819282e+01
4.347960178410250620e+01
4.341650294817186051e+01
4.340039982901144811e+01
4.342724073315888944e+01
4.352384853584650415e+01
4.348810328863030605e+01
4.350328244846477332e+01
4.352560656108387604e+01
4.352054596260248331e+01
4.353032955374861501e+01
4.358175114461408128e+01
4.360791206437793477e+01
4.360032348690165804e+01
4.362140841723149975e+01
4.357420200012572309e+01
4.356323855498172293e+01
4.358146764508081361e+01
4.350172338952759787e+01
4.348542106877737012e+01
4.343265994309126654e+01
4.341340105712714603e+01
4.335901503173992211e+01
4.325050650559423104e+01
